0 1 23
0 2 83
0 3 95
0 4 102
0 5 40
0 6 46
0 7 30
0 8 59
0 9 11
0 10 146
1 2 133
1 3 49
1 4 60
1 5 54
1 6 127
1 7 151
1 8 90
1 9 133
1 20 100
2 3 25
2 4 153
2 5 53
2 6 125
2 7 145
2 8 107
2 9 88
2 30 114
3 4 134
3 5 116
3 6 11
3 7 53
3 8 155
3 9 37
3 40 145
4 5 111
4 6 33
4 7 143
4 8 20
4 9 15
4 50 141
5 6 62
5 7 45
5 8 131
5 9 63
5 60 28
6 70 27
6 7 70
6 8 84
6 9 102
7 8 24
7 9 84
7 80 85
8 9 20
8 90 109
9 100 73
10 11 14
10 12 49
10 13 140
10 14 118
10 15 73
10 16 115
10 17 23
10 18 19
10 19 66
11 12 126
11 13 147
11 14 72
11 15 120
11 16 47
11 17 56
11 18 23
11 19 30
11 21 60
12 13 125
12 14 95
12 15 95
12 16 104
12 17 155
12 18 78
12 19 66
12 31 146
13 41 62
13 14 88
13 15 38
13 16 121
13 17 13
13 18 16
13 19 141
14 51 91
14 15 10
14 16 154
14 17 66
14 18 98
14 19 44
15 16 37
15 17 142
15 18 112
15 19 155
15 61 143
16 71 153
16 17 130
16 18 44
16 19 102
17 81 87
17 18 51
17 19 52
18 19 27
18 91 136
19 101 62
20 21 100
20 22 143
20 23 76
20 24 120
20 25 147
20 26 21
20 27 90
20 28 52
20 29 130
21 22 79
21 23 64
21 24 13
21 25 127
21 26 11
21 27 135
21 28 67
21 29 107
22 32 46
22 23 137
22 24 77
22 25 86
22 26 99
22 27 122
22 28 113
22 29 53
23 42 20
23 24 126
23 25 113
23 26 50
23 27 77
23 28 36
23 29 20
24 25 47
24 26 134
24 27 113
24 28 139
24 29 76
24 52 146
25 26 95
25 27 36
25 28 103
25 29 41
25 62 58
26 72 91
26 27 116
26 28 99
26 29 136
27 82 144
27 28 94
27 29 106
28 92 95
28 29 78
29 102 120
30 32 29
30 33 115
30 34 114
30 35 51
30 36 150
30 37 141
30 38 59
30 39 16
30 31 91
31 32 122
31 33 63
31 34 80
31 35 42
31 36 90
31 37 95
31 38 76
31 39 110
32 33 36
32 34 40
32 35 95
32 36 50
32 37 118
32 38 134
32 39 16
33 34 40
33 35 144
33 36 25
33 37 15
33 38 103
33 39 102
33 43 97
34 35 110
34 36 85
34 37 84
34 38 103
34 39 137
34 53 63
35 36 20
35 37 64
35 38 68
35 39 67
35 63 101
36 37 99
36 38 143
36 39 137
36 73 50
37 38 117
37 39 31
37 83 125
38 39 17
38 93 76
39 103 10
40 41 24
40 42 12
40 43 62
40 44 101
40 45 15
40 46 93
40 47 26
40 48 36
40 49 51
41 42 155
41 43 81
41 44 106
41 45 103
41 46 24
41 47 37
41 48 29
41 49 118
42 43 132
42 44 18
42 45 72
42 46 123
42 47 56
42 48 58
42 49 12
43 44 21
43 45 72
43 46 79
43 47 37
43 48 107
43 49 133
44 45 94
44 46 38
44 47 54
44 48 45
44 49 65
44 54 39
45 64 72
45 46 35
45 47 151
45 48 37
45 49 55
46 47 152
46 48 120
46 49 155
46 74 43
47 48 84
47 49 90
47 84 36
48 49 67
48 94 89
49 104 153
50 51 63
50 52 146
50 53 97
50 54 62
50 55 90
50 56 68
50 57 149
50 58 16
50 59 60
51 52 101
51 53 145
51 54 44
51 55 94
51 56 150
51 57 71
51 58 106
51 59 16
52 53 40
52 54 40
52 55 99
52 56 117
52 57 94
52 58 36
52 59 68
53 54 149
53 55 63
53 56 147
53 57 153
53 58 147
53 59 153
54 55 86
54 56 24
54 57 45
54 58 107
54 59 107
55 65 126
55 56 136
55 57 116
55 58 133
55 59 114
56 75 13
56 57 53
56 58 61
56 59 82
57 58 35
57 59 126
57 85 33
58 59 78
58 95 148
59 105 152
60 64 32
60 65 22
60 66 54
60 67 55
60 68 120
60 69 56
60 61 45
60 62 127
60 63 58
61 64 62
61 65 117
61 66 36
61 67 74
61 68 45
61 69 74
61 62 52
61 63 134
62 64 95
62 65 110
62 66 112
62 67 109
62 68 134
62 69 84
62 63 31
63 64 73
63 65 120
63 66 20
63 67 58
63 68 60
63 69 110
64 65 115
64 66 63
64 67 93
64 68 117
64 69 124
65 66 32
65 67 34
65 68 55
65 69 121
66 67 111
66 68 87
66 69 68
66 76 99
67 68 138
67 69 83
67 86 121
68 69 14
68 96 146
69 106 33
70 71 22
70 72 40
70 73 20
70 74 98
70 75 152
70 76 18
70 77 61
70 78 151
70 79 111
71 72 125
71 73 29
71 74 76
71 75 106
71 76 101
71 77 61
71 78 137
71 79 37
72 73 20
72 74 93
72 75 92
72 76 14
72 77 64
72 78 117
72 79 62
73 74 10
73 75 26
73 76 110
73 77 151
73 78 57
73 79 81
74 75 80
74 76 23
74 77 45
74 78 147
74 79 37
75 76 100
75 77 87
75 78 148
75 79 43
76 77 152
76 78 154
76 79 119
77 78 21
77 79 151
77 87 70
78 97 62
78 79 35
79 107 121
80 81 77
80 82 104
80 83 51
80 84 110
80 85 76
80 86 29
80 87 134
80 88 64
80 89 55
81 82 70
81 83 109
81 84 23
81 85 89
81 86 115
81 87 134
81 88 78
81 89 44
82 83 98
82 84 34
82 85 66
82 86 81
82 87 100
82 88 148
82 89 102
83 84 78
83 85 23
83 86 53
83 87 35
83 88 15
83 89 96
84 85 28
84 86 140
84 87 103
84 88 79
84 89 20
85 86 52
85 87 43
85 88 79
85 89 112
86 87 12
86 88 55
86 89 35
87 88 45
87 89 76
88 98 67
88 89 29
89 108 63
90 96 129
90 97 128
90 98 149
90 99 50
90 91 134
90 92 141
90 93 119
90 94 154
90 95 128
91 96 26
91 97 33
91 98 58
91 99 29
91 92 108
91 93 83
91 94 145
91 95 88
92 96 102
92 97 21
92 98 115
92 99 25
92 93 133
92 94 34
92 95 47
93 96 34
93 97 18
93 98 148
93 99 155
93 94 106
93 95 107
94 96 106
94 97 113
94 98 113
94 99 11
94 95 100
95 96 132
95 97 76
95 98 78
95 99 27
96 97 35
96 98 21
96 99 52
97 98 96
97 99 155
98 99 137
99 109 129
100 101 11
100 102 32
100 103 16
100 104 56
100 105 49
100 106 105
100 107 63
100 108 75
100 109 15
101 102 106
101 103 67
101 104 103
101 105 90
101 106 97
101 107 100
101 108 136
101 109 87
102 103 27
102 104 89
102 105 155
102 106 63
102 107 15
102 108 36
102 109 137
103 104 97
103 105 115
103 106 27
103 107 84
103 108 78
103 109 36
104 100003 1450
104 105 75
104 106 27
104 107 12
104 108 27
104 109 122
105 100000 1450
105 100003 1450
105 106 51
105 107 102
105 108 138
105 109 141
106 100001 1450
106 100002 1450
106 107 63
106 108 122
106 109 81
107 100000 1450
107 108 125
107 109 108
107 100004 1450
108 100001 1450
108 109 62
109 100000 1450
109 100002 1450
109 100003 1450
109 100004 1450
-2 0 1450
-2 1 1450
-2 3 1450
-5 1 1450
-5 3 1450
-4 0 1450
-4 1 1450
-4 2 1450
-3 0 1450
-3 1 1450
-3 2 1450
-1 1 1450
-1 2 1450
