0 1 119
0 2 131
0 3 93
0 4 78
0 5 75
0 30 71
1 2 20
1 35 99
1 4 118
1 10 55
1 3 16
2 3 143
2 4 97
2 40 104
2 15 90
3 4 135
3 45 95
3 20 73
4 50 116
4 25 134
5 6 53
5 7 24
5 8 110
5 9 69
5 31 27
6 36 115
6 7 134
6 8 71
6 9 85
6 11 67
7 8 67
7 9 132
7 16 83
7 41 77
8 9 155
8 46 135
8 21 107
9 51 44
9 26 118
10 32 107
10 11 83
10 12 20
10 13 133
10 14 85
11 37 127
11 12 33
11 13 24
11 14 55
12 42 82
12 13 25
12 14 11
12 17 50
13 14 20
13 47 153
13 22 97
14 52 11
14 27 111
15 33 132
15 16 31
15 17 82
15 18 74
15 19 100
16 38 71
16 17 111
16 18 141
16 19 102
17 43 114
17 18 121
17 19 25
18 48 123
18 19 81
18 23 109
19 53 77
19 28 142
20 34 59
20 21 89
20 22 54
20 23 124
20 24 99
21 39 81
21 22 100
21 23 102
21 24 25
22 44 133
22 23 52
22 24 27
23 49 58
23 24 47
24 54 107
24 29 110
25 26 46
25 27 56
25 28 28
25 29 155
25 30 37
26 35 88
26 27 34
26 28 98
26 29 55
27 40 74
27 28 121
27 29 75
28 45 106
28 29 11
29 50 115
30 32 149
30 33 51
30 34 97
30 31 130
31 32 26
31 33 20
31 34 38
31 36 153
32 33 152
32 34 125
32 41 13
33 34 143
33 46 47
34 51 146
35 36 150
35 37 155
35 38 110
35 39 84
36 37 35
36 39 40
36 38 78
37 38 104
37 39 126
37 42 92
38 39 24
38 47 130
39 52 112
40 41 76
40 42 111
40 43 81
40 44 98
41 42 144
41 43 94
41 44 92
42 43 38
42 44 58
43 44 151
43 48 45
44 53 51
45 46 58
45 47 136
45 48 93
45 49 150
46 47 100
46 48 98
46 49 46
47 48 45
47 49 53
48 49 120
49 100001 1450
49 100002 1450
49 100004 1450
49 54 123
50 100000 1450
50 100001 1450
50 100002 1450
50 100003 1450
50 51 111
50 52 37
50 53 130
50 54 16
50 100004 1450
51 100000 1450
51 52 26
51 53 55
51 54 155
52 100000 1450
52 53 55
52 54 27
53 100002 1450
53 100003 1450
53 100004 1450
53 54 124
54 100001 1450
54 100003 1450
-2 1 1450
-2 5 1450
-5 0 1450
-5 2 1450
-5 5 1450
-4 1 1450
-4 5 1450
-3 0 1450
-3 2 1450
-3 5 1450
-1 0 1450
-1 1 1450
-1 5 1450
