0 1 82
0 2 152
0 3 59
0 4 135
0 5 60
0 6 82
0 7 63
0 8 27
0 9 17
0 10 111
0 11 89
0 12 56
0 13 59
0 14 82
0 15 68
0 16 33
0 17 126
0 18 154
0 19 58
0 20 49
1 2 68
1 3 77
1 4 57
1 5 66
1 6 62
1 7 43
1 8 142
1 9 85
1 10 46
1 11 87
1 12 90
1 13 141
1 14 132
1 15 47
1 16 66
1 17 64
1 18 39
1 19 39
1 40 26
2 3 110
2 4 103
2 5 93
2 6 136
2 7 60
2 8 153
2 9 82
2 10 67
2 11 104
2 12 141
2 13 154
2 14 18
2 15 76
2 16 118
2 17 37
2 18 87
2 19 41
2 60 93
3 4 129
3 5 148
3 6 152
3 7 54
3 8 99
3 9 74
3 10 40
3 11 58
3 12 31
3 13 145
3 14 110
3 15 148
3 16 62
3 17 130
3 18 32
3 19 29
3 80 134
4 100 154
4 5 42
4 6 65
4 7 103
4 8 107
4 9 45
4 10 68
4 11 62
4 12 145
4 13 79
4 14 83
4 15 24
4 16 22
4 17 126
4 18 70
4 19 97
5 6 96
5 7 123
5 8 81
5 9 44
5 10 124
5 11 118
5 12 101
5 13 38
5 14 46
5 15 99
5 16 73
5 17 49
5 18 97
5 19 87
5 120 15
6 7 41
6 8 104
6 9 139
6 10 63
6 11 150
6 12 116
6 13 57
6 14 50
6 15 117
6 16 20
6 17 22
6 18 86
6 19 10
6 140 150
7 8 71
7 9 81
7 10 128
7 11 21
7 12 90
7 13 33
7 14 105
7 15 134
7 16 75
7 17 98
7 18 53
7 19 133
7 160 63
8 9 20
8 10 99
8 11 71
8 12 90
8 13 66
8 14 153
8 15 100
8 16 19
8 17 14
8 18 89
8 19 18
8 180 74
9 10 60
9 11 108
9 12 32
9 13 144
9 14 68
9 15 100
9 16 77
9 17 102
9 18 41
9 19 52
9 200 98
10 11 40
10 12 16
10 13 48
10 14 78
10 15 73
10 16 20
10 17 28
10 18 78
10 19 70
10 220 40
11 240 73
11 12 79
11 13 72
11 14 44
11 15 95
11 16 61
11 17 48
11 18 83
11 19 95
12 13 72
12 14 150
12 15 62
12 16 68
12 17 41
12 18 10
12 19 30
12 260 136
13 14 59
13 15 68
13 16 52
13 17 24
13 18 142
13 19 55
13 280 65
14 15 128
14 16 110
14 17 97
14 18 150
14 19 133
14 300 100
15 16 64
15 17 110
15 18 117
15 19 74
15 320 17
16 17 41
16 18 12
16 19 136
16 340 30
17 360 67
17 18 134
17 19 132
18 19 58
18 380 37
19 400 146
20 32 91
20 33 57
20 34 130
20 35 33
20 36 49
20 37 132
20 38 48
20 39 151
20 21 154
20 22 152
20 23 98
20 24 63
20 25 57
20 26 105
20 27 68
20 28 120
20 29 83
20 30 100
20 31 148
21 32 54
21 33 103
21 34 50
21 35 15
21 36 35
21 37 18
21 38 86
21 39 150
21 41 100
21 22 132
21 23 129
21 24 63
21 25 20
21 26 46
21 27 131
21 28 71
21 29 133
21 30 90
21 31 144
22 32 111
22 33 63
22 34 65
22 35 17
22 36 118
22 37 128
22 38 126
22 39 54
22 61 105
22 23 138
22 24 76
22 25 25
22 26 59
22 27 73
22 28 26
22 29 98
22 30 50
22 31 101
23 32 137
23 33 79
23 34 23
23 35 63
23 36 59
23 37 111
23 38 81
23 39 30
23 81 27
23 24 87
23 25 55
23 26 38
23 27 92
23 28 79
23 29 153
23 30 44
23 31 136
24 32 35
24 33 31
24 34 99
24 35 136
24 36 103
24 37 31
24 38 129
24 39 79
24 101 77
24 25 26
24 26 76
24 27 135
24 28 13
24 29 151
24 30 64
24 31 134
25 32 135
25 33 37
25 34 95
25 35 98
25 36 60
25 37 57
25 38 42
25 39 68
25 121 79
25 26 128
25 27 19
25 28 133
25 29 141
25 30 19
25 31 33
26 32 53
26 33 60
26 34 151
26 35 57
26 36 24
26 37 114
26 38 145
26 39 61
26 141 88
26 27 142
26 28 32
26 29 124
26 30 117
26 31 128
27 32 97
27 33 95
27 34 58
27 35 144
27 36 106
27 37 16
27 38 81
27 39 14
27 161 35
27 28 153
27 29 146
27 30 11
27 31 11
28 32 15
28 33 93
28 34 78
28 35 75
28 36 84
28 37 108
28 38 142
28 39 11
28 181 96
28 29 99
28 30 120
28 31 104
29 32 33
29 33 76
29 34 77
29 35 152
29 36 46
29 37 32
29 38 98
29 39 128
29 201 59
29 30 133
29 31 112
30 32 127
30 33 88
30 34 15
30 35 63
30 36 151
30 37 109
30 38 146
30 39 11
30 221 36
30 31 143
31 32 16
31 33 62
31 34 106
31 35 155
31 36 147
31 37 60
31 38 112
31 39 46
31 241 51
32 33 82
32 34 89
32 35 137
32 36 86
32 37 21
32 38 99
32 39 129
32 261 20
33 34 130
33 35 93
33 36 151
33 37 33
33 38 88
33 39 45
33 281 141
34 35 150
34 36 84
34 37 148
34 38 85
34 39 83
34 301 140
35 36 102
35 37 41
35 38 126
35 39 119
35 321 72
36 37 48
36 38 152
36 39 74
36 341 128
37 38 104
37 39 112
37 361 42
38 39 57
38 381 141
39 401 76
40 41 60
40 42 17
40 43 120
40 44 114
40 45 116
40 46 147
40 47 105
40 48 140
40 49 17
40 50 21
40 51 91
40 52 85
40 53 76
40 54 123
40 55 149
40 56 23
40 57 148
40 58 58
40 59 83
41 42 123
41 43 16
41 44 129
41 45 148
41 46 15
41 47 79
41 48 80
41 49 41
41 50 93
41 51 106
41 52 104
41 53 22
41 54 108
41 55 45
41 56 102
41 57 80
41 58 147
41 59 13
42 43 116
42 44 84
42 45 143
42 46 87
42 47 94
42 48 70
42 49 133
42 50 134
42 51 133
42 52 63
42 53 45
42 54 71
42 55 115
42 56 136
42 57 140
42 58 119
42 59 116
42 62 91
43 82 12
43 44 46
43 45 83
43 46 62
43 47 155
43 48 41
43 49 125
43 50 86
43 51 134
43 52 89
43 53 126
43 54 138
43 55 126
43 56 129
43 57 67
43 58 83
43 59 149
44 102 127
44 45 126
44 46 51
44 47 52
44 48 148
44 49 30
44 50 47
44 51 88
44 52 140
44 53 54
44 54 84
44 55 82
44 56 18
44 57 79
44 58 29
44 59 26
45 46 123
45 47 60
45 48 133
45 49 122
45 50 49
45 51 37
45 52 59
45 53 20
45 54 78
45 55 101
45 56 132
45 57 121
45 58 66
45 59 120
45 122 66
46 142 13
46 47 106
46 48 120
46 49 135
46 50 119
46 51 105
46 52 31
46 53 35
46 54 30
46 55 120
46 56 78
46 57 145
46 58 103
46 59 47
47 162 78
47 48 96
47 49 46
47 50 140
47 51 155
47 52 61
47 53 59
47 54 89
47 55 147
47 56 67
47 57 100
47 58 146
47 59 76
48 182 28
48 49 145
48 50 146
48 51 138
48 52 26
48 53 45
48 54 40
48 55 42
48 56 142
48 57 138
48 58 17
48 59 125
49 50 97
49 51 96
49 52 118
49 53 53
49 54 12
49 55 86
49 56 123
49 57 120
49 58 90
49 59 150
49 202 65
50 51 48
50 52 26
50 53 31
50 54 43
50 55 110
50 56 100
50 57 144
50 58 136
50 59 110
50 222 30
51 242 36
51 52 64
51 53 102
51 54 40
51 55 78
51 56 131
51 57 95
51 58 136
51 59 127
52 262 47
52 53 74
52 54 103
52 55 110
52 56 133
52 57 135
52 58 147
52 59 69
53 54 138
53 55 84
53 56 22
53 57 55
53 58 12
53 59 84
53 282 112
54 302 42
54 55 101
54 56 58
54 57 147
54 58 15
54 59 150
55 322 25
55 56 24
55 57 82
55 58 80
55 59 90
56 342 14
56 57 116
56 58 55
56 59 41
57 58 35
57 59 78
57 362 147
58 59 131
58 382 18
59 402 85
60 64 16
60 65 90
60 66 13
60 67 11
60 68 35
60 69 78
60 70 23
60 71 34
60 72 53
60 73 98
60 74 113
60 75 68
60 76 90
60 77 97
60 78 50
60 79 40
60 61 144
60 62 102
60 63 67
61 64 26
61 65 107
61 66 88
61 67 25
61 68 55
61 69 41
61 70 80
61 71 101
61 72 64
61 73 130
61 74 96
61 75 36
61 76 21
61 77 155
61 78 152
61 79 11
61 62 138
61 63 114
62 64 90
62 65 42
62 66 22
62 67 93
62 68 30
62 69 139
62 70 42
62 71 59
62 72 30
62 73 32
62 74 76
62 75 88
62 76 41
62 77 122
62 78 16
62 79 144
62 63 98
63 64 148
63 65 93
63 66 132
63 67 123
63 68 48
63 69 35
63 70 13
63 71 54
63 72 10
63 73 155
63 74 135
63 75 140
63 76 135
63 77 69
63 78 49
63 79 123
63 83 19
64 65 24
64 66 132
64 67 28
64 68 82
64 69 101
64 70 60
64 71 68
64 72 130
64 73 22
64 74 48
64 75 41
64 76 60
64 77 138
64 78 81
64 79 139
64 103 145
65 66 122
65 67 125
65 68 145
65 69 30
65 70 42
65 71 69
65 72 95
65 73 117
65 74 67
65 75 40
65 76 14
65 77 66
65 78 88
65 79 98
65 123 42
66 67 141
66 68 119
66 69 81
66 70 32
66 71 22
66 72 61
66 73 128
66 74 148
66 75 81
66 76 41
66 77 35
66 78 153
66 79 155
66 143 48
67 163 23
67 68 61
67 69 47
67 70 103
67 71 148
67 72 59
67 73 43
67 74 32
67 75 132
67 76 151
67 77 116
67 78 113
67 79 21
68 69 58
68 70 99
68 71 81
68 72 37
68 73 139
68 74 92
68 75 113
68 76 22
68 77 151
68 78 137
68 79 104
68 183 118
69 70 81
69 71 124
69 72 134
69 73 132
69 74 114
69 75 131
69 76 83
69 77 49
69 78 42
69 79 100
69 203 91
70 71 47
70 72 98
70 73 129
70 74 127
70 75 81
70 76 112
70 77 55
70 78 11
70 79 152
70 223 152
71 72 26
71 73 13
71 74 127
71 75 48
71 76 134
71 77 68
71 78 85
71 79 135
71 243 136
72 73 44
72 74 101
72 75 141
72 76 80
72 77 51
72 78 90
72 79 84
72 263 59
73 74 130
73 75 30
73 76 112
73 77 35
73 78 141
73 79 28
73 283 119
74 75 137
74 76 73
74 77 14
74 78 153
74 79 37
74 303 45
75 76 108
75 77 133
75 78 105
75 79 66
75 323 92
76 77 147
76 78 136
76 79 148
76 343 52
77 78 123
77 79 58
77 363 10
78 79 20
78 383 91
79 403 121
80 96 103
80 97 13
80 98 43
80 99 26
80 81 70
80 82 17
80 83 135
80 84 44
80 85 87
80 86 16
80 87 26
80 88 71
80 89 148
80 90 22
80 91 66
80 92 101
80 93 60
80 94 25
80 95 122
81 96 103
81 97 96
81 98 87
81 99 80
81 82 58
81 83 127
81 84 46
81 85 100
81 86 127
81 87 52
81 88 89
81 89 40
81 90 69
81 91 26
81 92 154
81 93 126
81 94 20
81 95 64
82 96 31
82 97 131
82 98 143
82 99 85
82 83 79
82 84 126
82 85 149
82 86 74
82 87 115
82 88 144
82 89 40
82 90 73
82 91 10
82 92 62
82 93 14
82 94 121
82 95 60
83 96 127
83 97 99
83 98 128
83 99 46
83 84 148
83 85 78
83 86 114
83 87 139
83 88 33
83 89 142
83 90 82
83 91 15
83 92 31
83 93 71
83 94 66
83 95 86
84 96 72
84 97 84
84 98 31
84 99 124
84 104 155
84 85 53
84 86 138
84 87 83
84 88 92
84 89 60
84 90 69
84 91 72
84 92 95
84 93 145
84 94 106
84 95 77
85 96 43
85 97 151
85 98 117
85 99 128
85 124 63
85 86 51
85 87 105
85 88 53
85 89 145
85 90 151
85 91 10
85 92 133
85 93 102
85 94 119
85 95 109
86 96 44
86 97 26
86 98 110
86 99 11
86 144 67
86 87 17
86 88 53
86 89 118
86 90 138
86 91 130
86 92 61
86 93 108
86 94 81
86 95 142
87 96 120
87 97 60
87 98 62
87 99 23
87 164 83
87 88 25
87 89 118
87 90 44
87 91 65
87 92 69
87 93 106
87 94 106
87 95 99
88 96 63
88 97 59
88 98 30
88 99 74
88 184 143
88 89 127
88 90 65
88 91 43
88 92 115
88 93 90
88 94 123
88 95 43
89 96 74
89 97 112
89 98 82
89 99 141
89 204 80
89 90 98
89 91 40
89 92 151
89 93 55
89 94 43
89 95 106
90 96 120
90 97 24
90 98 82
90 99 11
90 224 72
90 91 58
90 92 49
90 93 92
90 94 63
90 95 65
91 96 29
91 97 134
91 98 52
91 99 89
91 244 94
91 92 144
91 93 105
91 94 65
91 95 110
92 96 73
92 97 48
92 98 146
92 99 99
92 264 44
92 93 39
92 94 44
92 95 46
93 96 125
93 97 146
93 98 127
93 99 85
93 284 79
93 94 107
93 95 113
94 96 127
94 97 111
94 98 69
94 99 99
94 304 95
94 95 113
95 96 124
95 97 89
95 98 96
95 99 153
95 324 68
96 344 40
96 97 135
96 98 131
96 99 38
97 98 51
97 99 92
97 364 26
98 99 96
98 384 133
99 404 22
100 101 112
100 102 69
100 103 74
100 104 121
100 105 147
100 106 52
100 107 55
100 108 28
100 109 143
100 110 111
100 111 155
100 112 155
100 113 40
100 114 87
100 115 123
100 116 38
100 117 113
100 118 54
100 119 63
101 102 155
101 103 116
101 104 50
101 105 129
101 106 42
101 107 46
101 108 10
101 109 84
101 110 50
101 111 47
101 112 115
101 113 92
101 114 90
101 115 76
101 116 24
101 117 131
101 118 40
101 119 83
102 103 148
102 104 132
102 105 152
102 106 142
102 107 49
102 108 80
102 109 67
102 110 112
102 111 106
102 112 99
102 113 114
102 114 83
102 115 96
102 116 124
102 117 54
102 118 53
102 119 122
103 104 110
103 105 60
103 106 21
103 107 130
103 108 79
103 109 127
103 110 64
103 111 31
103 112 26
103 113 33
103 114 37
103 115 84
103 116 32
103 117 56
103 118 100
103 119 103
104 105 119
104 106 63
104 107 44
104 108 139
104 109 13
104 110 104
104 111 119
104 112 155
104 113 103
104 114 136
104 115 146
104 116 127
104 117 43
104 118 97
104 119 112
105 106 140
105 107 92
105 108 133
105 109 29
105 110 108
105 111 41
105 112 140
105 113 44
105 114 120
105 115 153
105 116 93
105 117 18
105 118 49
105 119 117
105 125 84
106 145 45
106 107 23
106 108 89
106 109 151
106 110 64
106 111 40
106 112 116
106 113 34
106 114 101
106 115 104
106 116 148
106 117 135
106 118 118
106 119 84
107 108 47
107 109 57
107 110 90
107 111 42
107 112 74
107 113 68
107 114 130
107 115 119
107 116 45
107 117 140
107 118 74
107 119 90
107 165 112
108 109 103
108 110 151
108 111 44
108 112 61
108 113 53
108 114 82
108 115 52
108 116 80
108 117 155
108 118 95
108 119 29
108 185 60
109 205 108
109 110 139
109 111 51
109 112 154
109 113 136
109 114 136
109 115 154
109 116 70
109 117 18
109 118 129
109 119 102
110 225 115
110 111 43
110 112 43
110 113 121
110 114 23
110 115 65
110 116 38
110 117 86
110 118 148
110 119 25
111 112 45
111 113 124
111 114 103
111 115 113
111 116 153
111 117 35
111 118 108
111 119 134
111 245 73
112 113 17
112 114 22
112 115 79
112 116 135
112 117 149
112 118 99
112 119 145
112 265 40
113 114 22
113 115 28
113 116 59
113 117 143
113 118 102
113 119 52
113 285 117
114 305 31
114 115 45
114 116 133
114 117 148
114 118 52
114 119 78
115 116 133
115 117 98
115 118 121
115 119 10
115 325 113
116 117 153
116 118 48
116 119 124
116 345 84
117 118 116
117 119 53
117 365 112
118 385 27
118 119 103
119 405 155
120 128 76
120 129 16
120 130 69
120 131 116
120 132 130
120 133 126
120 134 69
120 135 113
120 136 46
120 137 17
120 138 31
120 139 101
120 121 119
120 122 122
120 123 95
120 124 38
120 125 104
120 126 84
120 127 99
121 128 23
121 129 34
121 130 140
121 131 122
121 132 70
121 133 136
121 134 131
121 135 82
121 136 155
121 137 140
121 138 61
121 139 124
121 122 101
121 123 133
121 124 93
121 125 140
121 126 77
121 127 77
122 128 100
122 129 20
122 130 61
122 131 82
122 132 80
122 133 129
122 134 119
122 135 131
122 136 86
122 137 80
122 138 100
122 139 138
122 123 120
122 124 87
122 125 134
122 126 66
122 127 14
123 128 115
123 129 112
123 130 129
123 131 47
123 132 103
123 133 28
123 134 145
123 135 65
123 136 152
123 137 71
123 138 47
123 139 109
123 124 59
123 125 10
123 126 66
123 127 149
124 128 98
124 129 83
124 130 28
124 131 149
124 132 118
124 133 43
124 134 72
124 135 101
124 136 120
124 137 155
124 138 96
124 139 155
124 125 142
124 126 150
124 127 15
125 128 116
125 129 35
125 130 29
125 131 64
125 132 140
125 133 90
125 134 54
125 135 56
125 136 131
125 137 132
125 138 49
125 139 113
125 126 129
125 127 34
126 128 12
126 129 18
126 130 40
126 131 22
126 132 22
126 133 51
126 134 32
126 135 132
126 136 63
126 137 32
126 138 33
126 139 99
126 146 130
126 127 73
127 128 109
127 129 24
127 130 150
127 131 39
127 132 38
127 133 140
127 134 35
127 135 37
127 136 120
127 137 75
127 138 30
127 139 144
127 166 19
128 129 116
128 130 61
128 131 90
128 132 33
128 133 12
128 134 46
128 135 43
128 136 116
128 137 76
128 138 30
128 139 86
128 186 13
129 130 80
129 131 136
129 132 107
129 133 19
129 134 154
129 135 114
129 136 71
129 137 86
129 138 105
129 139 62
129 206 62
130 226 147
130 131 105
130 132 91
130 133 82
130 134 145
130 135 82
130 136 70
130 137 14
130 138 132
130 139 35
131 132 155
131 133 78
131 134 81
131 135 61
131 136 16
131 137 50
131 138 155
131 139 153
131 246 59
132 133 108
132 134 21
132 135 113
132 136 67
132 137 88
132 138 20
132 139 12
132 266 27
133 134 124
133 135 46
133 136 109
133 137 98
133 138 143
133 139 108
133 286 51
134 135 121
134 136 35
134 137 105
134 138 144
134 139 138
134 306 90
135 136 96
135 137 120
135 138 142
135 139 142
135 326 48
136 137 112
136 138 38
136 139 69
136 346 147
137 138 152
137 139 124
137 366 65
138 139 71
138 386 121
139 406 54
140 141 76
140 142 153
140 143 93
140 144 10
140 145 53
140 146 64
140 147 17
140 148 73
140 149 91
140 150 146
140 151 85
140 152 95
140 153 140
140 154 102
140 155 88
140 156 71
140 157 123
140 158 84
140 159 111
141 142 41
141 143 66
141 144 19
141 145 79
141 146 113
141 147 145
141 148 57
141 149 114
141 150 130
141 151 117
141 152 69
141 153 150
141 154 15
141 155 112
141 156 10
141 157 46
141 158 78
141 159 11
142 143 69
142 144 39
142 145 16
142 146 23
142 147 149
142 148 120
142 149 68
142 150 139
142 151 76
142 152 32
142 153 155
142 154 143
142 155 134
142 156 129
142 157 96
142 158 139
142 159 122
143 144 93
143 145 17
143 146 151
143 147 140
143 148 42
143 149 119
143 150 11
143 151 153
143 152 95
143 153 148
143 154 55
143 155 72
143 156 94
143 157 32
143 158 74
143 159 56
144 145 81
144 146 39
144 147 79
144 148 85
144 149 138
144 150 19
144 151 61
144 152 143
144 153 111
144 154 152
144 155 103
144 156 40
144 157 150
144 158 150
144 159 138
145 146 100
145 147 126
145 148 24
145 149 10
145 150 104
145 151 30
145 152 67
145 153 60
145 154 130
145 155 87
145 156 135
145 157 134
145 158 87
145 159 112
146 147 104
146 148 50
146 149 10
146 150 128
146 151 78
146 152 66
146 153 77
146 154 132
146 155 77
146 156 77
146 157 132
146 158 16
146 159 30
147 167 87
147 148 83
147 149 74
147 150 139
147 151 66
147 152 113
147 153 89
147 154 80
147 155 17
147 156 70
147 157 11
147 158 39
147 159 18
148 187 75
148 149 66
148 150 35
148 151 33
148 152 29
148 153 50
148 154 66
148 155 118
148 156 142
148 157 127
148 158 44
148 159 131
149 207 69
149 150 98
149 151 154
149 152 99
149 153 112
149 154 140
149 155 151
149 156 132
149 157 97
149 158 31
149 159 98
150 227 134
150 151 51
150 152 62
150 153 144
150 154 64
150 155 60
150 156 45
150 157 155
150 158 113
150 159 46
151 247 149
151 152 39
151 153 80
151 154 85
151 155 149
151 156 133
151 157 110
151 158 31
151 159 112
152 267 21
152 153 116
152 154 41
152 155 17
152 156 72
152 157 10
152 158 13
152 159 93
153 287 88
153 154 102
153 155 29
153 156 102
153 157 81
153 158 99
153 159 69
154 307 138
154 155 153
154 156 110
154 157 44
154 158 97
154 159 128
155 327 56
155 156 115
155 157 92
155 158 56
155 159 21
156 347 107
156 157 84
156 158 146
156 159 13
157 367 152
157 158 11
157 159 146
158 387 108
158 159 125
159 407 33
160 161 123
160 162 136
160 163 14
160 164 48
160 165 26
160 166 12
160 167 41
160 168 24
160 169 141
160 170 94
160 171 110
160 172 62
160 173 103
160 174 146
160 175 149
160 176 31
160 177 130
160 178 45
160 179 15
161 162 67
161 163 50
161 164 66
161 165 102
161 166 15
161 167 85
161 168 67
161 169 55
161 170 120
161 171 41
161 172 137
161 173 98
161 174 11
161 175 125
161 176 100
161 177 49
161 178 50
161 179 42
162 163 125
162 164 147
162 165 18
162 166 115
162 167 113
162 168 50
162 169 110
162 170 139
162 171 100
162 172 57
162 173 28
162 174 74
162 175 62
162 176 145
162 177 75
162 178 73
162 179 86
163 164 155
163 165 70
163 166 41
163 167 91
163 168 49
163 169 51
163 170 120
163 171 72
163 172 41
163 173 28
163 174 59
163 175 127
163 176 12
163 177 60
163 178 126
163 179 135
164 165 65
164 166 65
164 167 141
164 168 134
164 169 47
164 170 136
164 171 72
164 172 49
164 173 71
164 174 18
164 175 55
164 176 42
164 177 14
164 178 15
164 179 48
165 166 49
165 167 120
165 168 100
165 169 148
165 170 31
165 171 137
165 172 138
165 173 29
165 174 60
165 175 55
165 176 66
165 177 127
165 178 130
165 179 30
166 167 29
166 168 89
166 169 155
166 170 69
166 171 67
166 172 60
166 173 135
166 174 75
166 175 52
166 176 111
166 177 139
166 178 25
166 179 23
167 168 46
167 169 44
167 170 36
167 171 51
167 172 148
167 173 58
167 174 28
167 175 76
167 176 126
167 177 80
167 178 107
167 179 62
168 169 141
168 170 81
168 171 155
168 172 132
168 173 50
168 174 78
168 175 23
168 176 71
168 177 61
168 178 79
168 179 11
168 188 132
169 170 20
169 171 60
169 172 98
169 173 105
169 174 69
169 175 141
169 176 18
169 177 68
169 178 87
169 179 133
169 208 34
170 171 93
170 172 122
170 173 28
170 174 112
170 175 57
170 176 55
170 177 28
170 178 153
170 179 90
170 228 32
171 172 128
171 173 121
171 174 69
171 175 32
171 176 61
171 177 71
171 178 40
171 179 18
171 248 81
172 268 31
172 173 153
172 174 26
172 175 55
172 176 19
172 177 136
172 178 107
172 179 44
173 174 74
173 175 16
173 176 105
173 177 53
173 178 39
173 179 67
173 288 62
174 175 121
174 176 81
174 177 36
174 178 45
174 179 141
174 308 66
175 176 30
175 177 86
175 178 147
175 179 59
175 328 26
176 177 10
176 178 122
176 179 69
176 348 95
177 368 92
177 178 136
177 179 47
178 179 118
178 388 37
179 408 13
180 192 113
180 193 10
180 194 120
180 195 61
180 196 107
180 197 86
180 198 91
180 199 102
180 181 95
180 182 71
180 183 143
180 184 99
180 185 31
180 186 25
180 187 42
180 188 91
180 189 36
180 190 137
180 191 49
181 192 15
181 193 23
181 194 96
181 195 153
181 196 108
181 197 87
181 198 144
181 199 150
181 182 122
181 183 117
181 184 71
181 185 70
181 186 92
181 187 106
181 188 26
181 189 96
181 190 14
181 191 105
182 192 127
182 193 137
182 194 41
182 195 124
182 196 132
182 197 47
182 198 25
182 199 40
182 183 26
182 184 12
182 185 52
182 186 64
182 187 86
182 188 113
182 189 131
182 190 149
182 191 146
183 192 146
183 193 82
183 194 59
183 195 127
183 196 101
183 197 100
183 198 110
183 199 82
183 184 47
183 185 72
183 186 128
183 187 139
183 188 155
183 189 36
183 190 104
183 191 130
184 192 81
184 193 31
184 194 130
184 195 115
184 196 69
184 197 130
184 198 129
184 199 25
184 185 116
184 186 89
184 187 109
184 188 155
184 189 102
184 190 113
184 191 29
185 192 94
185 193 119
185 194 56
185 195 42
185 196 96
185 197 17
185 198 78
185 199 47
185 186 142
185 187 142
185 188 91
185 189 134
185 190 136
185 191 28
186 192 85
186 193 57
186 194 63
186 195 123
186 196 28
186 197 22
186 198 85
186 199 103
186 187 113
186 188 52
186 189 108
186 190 68
186 191 71
187 192 21
187 193 83
187 194 56
187 195 139
187 196 21
187 197 19
187 198 24
187 199 84
187 188 87
187 189 53
187 190 123
187 191 57
188 192 41
188 193 34
188 194 41
188 195 76
188 196 106
188 197 131
188 198 95
188 199 148
188 189 107
188 190 139
188 191 83
189 192 134
189 193 76
189 194 108
189 195 116
189 196 149
189 197 38
189 198 73
189 199 90
189 209 141
189 190 64
189 191 99
190 192 36
190 193 60
190 194 42
190 195 138
190 196 57
190 197 52
190 198 59
190 199 17
190 229 115
190 191 42
191 192 143
191 193 119
191 194 71
191 195 106
191 196 133
191 197 23
191 198 108
191 199 70
191 249 99
192 193 87
192 194 140
192 195 42
192 196 130
192 197 142
192 198 112
192 199 77
192 269 66
193 289 23
193 194 148
193 195 110
193 196 60
193 197 118
193 198 129
193 199 141
194 195 11
194 196 139
194 197 95
194 198 91
194 199 71
194 309 58
195 196 52
195 197 81
195 198 32
195 199 84
195 329 12
196 197 47
196 198 28
196 199 94
196 349 98
197 198 155
197 199 73
197 369 19
198 199 67
198 389 36
199 409 95
200 201 15
200 202 15
200 203 118
200 204 11
200 205 24
200 206 76
200 207 96
200 208 109
200 209 91
200 210 52
200 211 81
200 212 101
200 213 127
200 214 78
200 215 91
200 216 39
200 217 135
200 218 35
200 219 124
201 202 121
201 203 15
201 204 95
201 205 80
201 206 59
201 207 24
201 208 22
201 209 147
201 210 25
201 211 14
201 212 15
201 213 38
201 214 121
201 215 30
201 216 13
201 217 124
201 218 39
201 219 52
202 203 47
202 204 122
202 205 26
202 206 152
202 207 105
202 208 44
202 209 125
202 210 72
202 211 73
202 212 96
202 213 61
202 214 64
202 215 37
202 216 46
202 217 121
202 218 53
202 219 148
203 204 69
203 205 103
203 206 95
203 207 149
203 208 20
203 209 70
203 210 76
203 211 62
203 212 41
203 213 32
203 214 134
203 215 140
203 216 44
203 217 79
203 218 101
203 219 86
204 205 60
204 206 63
204 207 37
204 208 120
204 209 109
204 210 33
204 211 21
204 212 17
204 213 19
204 214 114
204 215 74
204 216 121
204 217 79
204 218 28
204 219 95
205 206 106
205 207 42
205 208 21
205 209 35
205 210 134
205 211 78
205 212 70
205 213 147
205 214 19
205 215 32
205 216 46
205 217 37
205 218 86
205 219 85
206 207 26
206 208 58
206 209 68
206 210 102
206 211 136
206 212 87
206 213 133
206 214 116
206 215 61
206 216 141
206 217 123
206 218 51
206 219 133
207 208 89
207 209 112
207 210 31
207 211 132
207 212 145
207 213 19
207 214 46
207 215 105
207 216 106
207 217 93
207 218 88
207 219 46
208 209 65
208 210 89
208 211 81
208 212 102
208 213 99
208 214 146
208 215 112
208 216 39
208 217 109
208 218 20
208 219 32
209 210 18
209 211 49
209 212 108
209 213 62
209 214 31
209 215 143
209 216 103
209 217 103
209 218 91
209 219 68
210 230 38
210 211 56
210 212 39
210 213 116
210 214 121
210 215 108
210 216 122
210 217 109
210 218 104
210 219 18
211 212 49
211 213 152
211 214 118
211 215 93
211 216 152
211 217 132
211 218 98
211 219 76
211 250 117
212 270 67
212 213 65
212 214 47
212 215 90
212 216 111
212 217 79
212 218 151
212 219 25
213 290 16
213 214 101
213 215 71
213 216 111
213 217 58
213 218 143
213 219 59
214 310 152
214 215 44
214 216 69
214 217 65
214 218 47
214 219 121
215 216 21
215 217 28
215 218 29
215 219 15
215 330 65
216 217 62
216 218 82
216 219 149
216 350 39
217 370 103
217 218 81
217 219 141
218 390 61
218 219 61
219 410 120
220 224 130
220 225 127
220 226 109
220 227 52
220 228 50
220 229 46
220 230 110
220 231 35
220 232 67
220 233 152
220 234 87
220 235 80
220 236 124
220 237 124
220 238 140
220 239 38
220 221 69
220 222 16
220 223 43
221 224 33
221 225 71
221 226 154
221 227 21
221 228 129
221 229 102
221 230 103
221 231 52
221 232 37
221 233 119
221 234 127
221 235 154
221 236 85
221 237 113
221 238 69
221 239 146
221 222 136
221 223 33
222 224 23
222 225 67
222 226 87
222 227 129
222 228 65
222 229 128
222 230 104
222 231 92
222 232 89
222 233 44
222 234 109
222 235 23
222 236 58
222 237 42
222 238 90
222 239 74
222 223 56
223 224 14
223 225 149
223 226 130
223 227 82
223 228 87
223 229 91
223 230 149
223 231 75
223 232 30
223 233 121
223 234 71
223 235 105
223 236 105
223 237 107
223 238 73
223 239 134
224 225 13
224 226 110
224 227 131
224 228 92
224 229 107
224 230 36
224 231 141
224 232 141
224 233 85
224 234 20
224 235 40
224 236 43
224 237 17
224 238 126
224 239 57
225 226 29
225 227 87
225 228 103
225 229 26
225 230 125
225 231 38
225 232 63
225 233 21
225 234 118
225 235 137
225 236 132
225 237 52
225 238 51
225 239 22
226 227 132
226 228 69
226 229 47
226 230 67
226 231 98
226 232 61
226 233 113
226 234 119
226 235 126
226 236 17
226 237 125
226 238 113
226 239 117
227 228 81
227 229 23
227 230 52
227 231 58
227 232 144
227 233 149
227 234 151
227 235 93
227 236 32
227 237 60
227 238 21
227 239 155
228 229 56
228 230 68
228 231 117
228 232 84
228 233 110
228 234 84
228 235 86
228 236 124
228 237 89
228 238 64
228 239 83
229 230 38
229 231 149
229 232 109
229 233 97
229 234 96
229 235 33
229 236 83
229 237 10
229 238 28
229 239 111
230 231 54
230 232 10
230 233 52
230 234 34
230 235 57
230 236 150
230 237 15
230 238 97
230 239 15
231 232 117
231 233 113
231 234 19
231 235 143
231 236 93
231 237 78
231 238 119
231 239 46
231 251 46
232 233 107
232 234 40
232 235 26
232 236 44
232 237 49
232 238 38
232 239 150
232 271 67
233 234 155
233 235 40
233 236 109
233 237 50
233 238 101
233 239 122
233 291 55
234 235 74
234 236 95
234 237 153
234 238 81
234 239 15
234 311 13
235 331 40
235 236 22
235 237 119
235 238 127
235 239 96
236 237 130
236 238 45
236 239 52
236 351 65
237 238 147
237 239 61
237 371 48
238 239 105
238 391 139
239 411 108
240 256 89
240 257 143
240 258 37
240 259 50
240 241 62
240 242 58
240 243 37
240 244 114
240 245 137
240 246 152
240 247 148
240 248 95
240 249 60
240 250 142
240 251 154
240 252 20
240 253 28
240 254 126
240 255 93
241 256 12
241 257 15
241 258 16
241 259 88
241 242 27
241 243 148
241 244 45
241 245 110
241 246 118
241 247 85
241 248 51
241 249 37
241 250 89
241 251 46
241 252 75
241 253 29
241 254 71
241 255 104
242 256 84
242 257 128
242 258 31
242 259 56
242 243 80
242 244 112
242 245 60
242 246 18
242 247 123
242 248 54
242 249 82
242 250 54
242 251 88
242 252 88
242 253 135
242 254 61
242 255 118
243 256 39
243 257 56
243 258 149
243 259 23
243 244 29
243 245 85
243 246 46
243 247 154
243 248 41
243 249 81
243 250 69
243 251 98
243 252 37
243 253 37
243 254 138
243 255 60
244 256 35
244 257 11
244 258 91
244 259 128
244 245 68
244 246 100
244 247 30
244 248 10
244 249 51
244 250 128
244 251 48
244 252 30
244 253 91
244 254 93
244 255 36
245 256 98
245 257 40
245 258 102
245 259 16
245 246 43
245 247 146
245 248 119
245 249 110
245 250 153
245 251 116
245 252 89
245 253 151
245 254 120
245 255 33
246 256 41
246 257 118
246 258 86
246 259 112
246 247 81
246 248 106
246 249 114
246 250 103
246 251 112
246 252 124
246 253 122
246 254 59
246 255 23
247 256 69
247 257 34
247 258 148
247 259 28
247 248 69
247 249 87
247 250 21
247 251 81
247 252 23
247 253 148
247 254 123
247 255 60
248 256 126
248 257 144
248 258 132
248 259 72
248 249 115
248 250 95
248 251 103
248 252 148
248 253 32
248 254 30
248 255 147
249 256 155
249 257 41
249 258 31
249 259 81
249 250 122
249 251 87
249 252 61
249 253 123
249 254 23
249 255 19
250 256 41
250 257 41
250 258 30
250 259 56
250 251 72
250 252 102
250 253 107
250 254 39
250 255 87
251 256 76
251 257 109
251 258 102
251 259 56
251 252 36
251 253 104
251 254 112
251 255 152
252 256 118
252 257 53
252 258 115
252 259 49
252 272 106
252 253 97
252 254 21
252 255 121
253 256 15
253 257 124
253 258 64
253 259 126
253 292 80
253 254 48
253 255 118
254 256 53
254 257 27
254 258 22
254 259 13
254 312 42
254 255 97
255 256 75
255 257 32
255 258 88
255 259 10
255 332 149
256 352 114
256 257 81
256 258 148
256 259 23
257 258 53
257 259 126
257 372 114
258 259 114
258 392 63
259 412 129
260 261 51
260 262 72
260 263 46
260 264 46
260 265 16
260 266 39
260 267 42
260 268 49
260 269 155
260 270 118
260 271 83
260 272 42
260 273 81
260 274 134
260 275 28
260 276 142
260 277 91
260 278 76
260 279 130
261 262 52
261 263 23
261 264 89
261 265 124
261 266 124
261 267 25
261 268 108
261 269 154
261 270 32
261 271 106
261 272 46
261 273 146
261 274 72
261 275 138
261 276 101
261 277 12
261 278 66
261 279 23
262 263 41
262 264 67
262 265 141
262 266 39
262 267 95
262 268 113
262 269 87
262 270 16
262 271 73
262 272 128
262 273 19
262 274 119
262 275 142
262 276 85
262 277 46
262 278 126
262 279 111
263 264 48
263 265 61
263 266 66
263 267 77
263 268 25
263 269 106
263 270 72
263 271 99
263 272 124
263 273 130
263 274 98
263 275 146
263 276 32
263 277 59
263 278 114
263 279 44
264 265 73
264 266 134
264 267 148
264 268 118
264 269 116
264 270 149
264 271 13
264 272 121
264 273 24
264 274 103
264 275 26
264 276 19
264 277 32
264 278 69
264 279 43
265 266 113
265 267 89
265 268 81
265 269 85
265 270 64
265 271 87
265 272 135
265 273 76
265 274 126
265 275 154
265 276 79
265 277 13
265 278 30
265 279 103
266 267 82
266 268 82
266 269 61
266 270 67
266 271 139
266 272 126
266 273 92
266 274 77
266 275 21
266 276 140
266 277 17
266 278 112
266 279 34
267 268 120
267 269 29
267 270 115
267 271 68
267 272 48
267 273 154
267 274 130
267 275 151
267 276 81
267 277 11
267 278 137
267 279 74
268 269 143
268 270 123
268 271 43
268 272 117
268 273 10
268 274 155
268 275 14
268 276 56
268 277 13
268 278 31
268 279 104
269 270 79
269 271 65
269 272 108
269 273 97
269 274 133
269 275 17
269 276 18
269 277 71
269 278 106
269 279 60
270 271 32
270 272 147
270 273 35
270 274 22
270 275 73
270 276 21
270 277 146
270 278 31
270 279 49
271 272 38
271 273 131
271 274 62
271 275 106
271 276 106
271 277 55
271 278 50
271 279 22
272 273 102
272 274 105
272 275 28
272 276 31
272 277 101
272 278 74
272 279 123
273 274 131
273 275 35
273 276 88
273 277 125
273 278 69
273 279 145
273 293 102
274 275 109
274 276 114
274 277 112
274 278 12
274 279 95
274 313 125
275 276 72
275 277 20
275 278 20
275 279 123
275 333 45
276 353 103
276 277 140
276 278 29
276 279 34
277 373 51
277 278 148
277 279 141
278 393 84
278 279 129
279 413 117
280 288 62
280 289 23
280 290 147
280 291 67
280 292 36
280 293 19
280 294 128
280 295 108
280 296 40
280 297 54
280 298 155
280 299 17
280 281 87
280 282 80
280 283 66
280 284 124
280 285 10
280 286 65
280 287 85
281 288 58
281 289 20
281 290 31
281 291 117
281 292 138
281 293 59
281 294 151
281 295 58
281 296 54
281 297 155
281 298 93
281 299 32
281 282 135
281 283 113
281 284 70
281 285 29
281 286 61
281 287 129
282 288 58
282 289 79
282 290 51
282 291 44
282 292 115
282 293 74
282 294 71
282 295 137
282 296 115
282 297 28
282 298 116
282 299 131
282 283 34
282 284 122
282 285 132
282 286 44
282 287 111
283 288 129
283 289 82
283 290 24
283 291 95
283 292 72
283 293 102
283 294 118
283 295 45
283 296 153
283 297 69
283 298 110
283 299 118
283 284 26
283 285 44
283 286 152
283 287 73
284 288 99
284 289 68
284 290 33
284 291 27
284 292 140
284 293 56
284 294 94
284 295 74
284 296 73
284 297 73
284 298 17
284 299 66
284 285 76
284 286 103
284 287 155
285 288 42
285 289 23
285 290 138
285 291 152
285 292 154
285 293 25
285 294 135
285 295 58
285 296 122
285 297 69
285 298 118
285 299 37
285 286 67
285 287 134
286 288 136
286 289 99
286 290 20
286 291 145
286 292 138
286 293 80
286 294 12
286 295 56
286 296 145
286 297 81
286 298 98
286 299 102
286 287 39
287 288 138
287 289 124
287 290 57
287 291 131
287 292 105
287 293 43
287 294 81
287 295 146
287 296 102
287 297 77
287 298 146
287 299 91
288 289 23
288 290 67
288 291 31
288 292 11
288 293 11
288 294 99
288 295 135
288 296 139
288 297 153
288 298 146
288 299 50
289 290 57
289 291 97
289 292 60
289 293 68
289 294 64
289 295 11
289 296 91
289 297 38
289 298 45
289 299 55
290 291 15
290 292 115
290 293 37
290 294 44
290 295 40
290 296 150
290 297 147
290 298 129
290 299 129
291 292 30
291 293 82
291 294 99
291 295 41
291 296 88
291 297 90
291 298 117
291 299 112
292 293 109
292 294 50
292 295 38
292 296 96
292 297 106
292 298 82
292 299 82
293 294 97
293 295 75
293 296 109
293 297 12
293 298 135
293 299 50
294 295 73
294 296 78
294 297 96
294 298 112
294 299 58
294 314 22
295 296 123
295 297 24
295 298 109
295 299 46
295 334 115
296 297 122
296 298 37
296 299 20
296 354 94
297 298 26
297 299 26
297 374 85
298 394 98
298 299 11
299 414 28
300 301 138
300 302 145
300 303 118
300 304 112
300 305 101
300 306 152
300 307 41
300 308 88
300 309 44
300 310 14
300 311 108
300 312 106
300 313 84
300 314 142
300 315 75
300 316 133
300 317 114
300 318 106
300 319 94
301 302 41
301 303 120
301 304 135
301 305 139
301 306 124
301 307 136
301 308 147
301 309 59
301 310 48
301 311 94
301 312 59
301 313 35
301 314 45
301 315 31
301 316 132
301 317 123
301 318 93
301 319 129
302 303 151
302 304 140
302 305 142
302 306 37
302 307 126
302 308 16
302 309 152
302 310 38
302 311 52
302 312 41
302 313 41
302 314 104
302 315 65
302 316 51
302 317 52
302 318 14
302 319 97
303 304 113
303 305 11
303 306 100
303 307 31
303 308 52
303 309 115
303 310 25
303 311 147
303 312 20
303 313 67
303 314 49
303 315 109
303 316 73
303 317 120
303 318 153
303 319 153
304 305 109
304 306 92
304 307 123
304 308 48
304 309 154
304 310 89
304 311 60
304 312 150
304 313 113
304 314 42
304 315 127
304 316 138
304 317 92
304 318 45
304 319 137
305 306 32
305 307 42
305 308 78
305 309 66
305 310 56
305 311 46
305 312 145
305 313 27
305 314 70
305 315 151
305 316 83
305 317 88
305 318 13
305 319 80
306 307 33
306 308 20
306 309 34
306 310 118
306 311 46
306 312 29
306 313 39
306 314 36
306 315 81
306 316 37
306 317 14
306 318 152
306 319 74
307 308 128
307 309 144
307 310 45
307 311 102
307 312 55
307 313 65
307 314 128
307 315 55
307 316 22
307 317 133
307 318 80
307 319 36
308 309 54
308 310 130
308 311 122
308 312 97
308 313 43
308 314 44
308 315 35
308 316 43
308 317 132
308 318 147
308 319 13
309 310 109
309 311 126
309 312 124
309 313 101
309 314 101
309 315 131
309 316 96
309 317 62
309 318 44
309 319 16
310 311 76
310 312 140
310 313 69
310 314 144
310 315 100
310 316 119
310 317 137
310 318 66
310 319 151
311 312 126
311 313 45
311 314 24
311 315 42
311 316 132
311 317 112
311 318 94
311 319 134
312 313 125
312 314 44
312 315 142
312 316 114
312 317 124
312 318 77
312 319 155
313 314 139
313 315 136
313 316 75
313 317 19
313 318 17
313 319 53
314 315 42
314 316 56
314 317 108
314 318 152
314 319 140
315 335 22
315 316 135
315 317 50
315 318 81
315 319 147
316 355 152
316 317 34
316 318 61
316 319 29
317 375 85
317 318 64
317 319 88
318 395 33
318 319 138
319 415 108
320 321 48
320 322 18
320 323 19
320 324 20
320 325 38
320 326 59
320 327 47
320 328 43
320 329 114
320 330 13
320 331 30
320 332 18
320 333 108
320 334 92
320 335 107
320 336 14
320 337 129
320 338 51
320 339 34
321 322 99
321 323 83
321 324 19
321 325 122
321 326 36
321 327 90
321 328 151
321 329 54
321 330 19
321 331 112
321 332 22
321 333 24
321 334 122
321 335 93
321 336 19
321 337 18
321 338 99
321 339 95
322 323 104
322 324 31
322 325 146
322 326 134
322 327 126
322 328 136
322 329 146
322 330 29
322 331 62
322 332 150
322 333 85
322 334 63
322 335 148
322 336 49
322 337 152
322 338 113
322 339 25
323 324 32
323 325 55
323 326 60
323 327 24
323 328 71
323 329 15
323 330 135
323 331 68
323 332 125
323 333 82
323 334 115
323 335 17
323 336 73
323 337 45
323 338 142
323 339 18
324 325 63
324 326 36
324 327 93
324 328 127
324 329 72
324 330 32
324 331 108
324 332 52
324 333 122
324 334 34
324 335 29
324 336 23
324 337 124
324 338 129
324 339 91
325 326 135
325 327 79
325 328 94
325 329 45
325 330 125
325 331 130
325 332 11
325 333 107
325 334 96
325 335 17
325 336 64
325 337 35
325 338 71
325 339 23
326 327 49
326 328 112
326 329 145
326 330 56
326 331 96
326 332 65
326 333 142
326 334 140
326 335 142
326 336 78
326 337 94
326 338 83
326 339 33
327 328 77
327 329 89
327 330 97
327 331 34
327 332 47
327 333 78
327 334 104
327 335 117
327 336 128
327 337 16
327 338 67
327 339 120
328 329 27
328 330 48
328 331 129
328 332 103
328 333 137
328 334 134
328 335 131
328 336 23
328 337 134
328 338 147
328 339 113
329 330 146
329 331 86
329 332 59
329 333 62
329 334 17
329 335 85
329 336 131
329 337 106
329 338 129
329 339 124
330 331 95
330 332 33
330 333 102
330 334 80
330 335 64
330 336 50
330 337 108
330 338 29
330 339 43
331 332 86
331 333 21
331 334 70
331 335 150
331 336 58
331 337 149
331 338 25
331 339 34
332 333 90
332 334 38
332 335 77
332 336 100
332 337 48
332 338 105
332 339 104
333 334 122
333 335 115
333 336 149
333 337 22
333 338 99
333 339 97
334 335 141
334 336 10
334 337 60
334 338 121
334 339 131
335 336 70
335 337 114
335 338 118
335 339 20
336 337 126
336 338 70
336 339 38
336 356 70
337 338 134
337 339 83
337 376 65
338 339 142
338 396 152
339 416 50
340 352 122
340 353 117
340 354 121
340 355 119
340 356 80
340 357 115
340 358 76
340 359 60
340 341 112
340 342 146
340 343 27
340 344 120
340 345 142
340 346 142
340 347 117
340 348 19
340 349 94
340 350 91
340 351 52
341 352 62
341 353 145
341 354 125
341 355 142
341 356 127
341 357 69
341 358 105
341 359 127
341 342 78
341 343 151
341 344 22
341 345 142
341 346 125
341 347 99
341 348 92
341 349 47
341 350 141
341 351 80
342 352 36
342 353 100
342 354 134
342 355 82
342 356 48
342 357 146
342 358 30
342 359 103
342 343 59
342 344 33
342 345 36
342 346 92
342 347 33
342 348 13
342 349 31
342 350 84
342 351 121
343 352 128
343 353 40
343 354 20
343 355 155
343 356 92
343 357 11
343 358 35
343 359 104
343 344 90
343 345 72
343 346 34
343 347 21
343 348 88
343 349 52
343 350 111
343 351 68
344 352 43
344 353 82
344 354 150
344 355 28
344 356 100
344 357 150
344 358 103
344 359 45
344 345 67
344 346 121
344 347 62
344 348 105
344 349 52
344 350 49
344 351 10
345 352 106
345 353 60
345 354 123
345 355 62
345 356 144
345 357 116
345 358 86
345 359 89
345 346 42
345 347 132
345 348 81
345 349 127
345 350 64
345 351 14
346 352 89
346 353 136
346 354 122
346 355 54
346 356 55
346 357 55
346 358 138
346 359 89
346 347 152
346 348 18
346 349 126
346 350 57
346 351 15
347 352 24
347 353 107
347 354 66
347 355 88
347 356 61
347 357 149
347 358 85
347 359 107
347 348 96
347 349 149
347 350 117
347 351 81
348 352 17
348 353 124
348 354 91
348 355 123
348 356 116
348 357 117
348 358 32
348 359 19
348 349 68
348 350 142
348 351 126
349 352 123
349 353 19
349 354 60
349 355 112
349 356 15
349 357 33
349 358 128
349 359 144
349 350 61
349 351 35
350 352 137
350 353 132
350 354 10
350 355 128
350 356 135
350 357 153
350 358 20
350 359 131
350 351 138
351 352 93
351 353 105
351 354 101
351 355 68
351 356 121
351 357 81
351 358 29
351 359 124
352 353 155
352 354 76
352 355 151
352 356 80
352 357 152
352 358 97
352 359 77
353 354 39
353 355 62
353 356 13
353 357 123
353 358 130
353 359 154
354 355 98
354 356 132
354 357 133
354 358 112
354 359 112
355 356 120
355 357 29
355 358 37
355 359 108
356 357 133
356 358 97
356 359 68
357 358 154
357 359 57
357 377 80
358 359 136
358 397 74
359 417 64
360 361 101
360 362 21
360 363 28
360 364 101
360 365 57
360 366 104
360 367 152
360 368 124
360 369 57
360 370 98
360 371 31
360 372 125
360 373 79
360 374 58
360 375 96
360 376 117
360 377 34
360 378 136
360 379 106
361 362 63
361 363 139
361 364 34
361 365 130
361 366 152
361 367 110
361 368 135
361 369 43
361 370 71
361 371 135
361 372 82
361 373 65
361 374 101
361 375 48
361 376 59
361 377 106
361 378 140
361 379 77
362 363 136
362 364 137
362 365 83
362 366 142
362 367 25
362 368 12
362 369 39
362 370 55
362 371 26
362 372 73
362 373 142
362 374 34
362 375 139
362 376 121
362 377 61
362 378 74
362 379 132
363 364 19
363 365 26
363 366 85
363 367 38
363 368 63
363 369 93
363 370 145
363 371 28
363 372 69
363 373 94
363 374 25
363 375 104
363 376 86
363 377 78
363 378 136
363 379 48
364 365 128
364 366 109
364 367 68
364 368 64
364 369 128
364 370 25
364 371 148
364 372 108
364 373 26
364 374 140
364 375 67
364 376 100
364 377 115
364 378 113
364 379 145
365 366 28
365 367 96
365 368 146
365 369 30
365 370 107
365 371 37
365 372 58
365 373 141
365 374 88
365 375 100
365 376 74
365 377 99
365 378 93
365 379 24
366 367 19
366 368 150
366 369 13
366 370 92
366 371 61
366 372 26
366 373 51
366 374 125
366 375 120
366 376 135
366 377 116
366 378 74
366 379 114
367 368 36
367 369 126
367 370 66
367 371 151
367 372 130
367 373 88
367 374 123
367 375 54
367 376 12
367 377 101
367 378 114
367 379 135
368 369 35
368 370 79
368 371 67
368 372 137
368 373 34
368 374 112
368 375 26
368 376 33
368 377 62
368 378 95
368 379 106
369 370 117
369 371 122
369 372 28
369 373 84
369 374 129
369 375 48
369 376 140
369 377 82
369 378 100
369 379 154
370 371 22
370 372 56
370 373 31
370 374 46
370 375 154
370 376 137
370 377 63
370 378 110
370 379 106
371 372 62
371 373 22
371 374 63
371 375 21
371 376 140
371 377 79
371 378 21
371 379 142
372 373 119
372 374 70
372 375 27
372 376 126
372 377 45
372 378 144
372 379 142
373 374 15
373 375 140
373 376 59
373 377 67
373 378 123
373 379 149
374 375 104
374 376 39
374 377 29
374 378 150
374 379 103
375 376 125
375 377 125
375 378 91
375 379 64
376 377 137
376 378 110
376 379 142
377 378 76
377 379 77
378 379 47
378 398 70
379 418 83
380 384 154
380 385 77
380 386 56
380 387 19
380 388 151
380 389 131
380 390 73
380 391 70
380 392 153
380 393 85
380 394 70
380 395 102
380 396 36
380 397 126
380 398 31
380 399 62
380 381 111
380 382 116
380 383 69
381 384 46
381 385 92
381 386 61
381 387 131
381 388 50
381 389 94
381 390 142
381 391 67
381 392 89
381 393 24
381 394 106
381 395 132
381 396 125
381 397 52
381 398 35
381 399 97
381 382 146
381 383 20
382 384 126
382 385 20
382 386 112
382 387 31
382 388 61
382 389 13
382 390 29
382 391 50
382 392 75
382 393 129
382 394 69
382 395 104
382 396 155
382 397 80
382 398 147
382 399 152
382 383 128
383 384 70
383 385 13
383 386 21
383 387 59
383 388 46
383 389 58
383 390 31
383 391 85
383 392 151
383 393 28
383 394 75
383 395 101
383 396 79
383 397 35
383 398 144
383 399 102
384 385 48
384 386 109
384 387 130
384 388 102
384 389 106
384 390 51
384 391 130
384 392 86
384 393 137
384 394 152
384 395 81
384 396 141
384 397 96
384 398 31
384 399 127
385 386 108
385 387 107
385 388 82
385 389 38
385 390 136
385 391 149
385 392 117
385 393 54
385 394 94
385 395 72
385 396 139
385 397 108
385 398 21
385 399 135
386 387 43
386 388 34
386 389 56
386 390 50
386 391 113
386 392 136
386 393 50
386 394 86
386 395 48
386 396 61
386 397 131
386 398 123
386 399 136
387 388 48
387 389 90
387 390 116
387 391 143
387 392 135
387 393 155
387 394 97
387 395 94
387 396 94
387 397 103
387 398 101
387 399 63
388 389 77
388 390 140
388 391 26
388 392 65
388 393 100
388 394 47
388 395 11
388 396 138
388 397 124
388 398 19
388 399 50
389 390 23
389 391 144
389 392 26
389 393 63
389 394 15
389 395 133
389 396 61
389 397 46
389 398 148
389 399 52
390 391 76
390 392 115
390 393 33
390 394 23
390 395 154
390 396 24
390 397 79
390 398 91
390 399 139
391 392 65
391 393 147
391 394 55
391 395 127
391 396 147
391 397 133
391 398 83
391 399 122
392 393 88
392 394 44
392 395 109
392 396 70
392 397 109
392 398 129
392 399 99
393 394 146
393 395 13
393 396 86
393 397 73
393 398 37
393 399 91
394 395 123
394 396 15
394 397 67
394 398 142
394 399 138
395 396 75
395 397 111
395 398 42
395 399 17
396 397 119
396 398 90
396 399 25
397 398 125
397 399 149
398 399 36
399 419 73
400 416 17
400 417 56
400 418 118
400 419 108
400 401 33
400 402 29
400 403 134
400 404 126
400 405 25
400 406 89
400 407 142
400 408 76
400 409 65
400 410 142
400 411 50
400 412 84
400 413 82
400 414 125
400 415 96
401 416 50
401 417 136
401 418 89
401 419 113
401 402 52
401 403 32
401 404 40
401 405 72
401 406 44
401 407 103
401 408 18
401 409 55
401 410 31
401 411 45
401 412 17
401 413 121
401 414 14
401 415 79
402 416 86
402 417 141
402 418 140
402 419 152
402 403 110
402 404 142
402 405 120
402 406 30
402 407 21
402 408 86
402 409 42
402 410 67
402 411 28
402 412 140
402 413 58
402 414 46
402 415 120
403 416 154
403 417 151
403 418 42
403 419 117
403 404 46
403 405 36
403 406 106
403 407 91
403 408 29
403 409 119
403 410 125
403 411 36
403 412 81
403 413 114
403 414 53
403 415 130
404 416 41
404 417 10
404 418 71
404 419 109
404 405 81
404 406 17
404 407 93
404 408 35
404 409 48
404 410 48
404 411 30
404 412 38
404 413 50
404 414 88
404 415 83
405 416 131
405 417 64
405 418 45
405 419 147
405 406 59
405 407 70
405 408 68
405 409 105
405 410 97
405 411 128
405 412 17
405 413 100
405 414 47
405 415 80
406 416 135
406 417 147
406 418 119
406 419 59
406 407 11
406 408 90
406 409 76
406 410 35
406 411 27
406 412 71
406 413 30
406 414 136
406 415 100
407 416 98
407 417 105
407 418 35
407 419 139
407 408 97
407 409 100
407 410 143
407 411 39
407 412 145
407 413 93
407 414 74
407 415 99
408 416 24
408 417 145
408 418 75
408 419 94
408 409 97
408 410 29
408 411 24
408 412 70
408 413 126
408 414 62
408 415 16
409 416 97
409 417 73
409 418 76
409 419 121
409 410 32
409 411 78
409 412 124
409 413 16
409 414 85
409 415 91
410 416 140
410 417 62
410 418 125
410 419 68
410 411 84
410 412 24
410 413 155
410 414 91
410 415 144
411 416 142
411 417 13
411 418 122
411 419 115
411 412 142
411 413 108
411 414 116
411 415 131
412 416 43
412 417 83
412 418 154
412 419 90
412 413 125
412 414 86
412 415 95
413 416 65
413 417 15
413 418 146
413 419 77
413 414 10
413 415 24
414 415 43
414 416 107
414 417 119
414 418 124
414 419 140
414 100001 1450
414 100002 1450
414 100003 1450
415 416 46
415 417 82
415 418 33
415 419 16
415 100004 1450
415 100000 1450
415 100001 1450
415 100002 1450
416 100000 1450
416 417 154
416 418 106
416 419 11
416 100003 1450
417 418 59
417 419 122
417 100004 1450
418 100002 1450
418 419 120
418 100004 1450
419 100000 1450
-2 0 1450
-2 1 1450
-2 4 1450
-5 1 1450
-5 2 1450
-4 1 1450
-4 2 1450
-4 5 1450
-3 0 1450
-1 2 1450
-1 4 1450
-1 5 1450
