0 1 37
0 2 26
0 3 91
0 4 150
0 5 24
0 6 23
0 7 35
0 8 113
0 9 147
0 10 73
0 110 118
0 210 142
0 310 54
1 320 19
1 2 124
1 3 108
1 4 142
1 5 96
1 6 18
1 7 140
1 8 145
1 9 55
1 20 59
1 120 66
1 220 58
2 130 19
2 3 91
2 4 104
2 5 44
2 6 33
2 7 131
2 8 116
2 9 116
2 330 51
2 30 103
2 230 46
3 4 87
3 5 22
3 6 129
3 7 112
3 8 63
3 9 43
3 140 11
3 240 78
3 40 64
3 340 91
4 5 38
4 6 26
4 7 52
4 8 43
4 9 105
4 50 74
4 150 34
4 250 70
4 350 126
5 6 116
5 7 131
5 8 122
5 9 144
5 160 19
5 360 38
5 260 124
5 60 26
6 70 45
6 7 111
6 8 124
6 9 58
6 170 51
6 270 50
6 370 24
7 8 10
7 9 53
7 80 139
7 180 39
7 280 14
7 380 121
8 9 75
8 290 124
8 90 100
8 190 144
8 390 12
9 300 77
9 400 62
9 200 58
9 100 27
10 211 62
10 11 85
10 12 151
10 13 80
10 14 147
10 15 154
10 16 11
10 17 74
10 18 121
10 19 105
10 311 18
10 111 67
11 321 56
11 12 105
11 13 36
11 14 62
11 15 99
11 16 97
11 17 86
11 18 38
11 19 151
11 21 62
11 121 53
11 221 93
12 131 10
12 231 91
12 13 151
12 14 31
12 15 145
12 16 53
12 17 97
12 18 23
12 19 24
12 331 128
12 31 31
13 241 35
13 41 30
13 141 110
13 14 37
13 15 15
13 16 86
13 17 116
13 18 132
13 19 22
13 341 13
14 51 15
14 15 11
14 16 115
14 17 86
14 18 145
14 19 111
14 151 152
14 251 15
14 351 18
15 161 81
15 261 142
15 361 78
15 16 86
15 17 155
15 18 113
15 19 130
15 61 81
16 171 100
16 71 145
16 17 10
16 18 110
16 19 28
16 371 151
16 271 89
17 81 87
17 18 125
17 19 144
17 181 83
17 281 139
17 381 134
18 291 109
18 391 145
18 19 25
18 91 81
18 191 60
19 101 114
19 401 43
19 201 112
19 301 98
20 112 26
20 312 96
20 212 127
20 21 82
20 22 97
20 23 11
20 24 148
20 25 103
20 26 93
20 27 107
20 28 70
20 29 79
21 322 114
21 122 72
21 22 83
21 23 58
21 24 129
21 25 89
21 26 102
21 27 62
21 28 112
21 29 66
21 222 122
22 32 57
22 132 19
22 232 101
22 332 17
22 23 37
22 24 53
22 25 126
22 26 146
22 27 155
22 28 109
22 29 84
23 342 84
23 42 70
23 142 61
23 242 119
23 24 133
23 25 117
23 26 140
23 27 89
23 28 108
23 29 113
24 352 70
24 252 90
24 152 25
24 25 62
24 26 111
24 27 132
24 28 113
24 29 45
24 52 26
25 162 96
25 262 135
25 362 27
25 26 42
25 27 109
25 28 153
25 29 136
25 62 69
26 72 121
26 372 140
26 172 35
26 272 122
26 27 91
26 28 70
26 29 136
27 282 53
27 182 41
27 82 53
27 28 72
27 29 47
27 382 131
28 192 32
28 292 66
28 392 51
28 92 61
28 29 71
29 102 78
29 202 87
29 302 79
29 402 60
30 32 52
30 33 109
30 34 109
30 35 110
30 36 79
30 37 61
30 38 110
30 39 19
30 113 142
30 213 72
30 313 104
30 31 16
31 32 106
31 33 42
31 34 92
31 35 39
31 36 64
31 37 82
31 38 154
31 39 141
31 323 116
31 123 96
31 223 33
32 133 149
32 33 71
32 34 22
32 35 112
32 36 54
32 37 148
32 38 114
32 39 63
32 233 65
32 333 24
33 34 121
33 35 125
33 36 117
33 37 88
33 38 53
33 39 139
33 43 110
33 143 143
33 243 27
33 343 147
34 35 54
34 36 36
34 37 54
34 38 137
34 39 101
34 353 120
34 53 81
34 153 139
34 253 49
35 163 30
35 36 155
35 37 120
35 38 61
35 39 142
35 363 133
35 263 13
35 63 88
36 37 98
36 38 80
36 39 119
36 73 26
36 173 153
36 273 50
36 373 74
37 38 79
37 39 129
37 83 18
37 183 154
37 283 119
37 383 106
38 39 80
38 393 139
38 193 25
38 293 15
38 93 31
39 103 79
39 203 155
39 303 113
39 403 150
40 41 145
40 42 129
40 43 15
40 44 98
40 45 128
40 46 45
40 47 130
40 48 81
40 49 109
40 114 100
40 214 119
40 314 119
41 224 121
41 324 32
41 42 60
41 43 123
41 44 38
41 45 107
41 46 110
41 47 83
41 48 113
41 49 97
41 124 92
42 134 128
42 234 60
42 43 14
42 44 16
42 45 97
42 46 60
42 47 88
42 48 77
42 49 10
42 334 124
43 44 109
43 45 73
43 46 25
43 47 151
43 48 62
43 49 33
43 144 106
43 244 41
43 344 22
44 354 136
44 45 63
44 46 58
44 47 63
44 48 75
44 49 86
44 54 10
44 154 54
44 254 93
45 64 137
45 164 55
45 46 61
45 47 93
45 48 40
45 49 11
45 364 90
45 264 26
46 174 36
46 47 17
46 48 145
46 49 49
46 274 88
46 374 97
46 74 13
47 384 45
47 48 100
47 49 16
47 84 87
47 184 56
47 284 67
48 194 128
48 294 65
48 49 92
48 394 103
48 94 31
49 304 151
49 104 12
49 204 72
49 404 131
50 115 132
50 215 135
50 51 28
50 52 92
50 53 149
50 54 118
50 55 62
50 56 129
50 57 50
50 58 139
50 59 27
50 315 37
51 225 53
51 325 138
51 52 102
51 53 15
51 54 127
51 55 140
51 56 27
51 57 66
51 58 118
51 59 96
51 125 118
52 135 96
52 235 130
52 335 105
52 53 27
52 54 82
52 55 31
52 56 110
52 57 122
52 58 30
52 59 101
53 145 43
53 245 47
53 54 76
53 55 61
53 56 22
53 57 154
53 58 26
53 59 70
53 345 97
54 155 128
54 355 100
54 55 102
54 56 27
54 57 63
54 58 79
54 59 155
54 255 28
55 65 33
55 165 89
55 265 71
55 365 14
55 56 95
55 57 32
55 58 57
55 59 121
56 375 107
56 275 74
56 75 117
56 175 89
56 57 81
56 58 16
56 59 40
57 385 84
57 185 105
57 58 67
57 59 51
57 285 111
57 85 146
58 195 53
58 295 107
58 395 59
58 59 130
58 95 117
59 105 155
59 205 84
59 305 21
59 405 111
60 64 116
60 65 111
60 66 93
60 67 83
60 68 140
60 69 95
60 316 89
60 116 147
60 216 84
60 61 121
60 62 25
60 63 138
61 64 138
61 65 128
61 66 47
61 67 38
61 68 29
61 69 19
61 326 113
61 226 30
61 126 37
61 62 93
61 63 74
62 64 71
62 65 150
62 66 80
62 67 102
62 68 71
62 69 80
62 136 34
62 236 144
62 336 46
62 63 78
63 64 110
63 65 80
63 66 19
63 67 123
63 68 37
63 69 100
63 146 135
63 246 51
63 346 10
64 256 147
64 65 18
64 66 75
64 67 13
64 68 112
64 69 59
64 156 46
64 356 63
65 66 135
65 67 63
65 68 96
65 69 152
65 166 121
65 266 97
65 366 144
66 67 148
66 68 26
66 69 108
66 76 32
66 176 46
66 276 146
66 376 43
67 68 153
67 69 129
67 386 67
67 286 61
67 86 134
67 186 41
68 196 104
68 69 43
68 296 41
68 96 99
68 396 59
69 106 86
69 206 142
69 306 47
69 406 115
70 71 48
70 72 153
70 73 83
70 74 139
70 75 116
70 76 123
70 77 34
70 78 142
70 79 35
70 117 107
70 217 31
70 317 25
71 227 74
71 327 98
71 72 119
71 73 60
71 74 22
71 75 141
71 76 126
71 77 42
71 78 70
71 79 120
71 127 22
72 73 153
72 74 83
72 75 34
72 76 49
72 77 78
72 78 149
72 79 39
72 337 87
72 237 89
72 137 56
73 74 55
73 75 72
73 76 99
73 77 10
73 78 51
73 79 91
73 147 24
73 247 18
73 347 71
74 257 47
74 357 98
74 75 147
74 76 97
74 77 122
74 78 24
74 79 66
74 157 118
75 267 124
75 167 122
75 76 29
75 77 125
75 78 41
75 79 100
75 367 32
76 77 101
76 78 79
76 79 23
76 177 105
76 277 101
76 377 108
77 387 36
77 78 96
77 79 110
77 87 31
77 187 103
77 287 19
78 97 113
78 197 24
78 79 98
78 297 137
78 397 126
79 107 147
79 207 75
79 307 78
79 407 127
80 118 130
80 81 51
80 82 89
80 83 152
80 84 54
80 85 49
80 86 132
80 87 38
80 88 123
80 89 110
80 218 35
80 318 79
81 128 37
81 228 114
81 328 122
81 82 123
81 83 153
81 84 32
81 85 52
81 86 102
81 87 123
81 88 45
81 89 22
82 138 119
82 238 107
82 338 26
82 83 148
82 84 141
82 85 104
82 86 71
82 87 111
82 88 120
82 89 148
83 148 86
83 84 26
83 85 61
83 86 124
83 87 83
83 88 129
83 89 26
83 348 127
83 248 86
84 258 95
84 358 137
84 85 69
84 86 107
84 87 132
84 88 122
84 89 133
84 158 142
85 368 112
85 168 148
85 268 42
85 86 89
85 87 142
85 88 17
85 89 111
86 178 12
86 278 17
86 87 56
86 88 109
86 89 95
86 378 137
87 288 137
87 388 137
87 88 27
87 89 141
87 188 130
88 98 143
88 198 89
88 298 121
88 398 87
88 89 154
89 208 72
89 408 74
89 108 26
89 308 96
90 96 89
90 97 59
90 98 31
90 99 146
90 319 87
90 219 108
90 119 135
90 91 74
90 92 18
90 93 99
90 94 111
90 95 145
91 96 31
91 97 76
91 98 148
91 99 129
91 229 45
91 129 139
91 329 67
91 92 135
91 93 91
91 94 147
91 95 109
92 96 61
92 97 120
92 98 72
92 99 29
92 139 51
92 239 21
92 339 121
92 93 107
92 94 144
92 95 45
93 96 107
93 97 77
93 98 37
93 99 86
93 149 52
93 249 37
93 349 133
93 94 61
93 95 42
94 96 102
94 97 10
94 98 143
94 99 16
94 359 25
94 159 62
94 259 57
94 95 12
95 96 95
95 97 150
95 98 74
95 99 35
95 169 56
95 269 54
95 369 39
96 97 111
96 98 138
96 99 83
96 379 111
96 179 102
96 279 137
97 289 130
97 98 90
97 99 89
97 389 18
97 189 91
98 99 119
98 199 135
98 299 123
98 399 37
99 109 47
99 209 109
99 309 150
99 409 27
100 101 12
100 102 140
100 103 101
100 104 129
100 105 97
100 106 109
100 107 53
100 108 148
100 109 77
100 110 104
100 210 150
100 310 99
101 320 114
101 102 12
101 103 34
101 104 136
101 105 100
101 106 101
101 107 100
101 108 146
101 109 88
101 120 130
101 220 118
102 130 75
102 230 27
102 103 116
102 104 142
102 105 117
102 106 136
102 107 63
102 108 80
102 109 25
102 330 21
103 104 128
103 105 122
103 106 12
103 107 91
103 108 22
103 109 25
103 240 141
103 140 77
103 340 102
104 105 126
104 106 37
104 107 84
104 108 147
104 109 89
104 150 116
104 250 20
104 350 117
105 160 53
105 106 117
105 107 136
105 108 31
105 109 125
105 360 80
105 260 43
106 170 15
106 107 116
106 108 26
106 109 132
106 270 73
106 370 92
107 108 61
107 109 54
107 180 16
107 280 150
107 380 60
108 290 148
108 109 145
108 190 111
108 390 153
109 400 150
109 200 38
109 300 86
110 211 71
110 311 117
110 111 39
110 112 146
110 113 57
110 114 143
110 115 21
110 116 143
110 117 153
110 118 62
110 119 66
111 321 14
111 112 10
111 113 131
111 114 78
111 115 56
111 116 12
111 117 143
111 118 110
111 119 130
111 121 112
111 221 73
112 131 38
112 231 33
112 331 50
112 113 133
112 114 113
112 115 54
112 116 94
112 117 133
112 118 61
112 119 88
113 141 76
113 241 73
113 114 147
113 115 36
113 116 19
113 117 42
113 118 48
113 119 66
113 341 21
114 151 30
114 115 20
114 116 104
114 117 15
114 118 23
114 119 25
114 251 95
114 351 36
115 161 77
115 261 150
115 361 147
115 116 116
115 117 153
115 118 74
115 119 38
116 171 150
116 117 144
116 118 115
116 119 20
116 371 100
116 271 74
117 181 155
117 118 18
117 119 119
117 281 62
117 381 97
118 291 131
118 391 125
118 119 104
118 191 14
119 401 98
119 201 128
119 301 13
120 128 89
120 129 152
120 212 74
120 312 64
120 121 129
120 122 35
120 123 109
120 124 134
120 125 79
120 126 44
120 127 90
121 128 91
121 129 98
121 322 58
121 222 74
121 122 63
121 123 88
121 124 19
121 125 133
121 126 129
121 127 20
122 128 132
122 129 90
122 132 123
122 232 16
122 332 21
122 123 62
122 124 13
122 125 56
122 126 41
122 127 106
123 128 19
123 129 89
123 142 111
123 242 43
123 342 58
123 124 75
123 125 153
123 126 76
123 127 101
124 128 49
124 129 68
124 152 81
124 352 142
124 252 75
124 125 41
124 126 107
124 127 120
125 128 144
125 129 18
125 162 78
125 262 139
125 362 25
125 126 59
125 127 76
126 128 62
126 129 73
126 172 150
126 272 125
126 372 24
126 127 67
127 128 128
127 129 117
127 282 52
127 382 128
127 182 100
128 192 117
128 129 109
128 292 18
128 392 85
129 202 62
129 302 104
129 402 58
130 131 53
130 132 47
130 133 109
130 134 31
130 135 140
130 136 12
130 137 103
130 138 38
130 139 81
130 213 74
130 313 81
131 323 34
131 132 120
131 133 150
131 134 95
131 135 119
131 136 21
131 137 152
131 138 25
131 139 87
131 223 35
132 133 97
132 134 22
132 135 137
132 136 22
132 137 38
132 138 107
132 139 60
132 333 46
132 233 14
133 134 145
133 135 31
133 136 84
133 137 106
133 138 127
133 139 19
133 143 124
133 243 24
133 343 66
134 353 74
134 135 144
134 136 141
134 137 124
134 138 124
134 139 58
134 253 89
134 153 10
135 263 105
135 136 33
135 137 46
135 138 126
135 139 99
135 163 153
135 363 22
136 137 154
136 138 44
136 139 112
136 173 134
136 273 38
136 373 50
137 138 28
137 139 106
137 183 91
137 283 120
137 383 155
138 193 39
138 139 107
138 393 78
138 293 59
139 203 144
139 303 93
139 403 34
140 141 70
140 142 56
140 143 65
140 144 56
140 145 114
140 146 42
140 147 45
140 148 72
140 149 16
140 214 61
140 314 131
141 224 82
141 324 72
141 142 92
141 143 30
141 144 103
141 145 55
141 146 144
141 147 90
141 148 39
141 149 57
142 234 101
142 334 66
142 143 30
142 144 26
142 145 138
142 146 149
142 147 99
142 148 48
142 149 120
143 144 137
143 145 97
143 146 151
143 147 51
143 148 80
143 149 38
143 344 58
143 244 116
144 354 79
144 145 16
144 146 118
144 147 102
144 148 138
144 149 41
144 154 54
144 254 54
145 164 51
145 264 56
145 364 122
145 146 27
145 147 94
145 148 43
145 149 148
146 274 83
146 147 98
146 148 120
146 149 47
146 374 148
146 174 76
147 384 143
147 148 28
147 149 81
147 184 155
147 284 143
148 294 55
148 194 126
148 394 20
148 149 117
149 304 155
149 204 84
149 404 128
150 315 127
150 215 133
150 151 65
150 152 22
150 153 135
150 154 146
150 155 133
150 156 119
150 157 78
150 158 142
150 159 126
151 225 120
151 325 127
151 152 49
151 153 46
151 154 63
151 155 119
151 156 24
151 157 143
151 158 99
151 159 103
152 235 135
152 335 118
152 153 141
152 154 104
152 155 97
152 156 122
152 157 100
152 158 27
152 159 141
153 245 134
153 345 33
153 154 134
153 155 94
153 156 123
153 157 131
153 158 36
153 159 108
154 355 51
154 255 94
154 155 79
154 156 106
154 157 114
154 158 81
154 159 43
155 165 121
155 265 20
155 365 46
155 156 146
155 157 136
155 158 25
155 159 117
156 375 153
156 175 20
156 275 139
156 157 69
156 158 123
156 159 68
157 385 15
157 185 146
157 285 118
157 158 20
157 159 14
158 195 48
158 295 151
158 395 122
158 159 113
159 205 31
159 305 89
159 405 129
160 161 113
160 162 98
160 163 79
160 164 45
160 165 58
160 166 56
160 167 43
160 168 136
160 169 129
160 216 131
160 316 144
161 162 113
161 163 128
161 164 87
161 165 66
161 166 57
161 167 27
161 168 128
161 169 144
161 226 64
161 326 150
162 163 87
162 164 72
162 165 53
162 166 80
162 167 111
162 168 95
162 169 66
162 236 143
162 336 151
163 164 78
163 165 65
163 166 64
163 167 12
163 168 136
163 169 52
163 246 28
163 346 91
164 356 123
164 165 117
164 166 48
164 167 40
164 168 11
164 169 139
164 256 116
165 166 58
165 167 58
165 168 96
165 169 78
165 266 79
165 366 155
166 167 78
166 168 148
166 169 109
166 176 43
166 276 96
166 376 96
167 168 49
167 169 31
167 386 53
167 186 12
167 286 113
168 296 12
168 169 128
168 396 68
168 196 87
169 206 24
169 306 36
169 406 24
170 171 22
170 172 52
170 173 105
170 174 89
170 175 148
170 176 133
170 177 48
170 178 24
170 179 84
170 217 96
170 317 102
171 227 100
171 327 27
171 172 148
171 173 86
171 174 109
171 175 141
171 176 147
171 177 112
171 178 94
171 179 117
172 237 139
172 337 144
172 173 128
172 174 144
172 175 74
172 176 86
172 177 103
172 178 114
172 179 144
173 174 87
173 175 23
173 176 90
173 177 84
173 178 63
173 179 28
173 247 77
173 347 64
174 257 19
174 357 26
174 175 95
174 176 104
174 177 97
174 178 149
174 179 70
175 267 148
175 367 96
175 176 78
175 177 84
175 178 128
175 179 153
176 177 92
176 178 148
176 179 148
176 277 118
176 377 67
177 387 52
177 178 153
177 179 20
177 187 68
177 287 126
178 197 37
178 297 23
178 179 16
178 397 102
179 307 51
179 407 18
179 207 63
180 318 26
180 181 31
180 182 63
180 183 126
180 184 61
180 185 146
180 186 85
180 187 21
180 188 98
180 189 98
180 218 139
181 228 16
181 328 34
181 182 143
181 183 48
181 184 63
181 185 91
181 186 122
181 187 113
181 188 72
181 189 104
182 238 148
182 338 62
182 183 11
182 184 91
182 185 20
182 186 136
182 187 59
182 188 103
182 189 21
183 248 44
183 184 27
183 185 143
183 186 116
183 187 110
183 188 61
183 189 129
183 348 101
184 258 102
184 358 155
184 185 59
184 186 46
184 187 16
184 188 58
184 189 139
185 268 34
185 368 99
185 186 124
185 187 70
185 188 48
185 189 122
186 278 147
186 378 138
186 187 65
186 188 74
186 189 91
187 288 58
187 388 14
187 188 114
187 189 75
188 198 67
188 298 91
188 398 122
188 189 51
189 308 92
189 208 59
189 408 147
190 192 50
190 193 12
190 194 102
190 195 92
190 196 38
190 197 83
190 198 105
190 199 128
190 319 132
190 219 107
190 191 119
191 192 82
191 193 99
191 194 39
191 195 121
191 196 30
191 197 35
191 198 35
191 199 113
191 329 10
191 229 30
192 193 87
192 194 72
192 195 117
192 196 57
192 197 126
192 198 92
192 199 43
192 239 27
192 339 135
193 194 91
193 195 14
193 196 51
193 197 131
193 198 20
193 199 108
193 249 110
193 349 81
194 195 25
194 196 44
194 197 10
194 198 119
194 199 59
194 359 52
194 259 52
195 196 85
195 197 16
195 198 112
195 199 119
195 269 70
195 369 122
196 197 144
196 198 36
196 199 16
196 279 59
196 379 16
197 389 153
197 198 106
197 199 153
197 289 36
198 199 67
198 299 107
198 399 131
199 209 122
199 309 135
199 409 35
200 201 83
200 202 114
200 203 11
200 204 97
200 205 85
200 206 91
200 207 96
200 208 128
200 209 135
200 210 61
200 310 133
201 320 130
201 202 149
201 203 123
201 204 146
201 205 30
201 206 147
201 207 87
201 208 33
201 209 27
201 220 33
202 230 141
202 330 111
202 203 56
202 204 74
202 205 111
202 206 53
202 207 15
202 208 124
202 209 10
203 240 87
203 204 125
203 205 47
203 206 99
203 207 68
203 208 43
203 209 74
203 340 122
204 205 71
204 206 27
204 207 127
204 208 45
204 209 137
204 250 84
204 350 70
205 360 140
205 260 107
205 206 59
205 207 114
205 208 126
205 209 96
206 270 18
206 207 11
206 208 87
206 209 31
206 370 102
207 208 40
207 209 133
207 280 31
207 380 76
208 290 152
208 390 54
208 209 128
209 400 40
209 300 63
210 311 72
210 211 135
210 212 93
210 213 53
210 214 88
210 215 12
210 216 144
210 217 117
210 218 141
210 219 121
211 321 79
211 212 51
211 213 75
211 214 145
211 215 81
211 216 79
211 217 135
211 218 116
211 219 19
211 221 35
212 231 129
212 331 77
212 213 98
212 214 141
212 215 47
212 216 24
212 217 140
212 218 36
212 219 121
213 241 111
213 341 117
213 214 81
213 215 57
213 216 126
213 217 124
213 218 52
213 219 78
214 251 116
214 215 10
214 216 151
214 217 57
214 218 109
214 219 129
214 351 137
215 361 103
215 216 116
215 217 34
215 218 79
215 219 152
215 261 20
216 371 144
216 271 86
216 217 106
216 218 12
216 219 131
217 281 75
217 218 75
217 219 127
217 381 59
218 391 127
218 291 62
218 219 151
219 301 77
219 401 88
220 224 17
220 225 51
220 226 122
220 227 144
220 228 51
220 229 146
220 312 148
220 221 11
220 222 138
220 223 130
221 224 10
221 225 49
221 226 138
221 227 17
221 228 83
221 229 106
221 322 132
221 222 82
221 223 26
222 224 102
222 225 66
222 226 66
222 227 16
222 228 20
222 229 40
222 232 44
222 332 10
222 223 73
223 224 33
223 225 95
223 226 155
223 227 69
223 228 116
223 229 69
223 242 59
223 342 68
224 352 59
224 225 67
224 226 29
224 227 34
224 228 25
224 229 133
224 252 102
225 226 16
225 227 85
225 228 135
225 229 147
225 262 140
225 362 26
226 227 15
226 228 145
226 229 11
226 272 28
226 372 145
227 228 100
227 229 91
227 382 70
227 282 133
228 292 77
228 229 147
228 392 78
229 302 40
229 402 81
230 231 89
230 232 95
230 233 40
230 234 138
230 235 108
230 236 117
230 237 135
230 238 137
230 239 61
230 313 142
231 323 79
231 232 133
231 233 45
231 234 11
231 235 42
231 236 47
231 237 110
231 238 34
231 239 152
232 233 134
232 234 97
232 235 103
232 236 154
232 237 91
232 238 101
232 239 79
232 333 150
233 234 18
233 235 88
233 236 102
233 237 105
233 238 94
233 239 51
233 243 39
233 343 64
234 353 17
234 235 11
234 236 29
234 237 93
234 238 85
234 239 128
234 253 143
235 363 68
235 263 94
235 236 131
235 237 48
235 238 28
235 239 27
236 237 74
236 238 73
236 239 37
236 273 155
236 373 135
237 238 121
237 239 81
237 283 53
237 383 32
238 293 23
238 239 95
238 393 118
239 303 95
239 403 142
240 241 14
240 242 28
240 243 118
240 244 57
240 245 73
240 246 110
240 247 70
240 248 27
240 249 49
240 314 55
241 324 101
241 242 50
241 243 80
241 244 65
241 245 104
241 246 87
241 247 23
241 248 38
241 249 52
242 334 62
242 243 37
242 244 12
242 245 105
242 246 125
242 247 64
242 248 41
242 249 97
243 344 112
243 244 120
243 245 82
243 246 56
243 247 33
243 248 35
243 249 136
244 354 67
244 245 13
244 246 147
244 247 133
244 248 119
244 249 69
244 254 62
245 264 10
245 364 151
245 246 29
245 247 100
245 248 98
245 249 20
246 274 97
246 374 93
246 247 122
246 248 149
246 249 81
247 384 41
247 248 30
247 249 79
247 284 45
248 294 72
248 394 80
248 249 120
249 304 59
249 404 64
250 256 131
250 257 154
250 258 27
250 259 127
250 315 14
250 251 75
250 252 113
250 253 148
250 254 33
250 255 55
251 256 53
251 257 28
251 258 50
251 259 113
251 325 145
251 252 97
251 253 147
251 254 85
251 255 59
252 256 124
252 257 23
252 258 36
252 259 93
252 335 123
252 253 36
252 254 118
252 255 108
253 256 37
253 257 100
253 258 13
253 259 57
253 345 83
253 254 137
253 255 146
254 256 154
254 257 14
254 258 86
254 259 121
254 355 106
254 255 117
255 256 132
255 257 119
255 258 72
255 259 114
255 265 22
255 365 129
256 257 55
256 258 56
256 259 89
256 275 42
256 375 19
257 385 85
257 258 33
257 259 71
257 285 31
258 259 152
258 295 27
258 395 145
259 405 123
259 305 90
260 261 70
260 262 39
260 263 146
260 264 130
260 265 81
260 266 138
260 267 91
260 268 141
260 269 141
260 316 25
261 326 28
261 262 61
261 263 98
261 264 128
261 265 31
261 266 105
261 267 112
261 268 61
261 269 72
262 263 131
262 264 19
262 265 115
262 266 39
262 267 85
262 268 56
262 269 67
262 336 80
263 264 18
263 265 74
263 266 19
263 267 89
263 268 54
263 269 52
263 346 55
264 265 137
264 266 60
264 267 39
264 268 58
264 269 35
264 356 114
265 266 108
265 267 70
265 268 14
265 269 129
265 366 56
266 267 73
266 268 88
266 269 151
266 276 68
266 376 68
267 386 86
267 268 147
267 269 117
267 286 47
268 396 126
268 269 24
268 296 139
269 306 146
269 406 155
270 271 21
270 272 121
270 273 19
270 274 89
270 275 134
270 276 76
270 277 29
270 278 59
270 279 11
270 317 123
271 327 125
271 272 78
271 273 21
271 274 119
271 275 139
271 276 133
271 277 38
271 278 108
271 279 117
272 337 98
272 273 45
272 274 139
272 275 41
272 276 80
272 277 44
272 278 118
272 279 55
273 274 143
273 275 152
273 276 54
273 277 112
273 278 72
273 279 98
273 347 145
274 275 119
274 276 53
274 277 152
274 278 127
274 279 72
274 357 89
275 276 42
275 277 46
275 278 75
275 279 63
275 367 154
276 277 118
276 278 48
276 279 14
276 377 44
277 387 83
277 278 57
277 279 80
277 287 113
278 297 113
278 397 63
278 279 115
279 307 51
279 407 123
280 288 95
280 289 91
280 318 23
280 281 106
280 282 129
280 283 108
280 284 120
280 285 120
280 286 141
280 287 53
281 288 49
281 289 141
281 328 78
281 282 80
281 283 147
281 284 62
281 285 28
281 286 146
281 287 13
282 288 116
282 289 143
282 338 34
282 283 67
282 284 55
282 285 41
282 286 119
282 287 113
283 288 17
283 289 79
283 348 69
283 284 80
283 285 54
283 286 138
283 287 90
284 288 151
284 289 38
284 358 80
284 285 29
284 286 149
284 287 29
285 288 131
285 289 141
285 368 40
285 286 134
285 287 16
286 288 102
286 289 85
286 378 124
286 287 155
287 288 70
287 289 152
287 388 136
288 289 149
288 298 74
288 398 11
289 408 43
289 308 137
290 291 115
290 292 127
290 293 36
290 294 15
290 295 82
290 296 98
290 297 99
290 298 58
290 299 107
290 319 23
291 292 128
291 293 50
291 294 142
291 295 22
291 296 133
291 297 101
291 298 23
291 299 87
291 329 28
292 293 146
292 294 12
292 295 147
292 296 94
292 297 23
292 298 50
292 299 101
292 339 101
293 294 42
293 295 11
293 296 111
293 297 129
293 298 100
293 299 14
293 349 109
294 295 117
294 296 97
294 297 77
294 298 131
294 299 120
294 359 46
295 296 18
295 297 132
295 298 15
295 299 152
295 369 30
296 297 132
296 298 40
296 299 148
296 379 53
297 298 92
297 299 22
297 389 133
298 299 137
298 399 117
299 309 73
299 409 48
300 301 69
300 302 88
300 303 35
300 304 128
300 305 92
300 306 126
300 307 101
300 308 32
300 309 67
300 310 20
301 320 66
301 302 94
301 303 16
301 304 97
301 305 42
301 306 149
301 307 132
301 308 78
301 309 24
302 330 134
302 303 34
302 304 15
302 305 23
302 306 21
302 307 63
302 308 139
302 309 113
303 304 81
303 305 24
303 306 47
303 307 53
303 308 109
303 309 111
303 340 152
304 305 119
304 306 48
304 307 132
304 308 69
304 309 31
304 350 28
305 360 43
305 306 75
305 307 80
305 308 98
305 309 67
306 370 52
306 307 57
306 308 94
306 309 60
307 308 41
307 309 98
307 380 149
308 390 129
308 309 37
309 400 116
310 311 89
310 312 104
310 313 141
310 314 104
310 315 49
310 316 54
310 317 139
310 318 122
310 319 57
311 321 63
311 312 40
311 313 88
311 314 33
311 315 107
311 316 55
311 317 68
311 318 124
311 319 154
312 331 51
312 313 130
312 314 139
312 315 45
312 316 110
312 317 149
312 318 128
312 319 89
313 341 70
313 314 123
313 315 112
313 316 24
313 317 110
313 318 32
313 319 95
314 351 127
314 315 154
314 316 147
314 317 27
314 318 42
314 319 99
315 361 69
315 316 57
315 317 86
315 318 29
315 319 66
316 371 32
316 317 57
316 318 53
316 319 15
317 381 146
317 318 50
317 319 40
318 391 127
318 319 41
319 401 96
320 321 68
320 322 112
320 323 54
320 324 52
320 325 64
320 326 121
320 327 138
320 328 99
320 329 43
321 322 19
321 323 84
321 324 152
321 325 151
321 326 31
321 327 28
321 328 141
321 329 80
322 323 61
322 324 88
322 325 52
322 326 76
322 327 110
322 328 55
322 329 67
322 332 108
323 324 149
323 325 152
323 326 131
323 327 41
323 328 133
323 329 117
323 342 35
324 325 139
324 326 116
324 327 101
324 328 55
324 329 78
324 352 104
325 326 75
325 327 94
325 328 75
325 329 90
325 362 52
326 327 22
326 328 121
326 329 148
326 372 117
327 328 58
327 329 35
327 382 154
328 392 18
328 329 116
329 402 120
330 331 88
330 332 81
330 333 99
330 334 134
330 335 133
330 336 92
330 337 62
330 338 40
330 339 80
331 332 120
331 333 41
331 334 103
331 335 149
331 336 91
331 337 155
331 338 151
331 339 19
332 333 132
332 334 36
332 335 125
332 336 61
332 337 146
332 338 34
332 339 46
333 334 65
333 335 115
333 336 44
333 337 68
333 338 86
333 339 37
333 343 128
334 353 26
334 335 43
334 336 88
334 337 46
334 338 63
334 339 105
335 363 35
335 336 153
335 337 15
335 338 46
335 339 17
336 337 63
336 338 133
336 339 127
336 373 141
337 338 39
337 339 155
337 383 59
338 393 106
338 339 40
339 403 56
340 341 100
340 342 139
340 343 100
340 344 57
340 345 111
340 346 61
340 347 79
340 348 38
340 349 19
341 342 66
341 343 107
341 344 139
341 345 151
341 346 12
341 347 107
341 348 139
341 349 69
342 343 22
342 344 148
342 345 148
342 346 46
342 347 106
342 348 89
342 349 45
343 344 150
343 345 83
343 346 48
343 347 39
343 348 60
343 349 122
344 354 22
344 345 58
344 346 131
344 347 67
344 348 76
344 349 96
345 364 74
345 346 17
345 347 49
345 348 29
345 349 17
346 374 78
346 347 21
346 348 140
346 349 104
347 384 126
347 348 106
347 349 26
348 394 36
348 349 98
349 404 66
350 352 60
350 353 52
350 354 102
350 355 95
350 356 21
350 357 125
350 358 55
350 359 42
350 351 96
351 352 85
351 353 53
351 354 140
351 355 153
351 356 89
351 357 98
351 358 46
351 359 46
352 353 94
352 354 99
352 355 81
352 356 23
352 357 12
352 358 105
352 359 121
353 354 59
353 355 141
353 356 97
353 357 63
353 358 28
353 359 26
354 355 102
354 356 33
354 357 23
354 358 126
354 359 135
355 356 98
355 357 51
355 358 52
355 359 124
355 365 123
356 357 54
356 358 84
356 359 32
356 375 67
357 358 143
357 359 148
357 385 55
358 359 155
358 395 139
359 405 137
360 361 91
360 362 107
360 363 21
360 364 144
360 365 129
360 366 16
360 367 59
360 368 139
360 369 138
361 362 77
361 363 67
361 364 90
361 365 121
361 366 147
361 367 142
361 368 52
361 369 118
362 363 128
362 364 46
362 365 151
362 366 50
362 367 72
362 368 16
362 369 106
363 364 100
363 365 149
363 366 96
363 367 56
363 368 104
363 369 153
364 365 116
364 366 44
364 367 17
364 368 36
364 369 51
365 366 51
365 367 51
365 368 62
365 369 37
366 367 122
366 368 108
366 369 109
366 376 22
367 386 103
367 368 139
367 369 69
368 369 98
368 396 22
369 406 79
370 371 72
370 372 44
370 373 11
370 374 56
370 375 62
370 376 126
370 377 48
370 378 151
370 379 126
371 372 53
371 373 50
371 374 60
371 375 145
371 376 112
371 377 56
371 378 85
371 379 42
372 373 73
372 374 72
372 375 16
372 376 136
372 377 90
372 378 39
372 379 44
373 374 139
373 375 15
373 376 51
373 377 11
373 378 91
373 379 64
374 375 29
374 376 125
374 377 14
374 378 80
374 379 155
375 376 79
375 377 100
375 378 45
375 379 107
376 377 125
376 378 86
376 379 13
377 387 105
377 378 13
377 379 116
378 397 122
378 379 13
379 407 101
380 384 67
380 385 21
380 386 61
380 387 57
380 388 94
380 389 95
380 381 91
380 382 109
380 383 132
381 384 84
381 385 85
381 386 117
381 387 108
381 388 16
381 389 96
381 382 44
381 383 152
382 384 101
382 385 127
382 386 113
382 387 69
382 388 109
382 389 140
382 383 136
383 384 12
383 385 10
383 386 151
383 387 52
383 388 122
383 389 12
384 385 85
384 386 153
384 387 20
384 388 106
384 389 19
385 386 97
385 387 118
385 388 101
385 389 49
386 387 74
386 388 20
386 389 62
387 388 64
387 389 33
388 389 63
388 398 148
389 408 25
390 391 72
390 392 39
390 393 90
390 394 118
390 395 94
390 396 88
390 397 146
390 398 143
390 399 121
391 392 83
391 393 80
391 394 141
391 395 95
391 396 106
391 397 36
391 398 121
391 399 69
392 393 72
392 394 64
392 395 102
392 396 91
392 397 150
392 398 112
392 399 41
393 394 27
393 395 134
393 396 67
393 397 138
393 398 128
393 399 116
394 395 53
394 396 111
394 397 131
394 398 141
394 399 44
395 396 127
395 397 96
395 398 125
395 399 71
396 397 73
396 398 58
396 399 101
397 398 146
397 399 147
398 399 145
399 409 100
400 401 138
400 402 96
400 403 103
400 404 129
400 405 122
400 406 111
400 407 53
400 408 120
400 409 70
401 402 139
401 403 97
401 404 81
401 405 125
401 406 37
401 407 20
401 408 111
401 409 44
402 403 105
402 404 90
402 405 113
402 406 75
402 407 19
402 408 120
402 409 113
403 404 105
403 405 104
403 406 89
403 407 71
403 408 85
403 409 58
404 100000 1450
404 100001 1450
404 100002 1450
404 100004 1450
404 405 75
404 406 117
404 407 149
404 408 110
404 409 13
405 100003 1450
405 406 50
405 407 130
405 408 62
405 409 57
406 100002 1450
406 100004 1450
406 407 49
406 408 14
406 409 33
407 100001 1450
407 100003 1450
407 408 97
407 409 144
408 100003 1450
408 100004 1450
408 409 123
409 100002 1450
-2 0 1450
-2 1 1450
-2 3 1450
-5 1 1450
-5 3 1450
-5 4 1450
-4 4 1450
-3 2 1450
-3 3 1450
-3 5 1450
-1 0 1450
-1 2 1450
-1 4 1450
