0 32 25
0 1 154
0 2 75
0 4 67
0 8 73
0 16 86
1 33 51
1 3 61
1 5 36
1 9 91
1 17 91
2 34 155
2 3 139
2 6 16
2 10 79
2 18 29
3 35 41
3 7 150
3 11 104
3 19 153
4 36 84
4 5 56
4 6 23
4 12 121
4 20 132
5 37 57
5 7 40
5 13 64
5 21 43
6 38 94
6 7 151
6 14 33
6 22 14
7 39 71
7 15 76
7 23 44
8 40 43
8 9 105
8 10 78
8 12 106
8 24 38
9 41 91
9 11 122
9 13 114
9 25 115
10 42 22
10 11 96
10 14 38
10 26 93
11 43 45
11 15 38
11 27 76
12 44 34
12 13 85
12 14 44
12 28 46
13 45 146
13 15 122
13 29 21
14 46 63
14 15 143
14 30 104
15 47 75
15 31 122
16 48 128
16 17 87
16 18 128
16 20 147
16 24 136
17 49 139
17 19 141
17 21 146
17 25 142
18 50 57
18 19 105
18 22 49
18 26 148
19 51 148
19 23 68
19 27 15
20 52 76
20 21 127
20 22 148
20 28 92
21 53 11
21 23 32
21 29 148
22 54 11
22 23 20
22 30 54
23 55 149
23 31 102
24 56 105
24 25 37
24 26 39
24 28 79
25 57 65
25 27 64
25 29 64
26 58 92
26 27 130
26 30 110
27 59 30
27 31 154
28 60 126
28 29 58
28 30 153
29 61 119
29 31 52
30 62 140
30 31 101
31 63 47
32 33 136
32 34 95
32 36 113
32 40 38
32 48 43
33 35 12
33 37 97
33 41 132
33 49 30
34 35 153
34 38 154
34 42 71
34 50 47
35 39 152
35 43 85
35 51 143
36 37 103
36 38 51
36 44 95
36 52 45
37 39 99
37 45 109
37 53 48
38 39 64
38 46 139
38 54 92
39 47 116
39 55 105
40 41 79
40 42 95
40 44 48
40 56 12
41 43 150
41 45 146
41 57 147
42 43 54
42 46 66
42 58 86
43 47 12
43 59 110
44 45 141
44 46 141
44 60 10
45 47 79
45 61 80
46 47 89
46 62 58
47 63 37
48 49 142
48 50 84
48 52 127
48 56 132
49 51 72
49 53 34
49 57 61
50 51 59
50 54 44
50 58 84
51 55 37
51 59 84
52 53 143
52 54 71
52 60 93
53 55 145
53 61 114
54 55 47
54 62 49
55 63 134
56 57 68
56 58 10
56 60 93
57 59 96
57 61 32
58 100004 1450
58 59 85
58 62 19
59 100003 1450
59 100004 1450
59 63 128
60 100001 1450
60 100002 1450
60 61 71
60 62 30
61 100000 1450
61 100001 1450
61 100003 1450
61 63 31
62 100000 1450
62 100001 1450
62 100002 1450
62 63 151
63 100000 1450
63 100004 1450
-2 2 1450
-2 3 1450
-2 4 1450
-5 3 1450
-5 4 1450
-4 3 1450
-4 4 1450
-3 0 1450
-3 4 1450
-1 0 1450
-1 3 1450
