0 32 77
0 1 56
0 2 126
0 4 82
0 8 83
0 64 95
0 16 121
1 33 104
1 3 62
1 5 42
1 65 152
1 9 69
1 17 29
2 34 97
2 3 29
2 6 120
2 10 117
2 66 96
2 18 83
3 35 155
3 7 139
3 11 130
3 19 155
3 67 130
4 36 21
4 5 137
4 6 102
4 12 38
4 20 20
4 68 16
5 37 97
5 7 132
5 13 91
5 21 148
5 69 22
6 70 17
6 38 39
6 7 31
6 14 38
6 22 102
7 39 46
7 71 145
7 15 92
7 23 138
8 40 44
8 9 83
8 10 140
8 12 120
8 72 73
8 24 102
9 41 16
9 11 84
9 13 144
9 73 100
9 25 112
10 42 150
10 11 50
10 14 13
10 26 11
10 74 22
11 43 13
11 15 98
11 75 49
11 27 109
12 76 41
12 44 45
12 13 138
12 14 68
12 28 117
13 45 119
13 77 80
13 15 14
13 29 86
14 46 79
14 15 37
14 78 109
14 30 88
15 47 51
15 79 113
15 31 54
16 80 73
16 48 102
16 17 73
16 18 61
16 20 28
16 24 18
17 81 133
17 49 28
17 19 120
17 21 149
17 25 38
18 82 138
18 50 51
18 19 69
18 22 44
18 26 24
19 83 93
19 51 43
19 23 128
19 27 15
20 52 104
20 21 112
20 22 50
20 84 129
20 28 11
21 53 90
21 23 59
21 29 94
21 85 142
22 86 91
22 54 152
22 23 65
22 30 110
23 87 135
23 55 87
23 31 145
24 88 155
24 56 150
24 25 128
24 26 151
24 28 60
25 89 111
25 57 22
25 27 133
25 29 97
26 58 136
26 27 154
26 90 152
26 30 126
27 91 142
27 59 50
27 31 117
28 92 43
28 60 131
28 29 116
28 30 12
29 93 89
29 61 105
29 31 75
30 94 26
30 62 71
30 31 140
31 95 66
31 63 54
32 33 91
32 34 45
32 36 10
32 40 155
32 96 118
32 48 29
33 35 132
33 37 108
33 97 134
33 41 39
33 49 90
34 35 97
34 38 71
34 42 12
34 98 84
34 50 131
35 39 96
35 43 74
35 99 52
35 51 101
36 37 22
36 38 95
36 44 38
36 52 95
36 100 83
37 39 13
37 45 52
37 53 80
37 101 95
38 102 57
38 39 64
38 46 30
38 54 137
39 103 88
39 47 106
39 55 147
40 41 20
40 42 126
40 44 55
40 104 135
40 56 143
41 43 137
41 45 112
41 105 64
41 57 11
42 43 146
42 46 100
42 58 90
42 106 34
43 47 26
43 107 28
43 59 152
44 108 84
44 45 147
44 46 96
44 60 116
45 47 81
45 109 135
45 61 108
46 47 135
46 110 44
46 62 126
47 111 79
47 63 41
48 112 15
48 49 141
48 50 118
48 52 155
48 56 59
49 113 52
49 51 154
49 53 119
49 57 83
50 114 83
50 51 92
50 54 32
50 58 139
51 115 83
51 55 56
51 59 136
52 53 21
52 54 17
52 116 80
52 60 55
53 55 52
53 61 42
53 117 70
54 118 57
54 55 141
54 62 70
55 119 88
55 63 101
56 120 52
56 57 11
56 58 132
56 60 26
57 121 154
57 59 116
57 61 86
58 59 99
58 122 48
58 62 18
59 123 33
59 63 66
60 124 154
60 61 150
60 62 135
61 125 153
61 63 92
62 126 24
62 63 84
63 127 110
64 65 136
64 66 84
64 68 107
64 72 27
64 96 60
64 80 130
65 67 50
65 69 129
65 97 28
65 73 54
65 81 155
66 67 39
66 70 86
66 74 29
66 98 30
66 82 38
67 71 51
67 75 36
67 99 138
67 83 62
68 69 125
68 70 101
68 76 20
68 84 15
68 100 26
69 71 108
69 77 153
69 85 64
69 101 70
70 102 30
70 71 113
70 78 60
70 86 128
71 103 126
71 79 94
71 87 142
72 73 42
72 74 46
72 76 25
72 104 120
72 88 87
73 75 143
73 77 145
73 105 138
73 89 33
74 75 150
74 78 110
74 90 17
74 106 97
75 79 134
75 107 135
75 91 52
76 108 27
76 77 122
76 78 102
76 92 155
77 79 82
77 109 131
77 93 78
78 79 144
78 110 59
78 94 29
79 111 78
79 95 56
80 112 143
80 81 18
80 82 147
80 84 142
80 88 150
81 113 109
81 83 154
81 85 58
81 89 25
82 114 15
82 83 81
82 86 60
82 90 93
83 115 87
83 87 26
83 91 105
84 85 23
84 86 28
84 116 72
84 92 97
85 87 142
85 93 109
85 117 84
86 118 10
86 87 109
86 94 21
87 119 39
87 95 127
88 120 30
88 89 68
88 90 63
88 92 75
89 121 15
89 91 66
89 93 56
90 91 144
90 122 27
90 94 138
91 123 92
91 95 120
92 124 69
92 93 155
92 94 121
93 125 10
93 95 123
94 126 47
94 95 119
95 127 23
96 98 91
96 100 55
96 97 71
96 104 41
96 112 97
97 99 136
97 101 125
97 105 144
97 113 98
98 99 15
98 102 100
98 106 155
98 114 75
99 103 121
99 107 42
99 115 27
100 101 19
100 102 66
100 108 134
100 116 41
101 103 65
101 109 37
101 117 117
102 103 151
102 110 87
102 118 101
103 111 108
103 119 128
104 105 81
104 106 31
104 108 12
104 120 82
105 107 95
105 109 107
105 121 60
106 107 134
106 110 75
106 122 13
107 111 20
107 123 91
108 109 135
108 110 41
108 124 22
109 111 40
109 125 36
110 111 21
110 126 62
111 127 129
112 113 114
112 114 44
112 116 43
112 120 25
113 115 37
113 117 116
113 121 14
114 115 106
114 118 83
114 122 55
115 119 51
115 123 141
116 117 13
116 118 58
116 124 26
117 119 42
117 125 150
118 119 151
118 126 70
119 127 35
120 121 145
120 122 85
120 124 58
121 123 58
121 125 109
122 100003 1450
122 100004 1450
122 123 51
122 126 88
123 100003 1450
123 127 44
124 100004 1450
124 125 147
124 126 121
125 100000 1450
125 100002 1450
125 100003 1450
125 100004 1450
125 127 22
126 100000 1450
126 100001 1450
126 100002 1450
126 127 126
127 100000 1450
127 100001 1450
127 100002 1450
-2 3 1450
-2 4 1450
-5 2 1450
-5 3 1450
-5 4 1450
-4 2 1450
-4 3 1450
-4 4 1450
-3 0 1450
-3 2 1450
-1 5 1450
