0 32 93
0 1 151
0 2 114
0 4 76
0 8 131
0 64 26
0 128 132
0 16 151
1 33 37
1 3 62
1 5 32
1 65 37
1 129 12
1 9 37
1 17 134
2 34 79
2 3 92
2 6 130
2 10 120
2 66 125
2 18 61
2 130 13
3 35 114
3 131 67
3 7 52
3 11 28
3 19 103
3 67 65
4 132 56
4 36 46
4 5 131
4 6 19
4 12 143
4 20 110
4 68 11
5 133 75
5 37 52
5 7 49
5 13 145
5 21 21
5 69 127
6 70 93
6 38 14
6 7 151
6 14 51
6 22 118
6 134 91
7 39 32
7 71 23
7 15 153
7 23 48
7 135 92
8 40 138
8 9 99
8 10 128
8 12 53
8 72 58
8 24 47
8 136 135
9 41 53
9 11 34
9 13 59
9 73 151
9 137 40
9 25 100
10 42 80
10 11 16
10 14 15
10 138 126
10 26 101
10 74 151
11 43 150
11 15 29
11 75 113
11 139 35
11 27 138
12 76 95
12 44 44
12 13 16
12 14 25
12 140 80
12 28 119
13 45 29
13 77 113
13 15 32
13 141 32
13 29 104
14 142 152
14 46 90
14 15 19
14 78 108
14 30 75
15 143 144
15 47 95
15 79 137
15 31 19
16 80 137
16 144 100
16 48 150
16 17 83
16 18 20
16 20 151
16 24 144
17 81 72
17 145 153
17 49 116
17 19 131
17 21 67
17 25 27
18 146 73
18 82 115
18 50 59
18 19 29
18 22 41
18 26 135
19 83 63
19 147 58
19 51 102
19 23 43
19 27 59
20 148 15
20 52 128
20 21 53
20 22 108
20 84 10
20 28 55
21 149 11
21 53 111
21 23 79
21 29 60
21 85 29
22 86 21
22 54 80
22 23 141
22 150 111
22 30 30
23 87 40
23 55 46
23 151 99
23 31 71
24 152 80
24 88 137
24 56 76
24 25 28
24 26 43
24 28 38
25 89 136
25 57 34
25 27 125
25 29 34
25 153 27
26 154 53
26 58 105
26 27 27
26 90 139
26 30 121
27 91 12
27 155 45
27 59 80
27 31 103
28 92 120
28 156 14
28 60 129
28 29 143
28 30 119
29 93 58
29 157 129
29 61 140
29 31 132
30 158 90
30 94 139
30 62 126
30 31 10
31 95 57
31 159 121
31 63 128
32 33 96
32 34 153
32 36 10
32 40 95
32 96 10
32 160 55
32 48 95
33 35 114
33 37 102
33 97 116
33 41 117
33 161 131
33 49 154
34 35 20
34 38 90
34 162 117
34 42 137
34 98 133
34 50 70
35 163 105
35 39 84
35 43 44
35 99 52
35 51 118
36 164 105
36 37 87
36 38 46
36 44 87
36 52 133
36 100 79
37 165 142
37 39 136
37 45 42
37 53 57
37 101 14
38 102 62
38 39 77
38 46 66
38 54 34
38 166 49
39 103 89
39 47 31
39 55 153
39 167 84
40 41 58
40 42 89
40 44 63
40 104 57
40 56 78
40 168 43
41 43 26
41 45 35
41 105 13
41 57 152
41 169 141
42 43 102
42 46 27
42 170 61
42 58 69
42 106 151
43 47 111
43 107 52
43 171 108
43 59 149
44 108 153
44 45 140
44 46 154
44 172 63
44 60 56
45 47 45
45 173 121
45 109 77
45 61 96
46 47 54
46 110 143
46 174 123
46 62 10
47 175 155
47 111 87
47 63 38
48 112 79
48 176 143
48 49 119
48 50 142
48 52 138
48 56 42
49 113 72
49 177 103
49 51 44
49 53 13
49 57 13
50 178 29
50 114 53
50 51 131
50 54 50
50 58 63
51 179 58
51 115 117
51 55 126
51 59 129
52 180 81
52 53 83
52 54 88
52 116 11
52 60 58
53 181 108
53 55 116
53 61 29
53 117 123
54 118 19
54 55 55
54 62 54
54 182 69
55 119 88
55 183 34
55 63 120
56 120 89
56 57 119
56 58 85
56 184 68
56 60 17
57 121 108
57 59 120
57 61 93
57 185 78
58 186 95
58 59 44
58 122 10
58 62 77
59 123 153
59 187 45
59 63 143
60 124 97
60 188 89
60 61 60
60 62 124
61 125 36
61 189 60
61 63 147
62 190 13
62 126 22
62 63 134
63 127 69
63 191 72
64 65 57
64 66 32
64 68 121
64 72 113
64 96 31
64 192 11
64 80 115
65 67 151
65 69 54
65 97 31
65 73 147
65 193 10
65 81 67
66 67 131
66 70 52
66 194 64
66 74 11
66 98 122
66 82 39
67 195 67
67 71 50
67 75 85
67 99 149
67 83 21
68 69 110
68 70 60
68 76 51
68 84 92
68 196 85
68 100 37
69 197 101
69 71 92
69 77 45
69 85 25
69 101 120
70 198 50
70 102 108
70 71 146
70 78 130
70 86 93
71 103 38
71 79 98
71 87 77
71 199 107
72 73 51
72 74 130
72 76 25
72 104 131
72 88 44
72 200 54
73 75 52
73 77 35
73 105 43
73 89 41
73 201 91
74 75 111
74 78 149
74 202 87
74 90 38
74 106 60
75 79 46
75 107 37
75 203 20
75 91 26
76 108 149
76 77 111
76 78 11
76 204 39
76 92 61
77 79 122
77 109 109
77 205 116
77 93 38
78 79 28
78 206 53
78 110 137
78 94 50
79 207 92
79 111 86
79 95 137
80 112 48
80 208 86
80 81 102
80 82 82
80 84 12
80 88 125
81 113 54
81 209 54
81 83 87
81 85 53
81 89 113
82 210 50
82 114 63
82 83 122
82 86 74
82 90 76
83 211 120
83 115 32
83 87 95
83 91 74
84 212 117
84 85 82
84 86 78
84 116 42
84 92 96
85 213 141
85 87 39
85 93 98
85 117 143
86 214 126
86 118 86
86 87 112
86 94 152
87 119 102
87 215 43
87 95 129
88 216 59
88 120 116
88 89 38
88 90 121
88 92 11
89 121 134
89 217 129
89 91 117
89 93 86
90 218 72
90 91 19
90 122 50
90 94 84
91 123 71
91 219 105
91 95 110
92 220 53
92 124 49
92 93 95
92 94 108
93 125 19
93 221 114
93 95 144
94 222 77
94 126 92
94 95 43
95 127 80
95 223 136
96 98 138
96 100 142
96 97 84
96 104 146
96 224 59
96 112 97
97 99 20
97 101 15
97 105 20
97 225 139
97 113 25
98 99 142
98 102 155
98 226 121
98 106 61
98 114 130
99 227 142
99 103 26
99 107 78
99 115 18
100 101 54
100 102 47
100 108 41
100 116 48
100 228 139
101 229 22
101 103 34
101 109 11
101 117 92
102 230 33
102 103 148
102 110 131
102 118 116
103 111 75
103 119 142
103 231 26
104 105 75
104 106 97
104 108 82
104 120 43
104 232 56
105 107 145
105 109 75
105 121 103
105 233 60
106 107 43
106 110 39
106 234 124
106 122 44
107 111 107
107 235 140
107 123 66
108 109 35
108 110 92
108 236 53
108 124 110
109 111 24
109 237 137
109 125 24
110 111 19
110 238 100
110 126 33
111 239 90
111 127 147
112 240 21
112 113 45
112 114 22
112 116 42
112 120 128
113 241 12
113 115 14
113 117 62
113 121 14
114 242 145
114 115 82
114 118 144
114 122 10
115 243 58
115 119 37
115 123 103
116 244 116
116 117 20
116 118 53
116 124 93
117 245 139
117 119 12
117 125 144
118 246 22
118 119 92
118 126 132
119 247 152
119 127 86
120 121 104
120 122 46
120 124 146
120 248 10
121 249 68
121 123 97
121 125 134
122 250 98
122 123 129
122 126 80
123 251 21
123 127 67
124 252 38
124 125 57
124 126 18
125 253 64
125 127 119
126 254 58
126 127 137
127 255 74
128 129 151
128 130 66
128 132 12
128 136 152
128 160 94
128 192 147
128 144 151
129 131 92
129 133 62
129 161 37
129 137 70
129 193 69
129 145 64
130 131 127
130 134 63
130 194 65
130 138 83
130 162 120
130 146 10
131 163 129
131 195 115
131 135 66
131 139 10
131 147 64
132 133 67
132 134 37
132 140 92
132 148 69
132 196 142
132 164 79
133 197 73
133 135 92
133 141 78
133 149 46
133 165 83
134 198 126
134 166 18
134 135 130
134 142 48
134 150 86
135 167 17
135 143 108
135 151 116
135 199 127
136 137 88
136 138 90
136 140 74
136 168 142
136 152 121
136 200 41
137 139 132
137 141 12
137 169 87
137 153 116
137 201 25
138 139 143
138 142 29
138 202 30
138 154 51
138 170 112
139 143 66
139 171 153
139 203 102
139 155 152
140 172 116
140 141 107
140 142 104
140 204 86
140 156 120
141 143 28
141 173 106
141 205 112
141 157 77
142 143 23
142 206 19
142 174 39
142 158 32
143 207 91
143 175 137
143 159 106
144 176 21
144 208 105
144 145 11
144 146 112
144 148 130
144 152 47
145 177 71
145 209 53
145 147 147
145 149 22
145 153 79
146 210 78
146 178 16
146 147 112
146 150 73
146 154 75
147 179 42
147 211 70
147 151 31
147 155 65
148 212 149
148 149 136
148 150 60
148 180 104
148 156 78
149 213 136
149 151 38
149 157 102
149 181 71
150 214 41
150 182 109
150 151 38
150 158 87
151 183 64
151 215 119
151 159 45
152 216 105
152 184 50
152 153 92
152 154 77
152 156 52
153 185 105
153 217 34
153 155 13
153 157 26
154 218 127
154 155 141
154 186 60
154 158 76
155 187 49
155 219 143
155 159 128
156 220 79
156 188 76
156 157 45
156 158 19
157 189 28
157 221 19
157 159 56
158 222 99
158 190 151
158 159 144
159 191 126
159 223 51
160 162 137
160 164 112
160 161 122
160 168 78
160 224 136
160 176 92
161 163 69
161 165 12
161 169 85
161 225 141
161 177 41
162 163 41
162 166 50
162 226 129
162 170 152
162 178 57
163 227 127
163 179 112
163 167 40
163 171 101
164 165 141
164 166 153
164 172 66
164 180 98
164 228 12
165 229 144
165 167 47
165 173 60
165 181 139
166 230 153
166 167 67
166 174 59
166 182 19
167 175 122
167 183 140
167 231 60
168 169 33
168 170 68
168 172 26
168 184 125
168 232 52
169 171 154
169 173 76
169 185 63
169 233 38
170 171 152
170 174 111
170 234 149
170 186 141
171 175 32
171 235 95
171 187 58
172 173 25
172 174 64
172 236 118
172 188 68
173 175 57
173 237 86
173 189 41
174 175 106
174 238 20
174 190 80
175 239 118
175 191 37
176 240 122
176 177 45
176 178 106
176 180 100
176 184 83
177 241 83
177 179 133
177 181 106
177 185 28
178 242 23
178 179 20
178 182 84
178 186 95
179 243 74
179 183 38
179 187 19
180 244 93
180 181 30
180 182 140
180 188 136
181 245 113
181 183 100
181 189 83
182 246 39
182 183 116
182 190 56
183 247 33
183 191 154
184 185 139
184 186 66
184 188 98
184 248 123
185 249 94
185 187 146
185 189 149
186 250 13
186 187 59
186 190 69
187 251 26
187 191 124
188 252 92
188 189 143
188 190 61
189 253 19
189 191 129
190 254 54
190 191 79
191 255 125
192 194 152
192 196 97
192 193 151
192 200 74
192 224 51
192 208 94
193 195 61
193 197 107
193 201 24
193 225 117
193 209 98
194 195 21
194 198 67
194 226 11
194 202 76
194 210 136
195 227 134
195 211 139
195 199 87
195 203 54
196 197 97
196 198 78
196 204 75
196 212 98
196 228 86
197 229 53
197 199 147
197 205 146
197 213 51
198 230 122
198 199 41
198 206 30
198 214 104
199 207 30
199 215 117
199 231 17
200 201 123
200 202 19
200 204 17
200 216 76
200 232 76
201 203 139
201 205 16
201 217 145
201 233 57
202 203 65
202 206 120
202 234 124
202 218 18
203 207 126
203 235 45
203 219 44
204 205 102
204 206 61
204 236 118
204 220 77
205 207 149
205 237 65
205 221 144
206 207 90
206 238 87
206 222 143
207 239 24
207 223 96
208 240 65
208 209 143
208 210 24
208 212 54
208 216 114
209 241 15
209 211 133
209 213 137
209 217 18
210 242 81
210 211 77
210 214 33
210 218 34
211 243 52
211 215 144
211 219 66
212 244 35
212 213 100
212 214 123
212 220 135
213 245 108
213 215 84
213 221 150
214 246 134
214 215 38
214 222 12
215 247 71
215 223 61
216 217 22
216 218 68
216 220 36
216 248 102
217 249 145
217 219 124
217 221 26
218 250 53
218 219 83
218 222 56
219 251 23
219 223 137
220 252 31
220 221 85
220 222 146
221 253 30
221 223 44
222 254 85
222 223 30
223 255 134
224 226 50
224 228 147
224 225 16
224 232 104
224 240 141
225 227 154
225 229 105
225 241 85
225 233 137
226 227 46
226 230 34
226 234 107
226 242 137
227 243 65
227 231 114
227 235 22
228 229 148
228 230 84
228 236 47
228 244 130
229 231 70
229 237 145
229 245 46
230 231 103
230 238 67
230 246 102
231 239 117
231 247 47
232 233 89
232 234 144
232 236 38
232 248 62
233 235 139
233 237 58
233 249 73
234 235 15
234 238 133
234 250 50
235 239 69
235 251 114
236 237 74
236 238 140
236 252 19
237 239 15
237 253 31
238 239 117
238 254 65
239 255 16
240 241 63
240 242 80
240 244 18
240 248 106
241 243 131
241 245 16
241 249 54
242 243 96
242 246 74
242 250 81
243 247 85
243 251 40
244 246 29
244 252 118
244 245 17
245 247 95
245 253 136
246 247 133
246 254 114
247 255 134
248 252 73
248 249 27
248 250 134
249 251 121
249 253 13
250 100000 1450
250 100001 1450
250 100002 1450
250 100003 1450
250 100004 1450
250 251 108
250 254 117
251 100001 1450
251 100002 1450
251 255 96
252 100000 1450
252 253 48
252 254 93
253 255 45
254 100001 1450
254 100004 1450
254 255 119
255 100002 1450
255 100003 1450
255 100004 1450
-2 0 1450
-2 4 1450
-2 5 1450
-5 1 1450
-5 2 1450
-5 4 1450
-4 0 1450
-4 2 1450
-4 3 1450
-3 0 1450
-1 0 1450
-1 5 1450
