0 32 109
0 1 70
0 2 79
0 4 87
0 8 47
0 64 29
0 128 23
0 16 13
1 33 139
1 3 145
1 5 32
1 65 57
1 129 71
1 9 114
1 17 73
2 34 106
2 3 22
2 6 40
2 10 96
2 66 21
2 18 34
2 130 82
3 35 40
3 131 126
3 7 112
3 11 11
3 19 57
3 67 106
4 132 96
4 36 136
4 5 57
4 6 78
4 12 76
4 20 42
4 68 84
5 133 81
5 37 131
5 7 22
5 13 70
5 21 35
5 69 51
6 70 22
6 38 103
6 7 131
6 14 131
6 22 15
6 134 72
7 39 22
7 71 124
7 15 60
7 23 102
7 135 130
8 40 43
8 9 154
8 10 130
8 12 150
8 72 117
8 24 139
8 136 132
9 41 53
9 11 86
9 13 94
9 73 127
9 137 91
9 25 64
10 42 73
10 11 97
10 14 73
10 138 122
10 26 120
10 74 45
11 43 82
11 15 124
11 75 49
11 139 121
11 27 101
12 76 78
12 44 148
12 13 75
12 14 84
12 140 114
12 28 94
13 45 123
13 77 147
13 15 142
13 141 27
13 29 57
14 142 59
14 46 146
14 15 34
14 78 96
14 30 109
15 143 155
15 47 92
15 79 130
15 31 102
16 80 116
16 144 132
16 48 70
16 17 39
16 18 141
16 20 120
16 24 115
17 81 59
17 145 89
17 49 64
17 19 106
17 21 151
17 25 65
18 146 37
18 82 84
18 50 49
18 19 155
18 22 86
18 26 92
19 83 129
19 147 132
19 51 95
19 23 47
19 27 88
20 148 112
20 52 116
20 21 41
20 22 35
20 84 31
20 28 125
21 149 23
21 53 35
21 23 99
21 29 124
21 85 58
22 86 79
22 54 147
22 23 51
22 150 41
22 30 114
23 87 50
23 55 147
23 151 31
23 31 29
24 152 26
24 88 142
24 56 134
24 25 18
24 26 128
24 28 67
25 89 70
25 57 20
25 27 60
25 29 55
25 153 139
26 154 53
26 58 74
26 27 14
26 90 125
26 30 105
27 91 24
27 155 15
27 59 65
27 31 67
28 92 117
28 156 92
28 60 17
28 29 75
28 30 90
29 93 22
29 157 34
29 61 59
29 31 117
30 158 130
30 94 124
30 62 136
30 31 15
31 95 25
31 159 97
31 63 11
32 33 115
32 34 66
32 36 147
32 40 63
32 96 47
32 160 94
32 48 65
33 35 90
33 37 30
33 97 49
33 41 72
33 161 129
33 49 78
34 35 17
34 38 97
34 162 80
34 42 78
34 98 22
34 50 31
35 163 64
35 39 84
35 43 77
35 99 50
35 51 55
36 164 127
36 37 51
36 38 60
36 44 118
36 52 142
36 100 22
37 165 112
37 39 83
37 45 10
37 53 37
37 101 48
38 102 22
38 39 31
38 46 43
38 54 133
38 166 64
39 103 102
39 47 17
39 55 153
39 167 116
40 41 34
40 42 21
40 44 84
40 104 136
40 56 76
40 168 28
41 43 153
41 45 149
41 105 103
41 57 144
41 169 154
42 43 124
42 46 65
42 170 39
42 58 31
42 106 28
43 47 89
43 107 120
43 171 18
43 59 40
44 108 150
44 45 62
44 46 53
44 172 18
44 60 80
45 47 130
45 173 141
45 109 76
45 61 132
46 47 105
46 110 68
46 174 112
46 62 111
47 175 85
47 111 146
47 63 27
48 112 108
48 176 115
48 49 123
48 50 149
48 52 52
48 56 27
49 113 31
49 177 147
49 51 75
49 53 111
49 57 49
50 178 61
50 114 90
50 51 85
50 54 101
50 58 123
51 179 129
51 115 41
51 55 78
51 59 68
52 180 60
52 53 83
52 54 121
52 116 138
52 60 41
53 181 76
53 55 80
53 61 118
53 117 65
54 118 52
54 55 23
54 62 46
54 182 143
55 119 30
55 183 111
55 63 140
56 120 48
56 57 135
56 58 88
56 184 98
56 60 13
57 121 139
57 59 12
57 61 71
57 185 99
58 186 99
58 59 152
58 122 36
58 62 23
59 123 35
59 187 66
59 63 80
60 124 14
60 188 16
60 61 74
60 62 68
61 125 21
61 189 72
61 63 16
62 190 70
62 126 12
62 63 32
63 127 106
63 191 24
64 65 26
64 66 78
64 68 118
64 72 115
64 96 114
64 192 63
64 80 100
65 67 78
65 69 23
65 97 53
65 73 67
65 193 46
65 81 12
66 67 105
66 70 153
66 194 26
66 74 145
66 98 87
66 82 16
67 195 106
67 71 62
67 75 115
67 99 27
67 83 21
68 69 130
68 70 140
68 76 26
68 84 87
68 196 141
68 100 93
69 197 44
69 71 113
69 77 114
69 85 138
69 101 93
70 198 136
70 102 108
70 71 121
70 78 26
70 86 60
71 103 96
71 79 57
71 87 136
71 199 102
72 73 38
72 74 62
72 76 35
72 104 102
72 88 25
72 200 56
73 75 78
73 77 93
73 105 42
73 89 79
73 201 153
74 75 152
74 78 126
74 202 129
74 90 107
74 106 95
75 79 144
75 107 83
75 203 152
75 91 118
76 108 96
76 77 45
76 78 124
76 204 38
76 92 147
77 79 108
77 109 127
77 205 142
77 93 146
78 79 10
78 206 132
78 110 84
78 94 149
79 207 109
79 111 124
79 95 15
80 112 104
80 208 151
80 81 104
80 82 138
80 84 125
80 88 38
81 113 102
81 209 100
81 83 99
81 85 141
81 89 19
82 210 144
82 114 118
82 83 94
82 86 117
82 90 17
83 211 44
83 115 93
83 87 91
83 91 13
84 212 121
84 85 75
84 86 85
84 116 36
84 92 28
85 213 51
85 87 154
85 93 96
85 117 30
86 214 99
86 118 32
86 87 73
86 94 75
87 119 105
87 215 51
87 95 153
88 216 47
88 120 79
88 89 55
88 90 34
88 92 57
89 121 143
89 217 53
89 91 62
89 93 90
90 218 73
90 91 143
90 122 86
90 94 118
91 123 147
91 219 98
91 95 25
92 220 86
92 124 91
92 93 101
92 94 46
93 125 32
93 221 136
93 95 38
94 222 17
94 126 32
94 95 129
95 127 52
95 223 35
96 98 14
96 100 137
96 97 75
96 104 66
96 224 19
96 112 127
97 99 52
97 101 154
97 105 50
97 225 34
97 113 89
98 99 99
98 102 92
98 226 38
98 106 49
98 114 23
99 227 86
99 103 100
99 107 138
99 115 155
100 101 107
100 102 32
100 108 48
100 116 89
100 228 127
101 229 142
101 103 121
101 109 144
101 117 54
102 230 79
102 103 50
102 110 128
102 118 151
103 111 12
103 119 145
103 231 141
104 105 102
104 106 128
104 108 86
104 120 132
104 232 153
105 107 89
105 109 61
105 121 138
105 233 136
106 107 70
106 110 103
106 234 20
106 122 97
107 111 19
107 235 37
107 123 20
108 109 11
108 110 120
108 236 25
108 124 35
109 111 87
109 237 10
109 125 128
110 111 14
110 238 93
110 126 98
111 239 46
111 127 33
112 240 56
112 113 42
112 114 21
112 116 49
112 120 92
113 241 124
113 115 139
113 117 63
113 121 32
114 242 32
114 115 152
114 118 50
114 122 131
115 243 45
115 119 144
115 123 152
116 244 72
116 117 152
116 118 74
116 124 65
117 245 48
117 119 85
117 125 27
118 246 88
118 119 143
118 126 149
119 247 53
119 127 100
120 121 129
120 122 73
120 124 80
120 248 154
121 249 103
121 123 61
121 125 62
122 250 131
122 123 64
122 126 27
123 251 102
123 127 110
124 252 47
124 125 21
124 126 101
125 253 102
125 127 134
126 254 97
126 127 30
127 255 144
128 129 84
128 130 50
128 132 155
128 136 119
128 160 37
128 192 96
128 144 20
129 131 63
129 133 20
129 161 50
129 137 58
129 193 43
129 145 52
130 131 60
130 134 33
130 194 100
130 138 14
130 162 74
130 146 104
131 163 63
131 195 152
131 135 15
131 139 122
131 147 26
132 133 51
132 134 114
132 140 43
132 148 41
132 196 113
132 164 34
133 197 141
133 135 97
133 141 50
133 149 122
133 165 13
134 198 51
134 166 143
134 135 89
134 142 138
134 150 23
135 167 104
135 143 48
135 151 77
135 199 87
136 137 125
136 138 67
136 140 25
136 168 154
136 152 136
136 200 74
137 139 23
137 141 47
137 169 86
137 153 121
137 201 75
138 139 106
138 142 10
138 202 125
138 154 73
138 170 130
139 143 152
139 171 99
139 203 33
139 155 28
140 172 22
140 141 66
140 142 46
140 204 137
140 156 111
141 143 129
141 173 113
141 205 118
141 157 152
142 143 83
142 206 88
142 174 22
142 158 110
143 207 101
143 175 23
143 159 129
144 176 77
144 208 150
144 145 75
144 146 112
144 148 46
144 152 121
145 177 83
145 209 50
145 147 32
145 149 121
145 153 141
146 210 148
146 178 142
146 147 151
146 150 115
146 154 14
147 179 112
147 211 91
147 151 94
147 155 112
148 212 56
148 149 101
148 150 140
148 180 154
148 156 101
149 213 99
149 151 13
149 157 77
149 181 124
150 214 16
150 182 92
150 151 62
150 158 83
151 183 46
151 215 42
151 159 42
152 216 78
152 184 115
152 153 36
152 154 117
152 156 30
153 185 73
153 217 25
153 155 42
153 157 65
154 218 101
154 155 141
154 186 16
154 158 102
155 187 149
155 219 94
155 159 80
156 220 134
156 188 129
156 157 61
156 158 145
157 189 68
157 221 25
157 159 100
158 222 30
158 190 35
158 159 33
159 191 115
159 223 145
160 162 54
160 164 45
160 161 30
160 168 120
160 224 123
160 176 124
161 163 150
161 165 133
161 169 69
161 225 97
161 177 155
162 163 74
162 166 29
162 226 30
162 170 128
162 178 36
163 227 66
163 179 143
163 167 74
163 171 66
164 165 58
164 166 148
164 172 38
164 180 48
164 228 114
165 229 92
165 167 78
165 173 10
165 181 127
166 230 110
166 167 101
166 174 48
166 182 138
167 175 47
167 183 41
167 231 98
168 169 139
168 170 139
168 172 11
168 184 24
168 232 45
169 171 75
169 173 78
169 185 20
169 233 149
170 171 60
170 174 42
170 234 12
170 186 22
171 175 133
171 235 144
171 187 39
172 173 123
172 174 75
172 236 94
172 188 20
173 175 44
173 237 151
173 189 101
174 175 153
174 238 57
174 190 134
175 239 127
175 191 126
176 240 115
176 177 18
176 178 32
176 180 63
176 184 129
177 241 62
177 179 15
177 181 125
177 185 101
178 242 17
178 179 147
178 182 32
178 186 120
179 243 109
179 183 54
179 187 101
180 244 130
180 181 15
180 182 134
180 188 76
181 245 36
181 183 129
181 189 38
182 246 67
182 183 97
182 190 91
183 247 134
183 191 119
184 185 79
184 186 45
184 188 111
184 248 39
185 249 106
185 187 123
185 189 94
186 250 141
186 187 15
186 190 147
187 251 34
187 191 122
188 252 120
188 189 137
188 190 146
189 253 11
189 191 100
190 254 149
190 191 78
191 255 47
192 194 80
192 196 149
192 193 67
192 200 87
192 224 23
192 208 102
193 195 153
193 197 36
193 201 56
193 225 111
193 209 76
194 195 104
194 198 78
194 226 135
194 202 138
194 210 15
195 227 114
195 211 98
195 199 82
195 203 150
196 197 10
196 198 128
196 204 106
196 212 36
196 228 114
197 229 52
197 199 93
197 205 109
197 213 82
198 230 37
198 199 66
198 206 78
198 214 130
199 207 152
199 215 106
199 231 38
200 201 123
200 202 108
200 204 90
200 216 28
200 232 43
201 203 90
201 205 149
201 217 44
201 233 120
202 203 73
202 206 48
202 234 22
202 218 119
203 207 103
203 235 18
203 219 67
204 205 114
204 206 143
204 236 37
204 220 67
205 207 68
205 237 110
205 221 80
206 207 47
206 238 75
206 222 124
207 239 144
207 223 57
208 240 46
208 209 75
208 210 114
208 212 18
208 216 104
209 241 90
209 211 140
209 213 83
209 217 76
210 242 86
210 211 61
210 214 135
210 218 49
211 243 64
211 215 130
211 219 148
212 244 143
212 213 15
212 214 84
212 220 128
213 245 139
213 215 81
213 221 129
214 246 57
214 215 25
214 222 148
215 247 77
215 223 122
216 217 16
216 218 28
216 220 121
216 248 95
217 249 115
217 219 12
217 221 17
218 250 121
218 219 80
218 222 88
219 251 107
219 223 129
220 252 100
220 221 75
220 222 82
221 253 98
221 223 88
222 254 143
222 223 88
223 255 101
224 226 63
224 228 55
224 225 110
224 232 44
224 240 112
225 227 97
225 229 73
225 241 124
225 233 146
226 227 26
226 230 93
226 234 120
226 242 15
227 243 105
227 231 116
227 235 62
228 229 152
228 230 52
228 236 92
228 244 60
229 231 110
229 237 145
229 245 115
230 231 147
230 238 72
230 246 33
231 239 134
231 247 79
232 233 140
232 234 116
232 236 31
232 248 50
233 235 104
233 237 76
233 249 116
234 235 45
234 238 38
234 250 124
235 239 26
235 251 44
236 237 58
236 238 52
236 252 73
237 239 98
237 253 110
238 239 91
238 254 31
239 255 58
240 241 17
240 242 121
240 244 90
240 248 23
241 243 131
241 245 108
241 249 83
242 243 49
242 246 15
242 250 64
243 247 59
243 251 23
244 246 54
244 252 143
244 245 53
245 247 106
245 253 135
246 247 68
246 254 128
247 255 115
248 252 108
248 249 47
248 250 14
249 251 98
249 253 39
250 100001 1450
250 100003 1450
250 251 69
250 254 82
251 100000 1450
251 100001 1450
251 100002 1450
251 100004 1450
251 100003 1450
251 255 138
252 253 122
252 254 134
253 100002 1450
253 100004 1450
253 255 73
254 100000 1450
254 100003 1450
254 255 24
255 100000 1450
255 100001 1450
255 100002 1450
255 100004 1450
-2 0 1450
-2 3 1450
-2 4 1450
-5 1 1450
-5 5 1450
-4 0 1450
-4 1 1450
-4 4 1450
-3 0 1450
-3 3 1450
-1 2 1450
-1 5 1450
