0 8 149
0 1 43
0 2 61
0 4 90
0 16 81
1 9 20
1 3 45
1 5 72
1 17 21
2 10 22
2 3 116
2 18 18
2 6 40
3 19 137
3 11 12
3 7 58
4 20 108
4 12 155
4 5 79
4 6 79
5 21 82
5 13 57
5 7 26
6 22 105
6 14 113
6 7 123
7 23 22
7 15 141
8 9 39
8 10 88
8 12 66
8 24 38
9 11 23
9 13 23
9 25 122
10 11 69
10 26 73
10 14 76
11 27 59
11 15 35
12 28 135
12 13 20
12 14 111
13 29 82
13 15 69
14 30 128
14 15 67
15 31 49
16 17 41
16 18 155
16 20 137
16 24 129
17 19 41
17 21 115
17 25 144
18 19 123
18 26 40
18 22 99
19 27 64
19 23 60
20 28 11
20 21 10
20 22 104
21 29 49
21 23 35
22 30 26
22 23 64
23 31 150
24 26 98
24 28 34
24 25 55
25 27 39
25 29 73
26 100002 1450
26 27 149
26 30 101
27 100000 1450
27 31 95
28 100000 1450
28 100001 1450
28 100002 1450
28 100003 1450
28 100004 1450
28 29 39
28 30 153
29 100000 1450
29 100001 1450
29 100003 1450
29 31 38
30 100002 1450
30 100004 1450
30 31 37
31 100001 1450
31 100003 1450
-2 0 1450
-2 5 1450
-5 0 1450
-5 2 1450
-5 5 1450
-4 1 1450
-4 2 1450
-4 3 1450
-3 0 1450
-3 1 1450
-3 3 1450
-1 0 1450
-1 1 1450
