0 32 88
0 1 21
0 2 56
0 4 97
0 8 40
0 16 10
1 33 79
1 3 112
1 5 128
1 9 43
1 17 19
2 34 13
2 3 57
2 6 44
2 10 44
2 18 127
3 35 118
3 7 119
3 11 103
3 19 71
4 36 143
4 5 14
4 6 118
4 12 55
4 20 138
5 37 88
5 7 27
5 13 86
5 21 59
6 38 50
6 7 121
6 14 91
6 22 42
7 39 45
7 15 129
7 23 77
8 40 17
8 9 41
8 10 127
8 12 42
8 24 44
9 41 49
9 11 36
9 13 121
9 25 141
10 42 153
10 11 95
10 14 116
10 26 150
11 43 35
11 15 116
11 27 29
12 44 122
12 13 36
12 14 60
12 28 97
13 45 152
13 15 83
13 29 18
14 46 134
14 15 121
14 30 18
15 47 135
15 31 12
16 48 36
16 17 98
16 18 110
16 20 42
16 24 65
17 49 33
17 19 79
17 21 131
17 25 73
18 50 22
18 19 126
18 22 54
18 26 80
19 51 38
19 23 136
19 27 107
20 52 73
20 21 52
20 22 111
20 28 133
21 53 125
21 23 49
21 29 52
22 54 45
22 23 27
22 30 130
23 55 111
23 31 63
24 56 98
24 25 95
24 26 78
24 28 48
25 57 136
25 27 101
25 29 86
26 58 99
26 27 33
26 30 134
27 59 86
27 31 20
28 60 19
28 29 31
28 30 105
29 61 76
29 31 153
30 62 14
30 31 138
31 63 66
32 33 153
32 34 121
32 36 27
32 40 130
32 48 23
33 35 52
33 37 148
33 41 46
33 49 50
34 35 19
34 38 115
34 42 56
34 50 130
35 39 124
35 43 93
35 51 18
36 37 74
36 38 103
36 44 91
36 52 10
37 39 113
37 45 54
37 53 130
38 39 147
38 46 27
38 54 116
39 47 153
39 55 112
40 41 37
40 42 14
40 44 11
40 56 22
41 43 13
41 45 100
41 57 78
42 43 135
42 46 54
42 58 92
43 47 146
43 59 98
44 45 106
44 46 128
44 60 45
45 47 21
45 61 108
46 47 92
46 62 139
47 63 30
48 49 104
48 50 99
48 52 151
48 56 72
49 51 33
49 53 30
49 57 126
50 51 117
50 54 34
50 58 133
51 55 117
51 59 130
52 53 111
52 54 14
52 60 120
53 55 54
53 61 112
54 55 97
54 62 103
55 63 133
56 57 33
56 58 154
56 60 63
57 59 26
57 61 20
58 100001 1450
58 100002 1450
58 100004 1450
58 59 91
58 62 65
59 100000 1450
59 100001 1450
59 63 116
60 100000 1450
60 100002 1450
60 100003 1450
60 100004 1450
60 61 56
60 62 20
61 100000 1450
61 63 152
62 100001 1450
62 100002 1450
62 63 91
63 100003 1450
63 100004 1450
-2 0 1450
-2 3 1450
-2 5 1450
-5 1 1450
-5 2 1450
-5 4 1450
-4 5 1450
-3 1 1450
-3 2 1450
-3 4 1450
-1 0 1450
-1 4 1450
