0 8 80
0 1 149
0 2 112
0 4 36
0 16 148
1 9 109
1 3 30
1 5 30
1 17 43
2 10 56
2 3 122
2 18 91
2 6 92
3 19 93
3 1 19
3 2 46
3 11 74
3 7 132
4 20 23
4 12 151
4 5 75
4 6 125
5 1 143
5 21 140
5 4 56
5 13 76
5 7 92
6 2 153
6 4 127
6 22 18
6 14 17
6 7 104
7 23 11
7 3 77
7 5 142
7 6 19
7 15 17
8 9 82
8 10 40
8 12 105
8 24 82
9 11 82
9 13 33
9 25 20
10 11 81
10 26 15
10 14 135
11 27 143
11 15 65
12 28 57
12 13 90
12 14 46
13 29 31
13 5 115
13 15 95
14 30 26
14 6 12
14 15 65
15 31 67
16 17 125
16 18 59
16 20 24
16 24 47
17 19 139
17 21 147
17 25 102
18 19 119
18 26 102
18 22 45
19 27 86
19 23 67
20 28 98
20 4 78
20 21 117
20 22 102
21 29 30
21 5 140
21 23 19
22 30 118
22 6 129
22 23 49
23 31 97
24 26 120
24 28 45
24 25 69
25 27 83
25 29 153
25 17 22
26 100000 1450
26 100002 1450
26 27 57
26 30 80
27 100000 1450
27 100001 1450
27 100004 1450
27 31 142
28 100004 1450
28 29 45
28 30 59
29 100001 1450
29 31 143
30 100002 1450
30 100003 1450
30 31 15
31 100000 1450
31 100001 1450
31 100003 1450
31 100004 1450
-2 1 1450
-2 2 1450
-2 4 1450
-5 2 1450
-5 3 1450
-5 5 1450
-4 3 1450
-4 4 1450
-3 1 1450
-3 4 1450
-3 5 1450
-1 1 1450
-1 2 1450
-1 3 1450
