0 32 19
0 1 12
0 2 104
0 4 111
0 8 65
0 16 129
1 33 123
1 3 10
1 5 56
1 9 108
1 17 36
2 34 62
2 3 51
2 6 153
2 10 23
2 18 92
3 35 24
3 7 109
3 11 136
3 19 29
4 36 17
4 5 34
4 6 113
4 12 148
4 20 137
5 4 108
5 37 47
5 7 100
5 13 107
5 21 79
6 2 57
6 4 120
6 38 23
6 7 103
6 14 154
6 22 90
7 6 51
7 39 131
7 15 43
7 23 124
8 0 32
8 40 10
8 9 141
8 10 22
8 12 26
8 24 103
9 1 63
9 8 72
9 41 155
9 11 40
9 13 89
9 25 86
10 2 53
10 8 50
10 42 155
10 11 130
10 14 146
10 26 63
11 3 110
11 9 94
11 10 133
11 43 119
11 15 74
11 27 96
12 4 69
12 8 42
12 44 34
12 13 97
12 14 62
12 28 110
13 5 120
13 9 101
13 12 142
13 45 131
13 15 127
13 29 32
14 6 107
14 10 28
14 12 151
14 46 72
14 15 73
14 30 78
15 11 83
15 13 148
15 14 89
15 47 102
15 31 25
16 0 23
16 48 147
16 17 37
16 18 111
16 20 134
16 24 77
17 1 79
17 16 52
17 49 23
17 19 106
17 21 29
17 25 140
18 2 104
18 16 18
18 50 126
18 19 150
18 22 94
18 26 128
19 3 75
19 17 123
19 18 36
19 51 17
19 23 62
19 27 45
20 4 30
20 16 108
20 52 67
20 21 71
20 22 114
20 28 20
21 5 65
21 17 43
21 20 151
21 53 63
21 23 24
21 29 66
22 6 145
22 18 95
22 20 125
22 54 102
22 23 28
22 30 63
23 7 112
23 19 73
23 21 75
23 22 80
23 55 140
23 31 70
24 8 103
24 16 149
24 56 133
24 25 151
24 26 115
24 28 13
25 9 47
25 17 94
25 24 78
25 57 31
25 27 126
25 29 138
26 10 81
26 18 45
26 24 82
26 58 48
26 27 130
26 30 70
27 11 55
27 19 46
27 25 129
27 26 94
27 59 105
27 31 147
28 12 124
28 20 138
28 24 147
28 60 134
28 29 25
28 30 101
29 13 138
29 21 131
29 25 133
29 28 82
29 61 96
29 31 41
30 14 70
30 22 67
30 26 70
30 28 105
30 62 71
30 31 108
31 15 26
31 23 132
31 27 48
31 29 81
31 30 121
31 63 80
32 33 50
32 34 82
32 36 26
32 40 75
32 48 138
33 35 101
33 37 85
33 41 147
33 49 35
34 35 128
34 38 114
34 42 147
34 50 144
35 39 45
35 43 147
35 51 69
36 37 133
36 38 14
36 44 36
36 52 109
37 5 65
37 39 112
37 45 45
37 53 76
38 6 28
38 39 144
38 46 30
38 54 68
39 47 26
39 55 86
40 8 106
40 41 88
40 42 148
40 44 77
40 56 54
41 9 27
41 43 28
41 45 81
41 57 131
42 40 38
42 10 40
42 43 60
42 46 135
42 58 11
43 42 15
43 11 19
43 47 78
43 59 14
44 36 70
44 40 131
44 12 116
44 45 54
44 46 95
44 60 85
45 44 144
45 13 134
45 47 143
45 61 131
46 44 96
46 14 121
46 47 47
46 62 20
47 63 149
48 32 91
48 16 100
48 49 112
48 50 96
48 52 104
48 56 94
49 33 30
49 48 114
49 17 129
49 51 122
49 53 138
49 57 21
50 34 91
50 48 102
50 18 143
50 51 143
50 54 22
50 58 24
51 35 40
51 49 71
51 50 36
51 19 151
51 55 138
51 59 70
52 36 137
52 48 58
52 20 87
52 53 109
52 54 77
52 60 78
53 37 133
53 49 100
53 52 60
53 21 67
53 55 54
53 61 124
54 38 81
54 50 81
54 52 75
54 22 84
54 55 17
54 62 87
55 51 22
55 53 62
55 54 60
55 23 136
55 63 39
56 40 66
56 48 131
56 24 122
56 57 87
56 58 18
56 60 33
57 41 77
57 49 111
57 56 87
57 25 111
57 59 101
57 61 130
58 100002 1450
58 100004 1450
58 42 102
58 50 97
58 56 29
58 26 144
58 59 136
58 62 25
59 100000 1450
59 100001 1450
59 100003 1450
59 51 99
59 57 64
59 58 121
59 27 112
59 63 94
60 100001 1450
60 100002 1450
60 44 51
60 52 88
60 56 99
60 28 37
60 61 145
60 62 56
61 100000 1450
61 100003 1450
61 100004 1450
61 53 35
61 57 23
61 60 60
61 29 134
61 63 116
62 100001 1450
62 100002 1450
62 54 72
62 58 100
62 60 52
62 30 74
62 63 72
-2 3 1450
-2 4 1450
-2 5 1450
-5 2 1450
-5 3 1450
-5 5 1450
-4 2 1450
-3 2 1450
-3 3 1450
-3 4 1450
-1 2 1450
-1 3 1450
-1 5 1450
