0 32 45
0 1 42
0 2 125
0 4 53
0 8 119
0 64 111
0 128 12
0 256 128
0 16 92
1 33 28
1 3 46
1 5 60
1 65 37
1 129 26
1 9 31
1 257 59
1 17 124
2 34 150
2 3 38
2 6 143
2 10 68
2 66 97
2 18 13
2 258 80
2 130 44
3 35 151
3 131 107
3 7 87
3 259 109
3 11 21
3 19 91
3 67 23
4 132 126
4 36 122
4 5 54
4 6 80
4 12 100
4 20 105
4 68 106
4 260 32
5 133 90
5 37 77
5 7 100
5 261 33
5 13 67
5 21 106
5 69 20
6 70 81
6 38 25
6 7 128
6 262 96
6 14 107
6 22 73
6 134 76
7 263 67
7 39 52
7 71 149
7 15 136
7 23 66
7 135 113
8 40 116
8 9 28
8 10 99
8 12 68
8 72 34
8 24 141
8 136 71
8 264 137
9 41 98
9 11 133
9 13 42
9 73 138
9 137 100
9 25 144
9 265 84
10 266 70
10 42 149
10 11 103
10 14 22
10 138 64
10 26 49
10 74 143
11 43 155
11 15 35
11 75 13
11 139 65
11 267 91
11 27 41
12 76 137
12 44 120
12 13 141
12 14 103
12 140 69
12 268 38
12 28 94
13 45 133
13 77 87
13 15 97
13 141 28
13 269 68
13 29 147
14 142 148
14 46 101
14 15 38
14 270 131
14 78 62
14 30 21
15 143 59
15 47 88
15 271 117
15 79 77
15 31 88
16 80 83
16 144 89
16 272 117
16 48 70
16 17 80
16 18 133
16 20 118
16 24 50
17 81 18
17 145 18
17 273 26
17 49 145
17 19 42
17 21 42
17 25 121
18 146 113
18 274 67
18 82 152
18 50 23
18 19 131
18 22 152
18 26 104
19 83 28
19 147 96
19 275 11
19 51 68
19 23 153
19 27 88
20 148 98
20 276 111
20 52 75
20 21 114
20 22 33
20 84 82
20 28 68
21 149 122
21 277 67
21 53 136
21 23 118
21 29 36
21 85 12
22 278 80
22 86 130
22 54 141
22 23 131
22 150 91
22 30 151
23 279 146
23 87 142
23 55 11
23 151 135
23 31 46
24 152 94
24 88 98
24 56 153
24 25 27
24 26 55
24 28 25
24 280 64
25 89 128
25 57 105
25 27 120
25 281 21
25 29 46
25 153 147
26 282 61
26 154 80
26 58 84
26 27 149
26 90 131
26 30 25
27 91 137
27 155 82
27 283 48
27 59 152
27 31 56
28 92 45
28 156 94
28 284 123
28 60 56
28 29 62
28 30 120
29 93 44
29 157 106
29 285 125
29 61 88
29 31 95
30 158 100
30 286 69
30 94 64
30 62 47
30 31 104
31 95 49
31 159 51
31 287 109
31 63 12
32 33 130
32 34 29
32 36 149
32 40 108
32 96 20
32 160 154
32 288 28
32 48 125
33 35 37
33 37 148
33 97 72
33 41 141
33 289 48
33 161 21
33 49 59
34 35 151
34 38 70
34 162 84
34 42 140
34 290 32
34 98 15
34 50 16
35 163 94
35 39 153
35 291 141
35 43 17
35 99 60
35 51 97
36 164 125
36 37 48
36 38 17
36 292 120
36 44 59
36 52 22
36 100 153
37 165 60
37 39 25
37 45 93
37 53 57
37 293 152
37 101 84
38 294 117
38 102 40
38 39 12
38 46 45
38 54 127
38 166 41
39 295 31
39 103 72
39 47 11
39 55 45
39 167 45
40 41 22
40 42 137
40 44 44
40 104 103
40 56 142
40 168 154
40 296 11
41 43 115
41 45 90
41 105 139
41 57 91
41 297 81
41 169 81
42 43 31
42 46 28
42 170 152
42 58 88
42 298 105
42 106 58
43 47 78
43 107 75
43 171 35
43 299 57
43 59 32
44 108 24
44 45 126
44 46 91
44 172 129
44 300 39
44 60 142
45 47 62
45 173 57
45 109 105
45 301 137
45 61 81
46 47 51
46 302 129
46 110 19
46 174 45
46 62 65
47 175 62
47 303 69
47 111 129
47 63 40
48 112 14
48 176 10
48 304 77
48 49 151
48 50 67
48 52 55
48 56 76
49 113 66
49 177 69
49 305 49
49 51 91
49 53 140
49 57 50
50 178 48
50 306 154
50 114 38
50 51 23
50 54 65
50 58 148
51 179 41
51 307 58
51 115 44
51 55 79
51 59 124
52 180 124
52 308 57
52 53 20
52 54 100
52 116 151
52 60 99
53 181 108
53 55 117
53 309 128
53 61 97
53 117 99
54 310 79
54 118 124
54 55 69
54 62 63
54 182 147
55 311 124
55 119 25
55 183 122
55 63 116
56 120 56
56 57 133
56 58 11
56 184 128
56 60 78
56 312 90
57 313 103
57 121 139
57 59 137
57 61 26
57 185 96
58 314 83
58 186 36
58 59 59
58 122 108
58 62 21
59 123 75
59 187 56
59 315 27
59 63 129
60 124 99
60 188 23
60 316 38
60 61 31
60 62 82
61 317 80
61 125 27
61 189 73
61 63 17
62 190 96
62 318 148
62 126 84
62 63 32
63 127 51
63 191 81
63 319 98
64 65 17
64 66 45
64 68 63
64 72 135
64 96 76
64 192 91
64 80 115
64 320 141
65 67 121
65 69 137
65 97 128
65 73 128
65 193 155
65 321 148
65 81 47
66 67 47
66 70 87
66 194 45
66 74 24
66 322 116
66 98 69
66 82 87
67 195 126
67 71 81
67 323 27
67 75 144
67 99 87
67 83 108
68 69 135
68 70 122
68 324 118
68 76 64
68 84 56
68 196 140
68 100 149
69 197 46
69 325 27
69 71 130
69 77 90
69 85 150
69 101 152
70 198 89
70 102 12
70 71 72
70 78 10
70 326 105
70 86 116
71 327 69
71 103 147
71 79 151
71 87 102
71 199 69
72 328 45
72 73 125
72 74 150
72 76 27
72 104 146
72 88 64
72 200 45
73 75 73
73 77 17
73 105 94
73 89 57
73 201 105
73 329 109
74 75 100
74 78 95
74 202 40
74 90 83
74 330 47
74 106 115
75 79 113
75 107 111
75 203 141
75 331 88
75 91 131
76 108 102
76 77 66
76 78 53
76 204 150
76 332 93
76 92 108
77 79 116
77 109 148
77 333 31
77 205 51
77 93 49
78 79 49
78 206 54
78 334 155
78 110 52
78 94 65
79 207 48
79 335 52
79 111 30
79 95 88
80 112 103
80 208 135
80 81 10
80 82 96
80 84 81
80 336 13
80 88 135
81 113 12
81 209 145
81 337 49
81 83 128
81 85 71
81 89 69
82 210 79
82 338 144
82 114 21
82 83 79
82 86 91
82 90 155
83 211 20
83 339 78
83 115 63
83 87 110
83 91 45
84 340 13
84 212 84
84 85 52
84 86 145
84 116 59
84 92 59
85 213 84
85 341 97
85 87 140
85 93 29
85 117 92
86 214 60
86 342 103
86 118 89
86 87 54
86 94 15
87 343 87
87 119 55
87 215 34
87 95 141
88 344 71
88 216 35
88 120 60
88 89 53
88 90 117
88 92 52
89 121 113
89 217 72
89 91 145
89 93 146
89 345 31
90 218 129
90 91 125
90 346 132
90 122 35
90 94 147
91 123 124
91 347 155
91 219 113
91 95 100
92 220 121
92 124 105
92 348 44
92 93 131
92 94 152
93 125 46
93 221 116
93 349 132
93 95 121
94 222 28
94 350 32
94 126 90
94 95 119
95 127 103
95 223 123
95 351 25
96 98 150
96 100 102
96 97 153
96 104 57
96 224 66
96 112 106
96 352 124
97 99 85
97 101 115
97 105 107
97 225 112
97 353 76
97 113 97
98 99 27
98 102 45
98 226 33
98 106 32
98 354 30
98 114 29
99 227 21
99 103 106
99 107 141
99 115 63
99 355 114
100 101 17
100 102 19
100 356 46
100 108 142
100 116 152
100 228 81
101 229 152
101 103 150
101 357 102
101 109 140
101 117 57
102 230 54
102 103 39
102 110 45
102 118 145
102 358 140
103 111 139
103 359 94
103 119 59
103 231 136
104 360 143
104 105 127
104 106 45
104 108 48
104 120 143
104 232 71
105 107 72
105 109 61
105 121 23
105 233 11
105 361 102
106 107 91
106 110 14
106 362 109
106 234 20
106 122 97
107 363 35
107 111 56
107 235 117
107 123 93
108 109 20
108 110 83
108 236 83
108 364 98
108 124 153
109 111 48
109 237 86
109 365 62
109 125 32
110 111 85
110 238 142
110 366 104
110 126 117
111 239 96
111 367 62
111 127 23
112 240 115
112 113 100
112 114 116
112 116 58
112 368 78
112 120 25
113 241 77
113 369 124
113 115 128
113 117 99
113 121 72
114 242 18
114 370 72
114 115 65
114 118 56
114 122 52
115 243 52
115 371 37
115 119 111
115 123 29
116 244 10
116 372 105
116 117 141
116 118 50
116 124 76
117 245 144
117 373 98
117 119 29
117 125 61
118 246 141
118 119 127
118 374 44
118 126 97
119 375 108
119 247 59
119 127 112
120 376 125
120 121 12
120 122 143
120 124 115
120 248 77
121 249 45
121 123 146
121 125 88
121 377 81
122 378 90
122 250 69
122 123 53
122 126 123
123 379 136
123 251 112
123 127 109
124 252 147
124 380 95
124 125 105
124 126 94
125 253 62
125 381 69
125 127 97
126 382 149
126 254 48
126 127 142
127 255 115
127 383 102
128 129 79
128 130 32
128 132 93
128 136 128
128 160 96
128 192 61
128 144 95
128 384 15
129 131 78
129 133 54
129 161 80
129 137 134
129 193 51
129 385 149
129 145 119
130 131 40
130 134 153
130 194 11
130 138 78
130 162 128
130 386 29
130 146 77
131 163 94
131 195 36
131 135 105
131 139 146
131 387 40
131 147 148
132 133 106
132 134 60
132 388 85
132 140 10
132 148 33
132 196 17
132 164 65
133 197 135
133 135 20
133 389 75
133 141 29
133 149 17
133 165 34
134 198 53
134 166 64
134 135 129
134 142 20
134 150 104
134 390 48
135 391 53
135 167 37
135 143 51
135 151 105
135 199 107
136 392 22
136 137 54
136 138 82
136 140 144
136 168 58
136 152 19
136 200 144
137 393 80
137 139 104
137 141 54
137 169 92
137 153 32
137 201 140
138 139 73
138 142 21
138 202 15
138 154 72
138 170 57
138 394 138
139 143 81
139 171 119
139 203 64
139 155 29
139 395 148
140 172 152
140 141 133
140 142 40
140 204 97
140 396 134
140 156 67
141 143 64
141 173 65
141 205 132
141 397 117
141 157 120
142 143 62
142 206 60
142 174 91
142 398 124
142 158 51
143 207 138
143 399 91
143 175 95
143 159 138
144 176 100
144 208 106
144 145 84
144 146 142
144 148 91
144 152 58
144 400 82
145 177 147
145 209 142
145 147 48
145 149 21
145 401 53
145 153 78
146 210 130
146 178 16
146 402 105
146 147 49
146 150 138
146 154 147
147 179 143
147 211 44
147 403 151
147 151 59
147 155 76
148 212 127
148 404 113
148 149 86
148 150 118
148 180 121
148 156 99
149 213 45
149 405 33
149 151 145
149 157 147
149 181 30
150 214 38
150 182 97
150 151 115
150 158 29
150 406 103
151 407 98
151 183 120
151 215 51
151 159 142
152 408 33
152 216 69
152 184 89
152 153 48
152 154 41
152 156 11
153 409 60
153 185 80
153 217 143
153 155 141
153 157 137
154 410 92
154 218 58
154 155 40
154 186 110
154 158 77
155 187 65
155 219 74
155 411 108
155 159 154
156 220 123
156 188 54
156 412 93
156 157 15
156 158 91
157 189 30
157 221 146
157 413 67
157 159 60
158 414 12
158 222 110
158 190 125
158 159 121
159 191 53
159 223 102
159 415 43
160 162 70
160 164 121
160 161 14
160 168 15
160 224 142
160 176 77
160 416 124
161 163 98
161 165 22
161 169 26
161 225 100
161 177 134
161 417 153
162 163 132
162 166 68
162 226 21
162 170 118
162 418 105
162 178 109
163 227 49
163 179 21
163 167 63
163 171 12
163 419 100
164 165 88
164 166 146
164 420 138
164 172 15
164 180 25
164 228 94
165 229 108
165 167 82
165 421 37
165 173 154
165 181 13
166 230 114
166 167 24
166 174 43
166 422 108
166 182 21
167 175 117
167 183 149
167 423 52
167 231 21
168 424 73
168 169 154
168 170 94
168 172 137
168 184 103
168 232 45
169 425 78
169 171 15
169 173 47
169 185 80
169 233 135
170 171 29
170 174 60
170 234 79
170 186 148
170 426 50
171 175 45
171 235 26
171 187 51
171 427 94
172 173 93
172 174 132
172 236 111
172 428 77
172 188 154
173 175 90
173 237 141
173 429 135
173 189 84
174 175 125
174 238 109
174 430 17
174 190 139
175 239 63
175 431 115
175 191 98
176 240 10
176 177 96
176 178 30
176 432 52
176 180 126
176 184 133
177 241 112
177 179 97
177 181 110
177 433 82
177 185 107
178 242 154
178 434 146
178 179 91
178 182 62
178 186 106
179 243 50
179 435 57
179 183 139
179 187 124
180 244 53
180 436 128
180 181 123
180 182 11
180 188 118
181 245 117
181 437 16
181 183 130
181 189 88
182 246 126
182 438 44
182 183 62
182 190 49
183 439 46
183 247 91
183 191 136
184 440 58
184 185 16
184 186 139
184 188 133
184 248 70
185 441 17
185 249 58
185 187 28
185 189 75
186 250 78
186 187 70
186 190 56
186 442 126
187 251 58
187 443 23
187 191 103
188 252 112
188 444 147
188 189 134
188 190 149
189 253 20
189 445 95
189 191 92
190 254 89
190 446 12
190 191 90
191 255 42
191 447 20
192 194 37
192 196 101
192 193 134
192 200 122
192 224 112
192 208 12
192 448 77
193 195 148
193 197 45
193 201 69
193 225 42
193 209 138
193 449 125
194 195 38
194 198 141
194 226 28
194 202 20
194 450 149
194 210 138
195 227 30
195 211 41
195 199 124
195 203 93
195 451 39
196 197 129
196 198 123
196 204 125
196 212 130
196 228 21
196 452 100
197 229 147
197 199 96
197 453 16
197 205 46
197 213 144
198 230 91
198 199 72
198 454 54
198 206 98
198 214 100
199 207 86
199 215 11
199 455 16
199 231 70
200 456 100
200 201 39
200 202 101
200 204 118
200 216 64
200 232 141
201 457 50
201 203 55
201 205 148
201 217 81
201 233 56
202 458 151
202 203 22
202 206 107
202 234 104
202 218 43
203 207 13
203 235 125
203 219 113
203 459 105
204 460 83
204 205 49
204 206 79
204 236 54
204 220 86
205 207 23
205 237 43
205 461 120
205 221 149
206 207 39
206 238 103
206 462 91
206 222 150
207 239 84
207 463 67
207 223 93
208 464 62
208 240 78
208 209 118
208 210 131
208 212 25
208 216 79
209 241 10
209 465 79
209 211 12
209 213 103
209 217 120
210 242 14
210 466 124
210 211 89
210 214 154
210 218 21
211 243 26
211 467 124
211 215 62
211 219 125
212 244 54
212 468 68
212 213 10
212 214 117
212 220 40
213 245 27
213 469 49
213 215 118
213 221 96
214 246 81
214 470 22
214 215 77
214 222 28
215 471 27
215 247 108
215 223 141
216 472 144
216 217 144
216 218 155
216 220 147
216 248 82
217 473 123
217 249 46
217 219 153
217 221 54
218 474 11
218 250 89
218 219 150
218 222 22
219 251 70
219 475 138
219 223 76
220 476 98
220 252 56
220 221 82
220 222 121
221 253 150
221 477 25
221 223 44
222 254 59
222 478 16
222 223 12
223 255 34
223 479 10
224 226 109
224 228 104
224 225 27
224 232 72
224 240 69
224 480 105
225 227 135
225 229 40
225 241 134
225 481 21
225 233 40
226 227 91
226 230 116
226 234 17
226 482 77
226 242 106
227 243 52
227 231 34
227 235 49
227 483 122
228 229 136
228 230 143
228 236 56
228 484 75
228 244 10
229 231 80
229 485 95
229 237 120
229 245 94
230 231 88
230 486 14
230 238 103
230 246 58
231 487 121
231 239 145
231 247 17
232 488 56
232 233 129
232 234 70
232 236 60
232 248 124
233 489 26
233 235 49
233 237 39
233 249 73
234 490 101
234 235 27
234 238 10
234 250 42
235 239 29
235 251 44
235 491 56
236 237 39
236 238 92
236 252 80
236 492 31
237 493 92
237 239 130
237 253 58
238 239 135
238 494 153
238 254 45
239 495 49
239 255 22
240 241 79
240 242 144
240 244 86
240 496 105
240 248 41
241 497 31
241 243 18
241 245 105
241 249 93
242 498 133
242 243 119
242 246 95
242 250 16
243 499 123
243 247 51
243 251 40
244 500 77
244 246 150
244 252 64
244 245 32
245 501 63
245 247 154
245 253 123
246 502 126
246 247 31
246 254 101
247 503 68
247 255 43
248 504 118
248 252 59
248 249 106
248 250 56
249 505 147
249 251 148
249 253 105
250 506 37
250 251 96
250 254 124
251 507 65
251 255 102
252 508 121
252 253 81
252 254 148
253 509 45
253 255 131
254 510 15
254 255 106
255 511 153
256 257 99
256 258 25
256 260 136
256 264 155
256 288 52
256 272 68
256 320 41
256 384 22
257 259 60
257 261 81
257 289 118
257 265 60
257 321 84
257 385 78
257 273 106
258 259 56
258 262 152
258 266 58
258 322 56
258 290 133
258 386 50
258 274 98
259 263 39
259 291 36
259 323 55
259 267 109
259 387 59
259 275 49
260 261 114
260 262 128
260 324 134
260 388 49
260 268 87
260 276 88
260 292 108
261 325 66
261 263 144
261 389 138
261 269 84
261 277 69
261 293 52
262 294 142
262 263 30
262 270 61
262 326 47
262 278 119
262 390 74
263 327 149
263 391 86
263 295 34
263 271 50
263 279 55
264 328 112
264 392 117
264 265 25
264 266 25
264 268 148
264 296 139
264 280 83
265 393 118
265 267 143
265 269 89
265 297 124
265 281 152
265 329 71
266 267 100
266 270 155
266 282 78
266 330 123
266 298 31
266 394 126
267 271 136
267 299 107
267 331 119
267 283 97
267 395 117
268 300 28
268 269 57
268 270 39
268 332 94
268 396 76
268 284 65
269 271 102
269 301 39
269 333 34
269 397 63
269 285 82
270 271 107
270 334 126
270 302 83
270 398 155
270 286 152
271 335 104
271 399 111
271 303 57
271 287 78
272 304 46
272 273 92
272 274 19
272 276 125
272 336 43
272 280 118
272 400 102
273 305 58
273 337 83
273 275 107
273 277 13
273 401 55
273 281 136
274 338 124
274 306 40
274 402 78
274 275 141
274 278 147
274 282 74
275 307 53
275 339 34
275 403 137
275 279 149
275 283 86
276 340 66
276 404 115
276 277 105
276 278 13
276 308 42
276 284 113
277 341 42
277 405 82
277 279 45
277 285 113
277 309 31
278 342 144
278 310 17
278 279 69
278 286 115
278 406 14
279 343 84
279 407 76
279 311 14
279 287 119
280 344 25
280 408 95
280 312 46
280 281 68
280 282 142
280 284 110
281 409 30
281 313 128
281 283 37
281 285 142
281 345 130
282 410 85
282 283 120
282 346 107
282 314 83
282 286 151
283 315 116
283 347 20
283 411 131
283 287 66
284 316 40
284 348 85
284 412 47
284 285 127
284 286 50
285 317 71
285 349 65
285 413 76
285 287 35
286 414 64
286 350 120
286 318 150
286 287 102
287 319 78
287 351 49
287 415 74
288 290 66
288 292 59
288 289 32
288 296 91
288 304 22
288 352 37
288 416 10
289 291 34
289 293 15
289 297 125
289 353 26
289 305 116
289 417 82
290 291 27
290 294 47
290 298 85
290 354 77
290 418 63
290 306 47
291 295 11
291 307 49
291 299 89
291 419 99
291 355 31
292 293 69
292 294 148
292 356 116
292 420 132
292 300 119
292 308 15
293 295 137
293 421 149
293 357 43
293 301 38
293 309 86
294 295 138
294 302 91
294 422 16
294 310 85
294 358 88
295 303 155
295 359 53
295 311 141
295 423 144
296 360 95
296 424 65
296 297 121
296 298 127
296 300 75
296 312 135
297 425 76
297 299 121
297 301 19
297 313 65
297 361 84
298 299 98
298 302 141
298 362 82
298 314 25
298 426 63
299 363 102
299 303 47
299 315 55
299 427 46
300 301 26
300 302 95
300 364 98
300 428 55
300 316 146
301 303 58
301 365 63
301 429 76
301 317 70
302 303 18
302 366 143
302 430 114
302 318 35
303 367 78
303 431 126
303 319 102
304 305 58
304 306 155
304 432 106
304 308 52
304 368 22
304 312 33
305 369 92
305 307 21
305 309 65
305 433 54
305 313 111
306 370 92
306 434 120
306 307 88
306 310 45
306 314 95
307 371 151
307 435 90
307 311 25
307 315 146
308 372 146
308 436 105
308 309 47
308 310 96
308 316 14
309 373 16
309 437 99
309 311 82
309 317 53
310 438 104
310 311 100
310 374 34
310 318 37
311 375 146
311 439 59
311 319 53
312 376 62
312 440 26
312 313 67
312 314 119
312 316 67
313 441 144
313 315 57
313 317 98
313 377 60
314 378 89
314 315 32
314 318 140
314 442 56
315 379 92
315 443 129
315 319 135
316 380 21
316 444 119
316 317 127
316 318 109
317 381 85
317 445 155
317 319 63
318 382 122
318 446 103
318 319 65
319 383 146
319 447 54
320 322 117
320 324 95
320 321 137
320 328 36
320 336 101
320 352 32
320 448 93
321 323 92
321 325 127
321 329 125
321 353 107
321 337 70
321 449 16
322 323 100
322 326 29
322 330 10
322 354 88
322 450 47
322 338 68
323 327 82
323 339 113
323 331 141
323 451 151
323 355 54
324 325 133
324 326 144
324 356 96
324 332 111
324 340 55
324 452 34
325 327 142
325 357 95
325 333 102
325 453 52
325 341 141
326 327 141
326 454 17
326 334 112
326 342 70
326 358 61
327 335 150
327 359 141
327 343 78
327 455 16
328 360 62
328 456 11
328 329 155
328 330 11
328 332 57
328 344 69
329 457 98
329 331 84
329 333 68
329 345 133
329 361 109
330 458 47
330 331 35
330 334 15
330 362 85
330 346 33
331 363 50
331 335 48
331 347 57
331 459 68
332 460 49
332 333 77
332 334 96
332 364 135
332 348 29
333 335 45
333 365 152
333 461 124
333 349 69
334 335 42
334 366 54
334 462 11
334 350 90
335 367 149
335 463 30
335 351 17
336 464 91
336 337 89
336 338 88
336 340 121
336 368 77
336 344 99
337 369 145
337 465 107
337 339 132
337 341 40
337 345 139
338 370 88
338 466 98
338 339 62
338 342 117
338 346 115
339 371 29
339 467 82
339 343 141
339 347 128
340 372 22
340 468 82
340 341 107
340 342 72
340 348 47
341 373 30
341 469 20
341 343 139
341 349 90
342 470 70
342 343 63
342 374 59
342 350 129
343 375 57
343 471 113
343 351 152
344 376 135
344 472 48
344 345 53
344 346 155
344 348 109
345 473 53
345 347 148
345 349 61
345 377 120
346 474 94
346 378 80
346 347 53
346 350 28
347 379 146
347 475 92
347 351 98
348 476 49
348 380 85
348 349 61
348 350 48
349 381 82
349 477 38
349 351 85
350 382 113
350 478 29
350 351 88
351 383 87
351 479 90
352 354 121
352 356 31
352 353 80
352 360 110
352 368 41
352 480 134
353 355 111
353 357 125
353 361 137
353 369 32
353 481 134
354 355 37
354 358 61
354 362 65
354 482 10
354 370 70
355 359 145
355 363 75
355 483 38
355 371 81
356 357 70
356 358 83
356 364 102
356 484 153
356 372 83
357 359 148
357 485 86
357 365 58
357 373 48
358 359 19
358 486 95
358 366 12
358 374 59
359 487 33
359 367 68
359 375 18
360 488 66
360 361 151
360 362 137
360 364 140
360 376 127
361 489 82
361 363 86
361 365 70
361 377 83
362 490 16
362 363 103
362 366 149
362 378 23
363 367 143
363 379 67
363 491 128
364 365 33
364 366 66
364 380 19
364 492 19
365 493 92
365 367 103
365 381 42
366 367 39
366 494 89
366 382 49
367 495 32
367 383 91
368 369 76
368 370 26
368 372 14
368 496 40
368 376 82
369 497 22
369 371 147
369 373 133
369 377 14
370 498 111
370 371 113
370 374 107
370 378 154
371 499 40
371 375 105
371 379 10
372 500 111
372 373 41
372 374 46
372 380 77
373 501 92
373 375 48
373 381 35
374 502 103
374 375 114
374 382 104
375 503 41
375 383 65
376 504 121
376 377 130
376 378 117
376 380 149
377 505 20
377 381 20
377 379 74
378 506 84
378 379 44
378 382 118
379 507 62
379 383 128
380 508 115
380 381 152
380 382 37
381 509 82
381 383 74
382 510 18
382 383 126
383 511 135
384 386 46
384 388 43
384 385 93
384 392 71
384 400 15
384 416 148
384 448 43
385 387 135
385 389 155
385 393 74
385 401 53
385 449 53
385 417 133
386 387 53
386 390 145
386 394 124
386 418 123
386 450 136
386 402 100
387 391 47
387 395 128
387 403 67
387 419 39
387 451 61
388 389 115
388 390 118
388 420 71
388 396 130
388 404 99
388 452 143
389 391 88
389 421 34
389 453 38
389 397 85
389 405 40
390 391 127
390 454 108
390 398 146
390 422 24
390 406 154
391 399 30
391 407 22
391 423 36
391 455 78
392 424 155
392 456 117
392 393 91
392 394 51
392 396 25
392 408 75
393 457 17
393 425 10
393 395 152
393 397 146
393 409 24
394 458 31
394 395 21
394 398 134
394 410 116
394 426 107
395 399 123
395 411 101
395 427 62
395 459 90
396 460 13
396 397 82
396 398 52
396 428 47
396 412 80
397 399 21
397 429 57
397 461 145
397 413 59
398 399 143
398 430 108
398 462 126
398 414 59
399 431 131
399 463 48
399 415 39
400 464 153
400 401 80
400 402 35
400 432 35
400 404 17
400 408 81
401 465 31
401 403 125
401 405 110
401 433 69
401 409 97
402 434 106
402 466 102
402 403 96
402 406 145
402 410 73
403 435 120
403 467 91
403 407 62
403 411 34
404 436 112
404 468 18
404 405 150
404 406 108
404 412 56
405 437 115
405 469 99
405 407 77
405 413 91
406 438 103
406 470 79
406 407 142
406 414 84
407 439 80
407 471 19
407 415 40
408 440 90
408 472 56
408 409 36
408 410 133
408 412 57
409 441 90
409 473 140
409 411 26
409 413 100
410 474 153
410 411 140
410 414 111
410 442 101
411 443 10
411 475 140
411 415 67
412 476 40
412 444 143
412 413 47
412 414 128
413 477 110
413 445 41
413 415 12
414 446 59
414 478 149
414 415 36
415 447 150
415 479 131
416 418 141
416 420 150
416 417 151
416 424 58
416 432 41
416 480 81
417 419 68
417 421 117
417 425 42
417 433 103
417 481 86
418 419 31
418 422 34
418 426 26
418 482 92
418 434 136
419 423 116
419 427 49
419 435 53
419 483 97
420 421 23
420 422 30
420 428 151
420 484 112
420 436 24
421 423 26
421 485 147
421 429 115
421 437 65
422 423 22
422 486 124
422 430 126
422 438 59
423 487 49
423 431 31
423 439 25
424 488 38
424 425 103
424 426 86
424 428 80
424 440 140
425 489 85
425 427 102
425 429 34
425 441 50
426 490 137
426 427 154
426 430 61
426 442 42
427 431 17
427 443 31
427 491 58
428 429 113
428 430 68
428 444 32
428 492 111
429 493 32
429 431 104
429 445 59
430 431 54
430 494 87
430 446 18
431 495 47
431 447 57
432 434 103
432 433 115
432 436 108
432 496 151
432 440 150
433 497 115
433 435 108
433 437 18
433 441 121
434 498 71
434 435 27
434 438 77
434 442 111
435 499 21
435 439 29
435 443 44
436 500 88
436 437 123
436 438 80
436 444 101
437 501 58
437 439 36
437 445 23
438 502 141
438 439 113
438 446 64
439 503 104
439 447 14
440 504 45
440 441 66
440 442 54
440 444 54
441 505 86
441 445 111
441 443 69
442 506 124
442 446 70
442 443 102
443 507 44
443 447 152
444 508 136
444 445 120
444 446 61
445 509 23
445 447 94
446 510 41
446 447 113
447 511 102
448 450 57
448 452 114
448 449 137
448 456 14
448 464 38
448 480 20
449 451 140
449 453 126
449 457 50
449 465 58
449 481 122
450 451 41
450 454 89
450 458 89
450 482 62
450 466 70
451 455 84
451 459 73
451 467 113
451 483 153
452 453 25
452 454 138
452 460 49
452 484 81
452 468 20
453 455 83
453 485 118
453 461 151
453 469 23
454 455 25
454 486 22
454 462 66
454 470 91
455 487 86
455 463 112
455 471 49
456 488 12
456 457 123
456 458 43
456 460 81
456 472 26
457 489 49
457 459 80
457 461 125
457 473 121
458 490 40
458 459 149
458 462 39
458 474 141
459 463 119
459 475 67
459 491 110
460 461 24
460 462 108
460 476 72
460 492 31
461 493 113
461 463 69
461 477 48
462 463 154
462 494 110
462 478 68
463 495 29
463 479 25
464 466 129
464 465 61
464 468 58
464 496 101
464 472 141
465 497 90
465 467 43
465 469 139
465 473 32
466 498 30
466 467 125
466 470 108
466 474 75
467 499 14
467 471 22
467 475 16
468 500 141
468 469 130
468 470 64
468 476 70
469 501 92
469 471 70
469 477 139
470 502 23
470 471 147
470 478 142
471 503 129
471 479 127
472 504 91
472 473 115
472 474 124
472 476 82
473 505 81
473 475 73
473 477 98
474 506 151
474 478 143
474 475 87
475 507 73
475 479 122
476 508 131
476 477 35
476 478 11
477 509 113
477 479 128
478 510 78
478 479 100
479 511 42
480 482 120
480 484 144
480 481 98
480 488 23
480 496 85
481 483 131
481 485 129
481 489 27
481 497 133
482 483 94
482 486 15
482 490 77
482 498 15
483 487 137
483 491 141
483 499 45
484 486 100
484 492 65
484 500 127
484 485 31
485 487 114
485 493 63
485 501 132
486 487 97
486 494 64
486 502 99
487 495 138
487 503 28
488 489 54
488 490 45
488 492 95
488 504 40
489 491 129
489 493 57
489 505 60
490 491 23
490 494 58
490 506 79
491 495 147
491 507 22
492 493 136
492 494 92
492 508 155
493 495 153
493 509 59
494 495 107
494 510 90
495 511 136
496 497 141
496 498 119
496 504 25
496 500 135
497 499 117
497 501 26
497 505 30
498 499 17
498 502 94
498 506 37
499 503 118
499 507 125
500 501 47
500 502 125
500 508 128
501 503 91
501 509 85
502 503 52
502 510 80
503 511 51
504 505 42
504 506 20
504 508 41
505 507 115
505 509 28
506 100004 1450
506 507 81
506 510 38
507 511 20
508 509 79
508 510 102
509 100000 1450
509 100002 1450
509 100004 1450
509 511 79
510 100000 1450
510 100001 1450
510 100002 1450
510 100003 1450
510 511 17
511 100004 1450
-2 0 1450
-2 5 1450
-5 5 1450
-4 4 1450
-4 5 1450
-3 0 1450
-3 2 1450
-1 0 1450
-1 3 1450
-1 5 1450
