0 32 125
0 1 14
0 2 142
0 4 33
0 8 86
0 64 92
0 16 153
1 33 124
1 3 32
1 5 68
1 65 153
1 9 10
1 17 97
2 34 128
2 3 67
2 6 39
2 10 40
2 66 134
2 18 152
3 35 69
3 7 42
3 11 143
3 19 84
3 67 123
4 36 95
4 5 41
4 6 43
4 12 147
4 20 136
4 68 89
5 37 132
5 7 98
5 13 141
5 21 100
5 69 153
6 70 144
6 38 138
6 7 109
6 14 120
6 22 41
7 39 42
7 71 121
7 15 92
7 23 56
8 40 115
8 9 140
8 10 147
8 12 149
8 72 76
8 24 27
9 41 115
9 11 35
9 13 136
9 73 10
9 25 86
10 42 83
10 11 116
10 14 18
10 26 28
10 74 38
11 43 87
11 15 38
11 75 25
11 27 114
12 76 100
12 44 33
12 13 113
12 14 72
12 28 65
13 45 11
13 77 68
13 15 96
13 29 106
14 46 79
14 15 109
14 78 21
14 30 119
15 47 77
15 79 82
15 31 87
16 80 131
16 48 44
16 17 134
16 18 50
16 20 108
16 24 66
17 81 11
17 49 121
17 19 102
17 21 38
17 25 65
18 82 11
18 50 57
18 19 29
18 22 72
18 26 104
19 83 142
19 51 115
19 23 31
19 27 126
20 52 25
20 21 113
20 22 67
20 84 128
20 28 67
21 53 63
21 23 130
21 29 144
21 85 83
22 86 32
22 54 98
22 23 87
22 30 131
23 87 142
23 55 101
23 31 66
24 88 117
24 56 133
24 25 82
24 26 18
24 28 141
25 89 139
25 57 107
25 27 73
25 29 125
26 58 144
26 27 118
26 90 92
26 30 73
27 91 34
27 59 155
27 31 124
28 92 43
28 60 73
28 29 140
28 30 40
29 93 95
29 61 28
29 31 126
30 94 139
30 62 121
30 31 124
31 95 129
31 63 48
32 33 112
32 34 97
32 36 20
32 40 103
32 96 41
32 48 135
33 35 89
33 37 88
33 97 108
33 41 44
33 49 129
34 35 146
34 38 59
34 42 54
34 98 37
34 50 50
35 39 76
35 43 135
35 99 80
35 51 38
36 37 59
36 38 19
36 44 55
36 52 125
36 100 75
37 39 139
37 45 22
37 53 146
37 101 25
38 102 126
38 39 22
38 46 142
38 54 44
39 103 11
39 47 131
39 55 97
40 41 59
40 42 18
40 44 62
40 104 149
40 56 75
41 43 131
41 45 83
41 105 143
41 57 24
42 43 22
42 46 90
42 58 25
42 106 123
43 47 94
43 107 142
43 59 36
44 108 107
44 45 114
44 46 150
44 60 82
45 47 140
45 109 52
45 61 153
46 47 101
46 110 42
46 62 123
47 111 116
47 63 64
48 112 128
48 49 13
48 50 33
48 52 90
48 56 75
49 113 74
49 51 113
49 53 53
49 57 150
50 114 129
50 51 110
50 54 51
50 58 97
51 115 129
51 55 67
51 59 94
52 53 62
52 54 103
52 116 126
52 60 145
53 55 100
53 61 17
53 117 40
54 118 143
54 55 96
54 62 140
55 119 153
55 63 119
56 120 53
56 57 39
56 58 44
56 60 79
57 121 15
57 59 66
57 61 53
58 59 12
58 122 48
58 62 45
59 123 11
59 63 10
60 124 46
60 61 139
60 62 14
61 125 62
61 63 78
62 126 143
62 63 10
63 127 139
64 65 64
64 66 79
64 68 84
64 72 80
64 96 27
64 80 40
65 67 62
65 69 99
65 97 76
65 73 144
65 81 133
66 67 24
66 70 22
66 74 93
66 98 45
66 82 139
67 71 146
67 75 51
67 99 115
67 83 76
68 69 28
68 70 145
68 76 120
68 84 112
68 100 76
69 71 20
69 77 58
69 85 123
69 101 17
70 102 42
70 71 14
70 78 112
70 86 120
71 103 51
71 79 37
71 87 32
72 73 35
72 74 110
72 76 72
72 104 124
72 88 27
73 75 148
73 77 80
73 105 20
73 89 153
74 75 93
74 78 94
74 90 18
74 106 48
75 79 55
75 107 54
75 91 144
76 108 51
76 77 55
76 78 130
76 92 20
77 79 94
77 109 122
77 93 82
78 79 64
78 110 112
78 94 81
79 111 82
79 95 111
80 112 128
80 81 102
80 82 36
80 84 118
80 88 18
81 113 42
81 83 27
81 85 93
81 89 38
82 114 53
82 83 94
82 86 73
82 90 120
83 115 75
83 87 107
83 91 146
84 85 29
84 86 32
84 116 17
84 92 53
85 87 35
85 93 70
85 117 101
86 118 131
86 87 22
86 94 98
87 119 21
87 95 153
88 120 97
88 89 36
88 90 68
88 92 93
89 121 127
89 91 98
89 93 126
90 91 129
90 122 31
90 94 110
91 123 101
91 95 102
92 124 82
92 93 49
92 94 82
93 125 55
93 95 18
94 126 35
94 95 111
95 127 43
96 98 98
96 100 61
96 97 133
96 104 57
96 112 122
97 99 55
97 101 51
97 105 118
97 113 105
98 99 132
98 102 99
98 106 128
98 114 21
99 103 51
99 107 90
99 115 146
100 101 47
100 102 116
100 108 83
100 116 22
101 103 17
101 109 139
101 117 32
102 103 78
102 110 42
102 118 110
103 111 131
103 119 124
104 105 83
104 106 69
104 108 21
104 120 99
105 107 103
105 109 53
105 121 12
106 107 150
106 110 63
106 122 87
107 111 131
107 123 137
108 109 116
108 110 103
108 124 73
109 111 134
109 125 67
110 111 152
110 126 117
111 127 89
112 113 123
112 114 121
112 116 98
112 120 43
113 115 39
113 117 119
113 121 104
114 115 98
114 118 136
114 122 131
115 119 127
115 123 119
116 117 57
116 118 152
116 124 50
117 119 91
117 125 35
118 119 119
118 126 97
119 127 54
120 121 43
120 122 127
120 124 97
121 123 30
121 125 66
122 100004 1450
122 123 52
122 126 150
123 100001 1450
123 127 144
124 100002 1450
124 100003 1450
124 100004 1450
124 125 104
124 126 155
125 100000 1450
125 100001 1450
125 127 25
126 100000 1450
126 100001 1450
126 100002 1450
126 100003 1450
126 127 58
127 100003 1450
-2 0 1450
-2 2 1450
-2 4 1450
-5 0 1450
-5 5 1450
-4 0 1450
-4 1 1450
-3 2 1450
-3 3 1450
-3 4 1450
-1 2 1450
-1 3 1450
