0 32 105
0 1 59
0 2 144
0 4 105
0 8 45
0 64 90
0 128 119
0 256 145
0 16 104
1 33 40
1 3 21
1 5 74
1 65 74
1 129 42
1 9 135
1 257 112
1 17 85
2 34 44
2 3 12
2 6 142
2 10 24
2 66 75
2 18 34
2 258 62
2 130 153
3 35 61
3 131 59
3 7 110
3 259 101
3 11 55
3 19 92
3 67 151
4 132 66
4 36 127
4 5 38
4 6 103
4 12 132
4 20 150
4 68 115
4 260 84
5 133 79
5 37 136
5 7 137
5 261 106
5 13 13
5 21 58
5 69 19
6 70 140
6 38 34
6 7 69
6 262 140
6 14 96
6 22 101
6 134 68
7 263 66
7 39 62
7 71 148
7 15 108
7 23 87
7 135 115
8 40 84
8 9 93
8 10 69
8 12 65
8 72 101
8 24 132
8 136 91
8 264 118
9 41 30
9 11 51
9 13 145
9 73 125
9 137 16
9 25 126
9 265 41
10 266 77
10 42 135
10 11 20
10 14 114
10 138 52
10 26 97
10 74 56
11 43 112
11 15 128
11 75 62
11 139 91
11 267 93
11 27 133
12 76 91
12 44 83
12 13 56
12 14 86
12 140 124
12 268 127
12 28 76
13 45 108
13 77 141
13 15 102
13 141 92
13 269 122
13 29 23
14 142 50
14 46 96
14 15 108
14 270 40
14 78 68
14 30 87
15 143 33
15 47 39
15 271 42
15 79 46
15 31 98
16 80 52
16 144 37
16 272 70
16 48 140
16 17 40
16 18 130
16 20 22
16 24 105
17 81 64
17 145 124
17 273 19
17 49 65
17 19 35
17 21 151
17 25 138
18 146 130
18 274 50
18 82 130
18 50 28
18 19 111
18 22 37
18 26 73
19 83 11
19 147 122
19 275 13
19 51 33
19 23 79
19 27 99
20 148 148
20 276 107
20 52 63
20 21 124
20 22 151
20 84 83
20 28 64
21 149 91
21 277 126
21 53 52
21 23 81
21 29 154
21 85 24
22 278 12
22 86 22
22 54 139
22 23 72
22 150 55
22 30 37
23 279 64
23 87 101
23 55 56
23 151 72
23 31 104
24 152 132
24 88 154
24 56 132
24 25 82
24 26 12
24 28 112
24 280 68
25 89 59
25 57 147
25 27 15
25 281 53
25 29 51
25 153 97
26 282 128
26 154 51
26 58 69
26 27 63
26 90 69
26 30 52
27 91 65
27 155 76
27 283 19
27 59 94
27 31 62
28 92 18
28 156 51
28 284 32
28 60 135
28 29 19
28 30 136
29 93 147
29 157 114
29 285 29
29 61 101
29 31 122
30 158 144
30 286 39
30 94 47
30 62 136
30 31 142
31 95 76
31 159 59
31 287 114
31 63 144
32 33 135
32 34 99
32 36 112
32 40 86
32 96 52
32 160 33
32 288 48
32 48 21
33 35 104
33 37 38
33 97 23
33 41 43
33 289 153
33 161 147
33 49 64
34 35 24
34 38 105
34 162 135
34 42 44
34 290 138
34 98 103
34 50 38
35 163 129
35 39 137
35 291 107
35 43 76
35 99 129
35 51 30
36 164 82
36 37 47
36 38 46
36 292 103
36 44 144
36 52 104
36 100 62
37 165 29
37 39 12
37 45 88
37 53 31
37 293 144
37 101 118
38 294 76
38 102 96
38 39 143
38 46 101
38 54 129
38 166 30
39 295 83
39 103 134
39 47 125
39 55 19
39 167 17
40 41 38
40 42 107
40 44 114
40 104 42
40 56 116
40 168 112
40 296 59
41 43 76
41 45 136
41 105 10
41 57 72
41 297 52
41 169 133
42 43 118
42 46 67
42 170 15
42 58 43
42 298 115
42 106 110
43 47 78
43 107 110
43 171 30
43 299 48
43 59 107
44 108 34
44 45 102
44 46 33
44 172 56
44 300 152
44 60 39
45 47 124
45 173 48
45 109 73
45 301 99
45 61 33
46 47 40
46 302 84
46 110 114
46 174 14
46 62 83
47 175 73
47 303 78
47 111 95
47 63 148
48 112 28
48 176 146
48 304 134
48 49 90
48 50 67
48 52 66
48 56 143
49 113 52
49 177 85
49 305 89
49 51 129
49 53 111
49 57 97
50 178 43
50 306 36
50 114 81
50 51 150
50 54 36
50 58 151
51 179 44
51 307 82
51 115 94
51 55 68
51 59 41
52 180 71
52 308 36
52 53 42
52 54 39
52 116 97
52 60 83
53 181 132
53 55 50
53 309 38
53 61 97
53 117 40
54 310 19
54 118 155
54 55 36
54 62 20
54 182 13
55 311 75
55 119 109
55 183 90
55 63 73
56 120 122
56 57 68
56 58 151
56 184 124
56 60 35
56 312 90
57 313 94
57 121 106
57 59 42
57 61 66
57 185 122
58 314 104
58 186 12
58 59 151
58 122 79
58 62 38
59 123 33
59 187 20
59 315 69
59 63 56
60 124 95
60 188 29
60 316 10
60 61 127
60 62 140
61 317 106
61 125 86
61 189 144
61 63 44
62 190 77
62 318 132
62 126 130
62 63 133
63 127 38
63 191 113
63 319 39
64 65 155
64 66 118
64 68 92
64 72 116
64 96 153
64 192 75
64 80 66
64 320 130
65 67 66
65 69 30
65 97 70
65 73 21
65 193 72
65 321 150
65 81 33
66 67 74
66 70 102
66 194 132
66 74 106
66 322 78
66 98 24
66 82 128
67 195 17
67 71 54
67 323 85
67 75 25
67 99 13
67 83 124
68 69 87
68 70 58
68 324 11
68 76 80
68 84 83
68 196 154
68 100 56
69 197 82
69 325 44
69 71 77
69 77 105
69 85 146
69 101 87
70 198 126
70 102 110
70 71 142
70 78 146
70 326 142
70 86 28
71 327 51
71 103 155
71 79 42
71 87 13
71 199 126
72 328 150
72 73 107
72 74 145
72 76 43
72 104 120
72 88 141
72 200 88
73 75 30
73 77 102
73 105 71
73 89 52
73 201 114
73 329 114
74 75 94
74 78 129
74 202 123
74 90 60
74 330 88
74 106 61
75 79 50
75 107 154
75 203 122
75 331 128
75 91 70
76 108 150
76 77 112
76 78 117
76 204 153
76 332 70
76 92 47
77 79 124
77 109 31
77 333 20
77 205 143
77 93 142
78 79 86
78 206 103
78 334 33
78 110 122
78 94 135
79 207 154
79 335 62
79 111 43
79 95 18
80 112 100
80 208 43
80 81 99
80 82 91
80 84 67
80 336 151
80 88 51
81 113 129
81 209 119
81 337 40
81 83 46
81 85 14
81 89 68
82 210 10
82 338 102
82 114 45
82 83 42
82 86 89
82 90 115
83 211 12
83 339 16
83 115 40
83 87 60
83 91 47
84 340 47
84 212 105
84 85 24
84 86 101
84 116 69
84 92 40
85 213 86
85 341 110
85 87 12
85 93 147
85 117 73
86 214 153
86 342 22
86 118 121
86 87 152
86 94 25
87 343 102
87 119 58
87 215 75
87 95 61
88 344 142
88 216 131
88 120 119
88 89 54
88 90 116
88 92 110
89 121 61
89 217 41
89 91 27
89 93 104
89 345 73
90 218 70
90 91 140
90 346 23
90 122 56
90 94 139
91 123 40
91 347 104
91 219 137
91 95 74
92 220 142
92 124 10
92 348 22
92 93 149
92 94 132
93 125 116
93 221 92
93 349 89
93 95 136
94 222 91
94 350 97
94 126 88
94 95 141
95 127 116
95 223 83
95 351 35
96 98 116
96 100 136
96 97 89
96 104 117
96 224 34
96 112 149
96 352 125
97 99 34
97 101 112
97 105 99
97 225 42
97 353 10
97 113 127
98 99 71
98 102 128
98 226 130
98 106 55
98 354 37
98 114 87
99 227 124
99 103 88
99 107 41
99 115 53
99 355 87
100 101 152
100 102 129
100 356 150
100 108 142
100 116 148
100 228 24
101 229 60
101 103 150
101 357 153
101 109 13
101 117 36
102 230 29
102 103 141
102 110 96
102 118 86
102 358 109
103 111 25
103 359 122
103 119 111
103 231 47
104 360 127
104 105 57
104 106 105
104 108 18
104 120 58
104 232 28
105 107 39
105 109 129
105 121 105
105 233 116
105 361 34
106 107 65
106 110 37
106 362 75
106 234 42
106 122 139
107 363 61
107 111 146
107 235 46
107 123 19
108 109 113
108 110 25
108 236 100
108 364 50
108 124 148
109 111 118
109 237 131
109 365 81
109 125 128
110 111 33
110 238 114
110 366 139
110 126 109
111 239 93
111 367 46
111 127 133
112 240 104
112 113 126
112 114 98
112 116 78
112 368 140
112 120 109
113 241 82
113 369 127
113 115 37
113 117 61
113 121 119
114 242 99
114 370 141
114 115 126
114 118 41
114 122 70
115 243 45
115 371 115
115 119 100
115 123 67
116 244 96
116 372 114
116 117 97
116 118 92
116 124 80
117 245 149
117 373 38
117 119 150
117 125 153
118 246 102
118 119 94
118 374 85
118 126 78
119 375 36
119 247 18
119 127 79
120 376 100
120 121 82
120 122 76
120 124 17
120 248 129
121 249 19
121 123 108
121 125 32
121 377 14
122 378 26
122 250 100
122 123 13
122 126 41
123 379 43
123 251 91
123 127 32
124 252 49
124 380 100
124 125 89
124 126 41
125 253 34
125 381 111
125 127 60
126 382 38
126 254 155
126 127 94
127 255 67
127 383 148
128 129 57
128 130 85
128 132 141
128 136 58
128 160 125
128 192 80
128 144 17
128 384 97
129 131 141
129 133 28
129 161 35
129 137 40
129 193 104
129 385 44
129 145 50
130 131 95
130 134 120
130 194 89
130 138 120
130 162 142
130 386 68
130 146 102
131 163 39
131 195 54
131 135 79
131 139 95
131 387 52
131 147 15
132 133 129
132 134 86
132 388 135
132 140 55
132 148 40
132 196 130
132 164 87
133 197 102
133 135 121
133 389 36
133 141 24
133 149 48
133 165 49
134 198 142
134 166 133
134 135 76
134 142 149
134 150 125
134 390 81
135 391 45
135 167 46
135 143 60
135 151 120
135 199 105
136 392 12
136 137 133
136 138 27
136 140 121
136 168 54
136 152 61
136 200 150
137 393 28
137 139 55
137 141 28
137 169 86
137 153 87
137 201 155
138 139 95
138 142 121
138 202 119
138 154 20
138 170 25
138 394 128
139 143 139
139 171 122
139 203 29
139 155 135
139 395 115
140 172 19
140 141 142
140 142 130
140 204 115
140 396 39
140 156 59
141 143 151
141 173 107
141 205 59
141 397 99
141 157 60
142 143 26
142 206 13
142 174 109
142 398 30
142 158 146
143 207 11
143 399 129
143 175 119
143 159 14
144 176 74
144 208 71
144 145 64
144 146 100
144 148 10
144 152 106
144 400 101
145 177 143
145 209 32
145 147 73
145 149 114
145 401 93
145 153 123
146 210 44
146 178 90
146 402 22
146 147 46
146 150 150
146 154 74
147 179 132
147 211 10
147 403 103
147 151 24
147 155 145
148 212 15
148 404 45
148 149 99
148 150 115
148 180 127
148 156 140
149 213 137
149 405 153
149 151 147
149 157 51
149 181 103
150 214 141
150 182 12
150 151 104
150 158 68
150 406 136
151 407 104
151 183 95
151 215 75
151 159 108
152 408 27
152 216 89
152 184 127
152 153 26
152 154 95
152 156 95
153 409 46
153 185 25
153 217 102
153 155 73
153 157 66
154 410 20
154 218 38
154 155 38
154 186 63
154 158 84
155 187 132
155 219 48
155 411 92
155 159 68
156 220 39
156 188 88
156 412 51
156 157 60
156 158 40
157 189 83
157 221 17
157 413 144
157 159 151
158 414 63
158 222 106
158 190 46
158 159 16
159 191 29
159 223 23
159 415 26
160 162 77
160 164 84
160 161 93
160 168 38
160 224 134
160 176 46
160 416 147
161 163 49
161 165 32
161 169 13
161 225 48
161 177 75
161 417 132
162 163 117
162 166 33
162 226 112
162 170 88
162 418 53
162 178 125
163 227 69
163 179 46
163 167 138
163 171 59
163 419 46
164 165 16
164 166 124
164 420 97
164 172 118
164 180 113
164 228 108
165 229 54
165 167 120
165 421 138
165 173 150
165 181 36
166 230 82
166 167 145
166 174 93
166 422 152
166 182 22
167 175 125
167 183 61
167 423 29
167 231 70
168 424 18
168 169 117
168 170 99
168 172 78
168 184 22
168 232 71
169 425 32
169 171 77
169 173 101
169 185 151
169 233 21
170 171 107
170 174 25
170 234 108
170 186 68
170 426 152
171 175 115
171 235 25
171 187 92
171 427 82
172 173 55
172 174 85
172 236 19
172 428 111
172 188 80
173 175 84
173 237 93
173 429 78
173 189 13
174 175 91
174 238 22
174 430 60
174 190 124
175 239 143
175 431 69
175 191 84
176 240 76
176 177 30
176 178 146
176 432 134
176 180 93
176 184 74
177 241 51
177 179 152
177 181 80
177 433 149
177 185 63
178 242 107
178 434 131
178 179 150
178 182 132
178 186 106
179 243 135
179 435 37
179 183 110
179 187 81
180 244 23
180 436 69
180 181 120
180 182 145
180 188 44
181 245 49
181 437 10
181 183 56
181 189 35
182 246 140
182 438 78
182 183 65
182 190 140
183 439 26
183 247 37
183 191 73
184 440 129
184 185 32
184 186 115
184 188 118
184 248 33
185 441 106
185 249 22
185 187 10
185 189 39
186 250 50
186 187 107
186 190 50
186 442 145
187 251 64
187 443 39
187 191 153
188 252 112
188 444 133
188 189 57
188 190 103
189 253 136
189 445 99
189 191 129
190 254 155
190 446 15
190 191 40
191 255 123
191 447 90
192 194 134
192 196 81
192 193 78
192 200 87
192 224 129
192 208 46
192 448 151
193 195 34
193 197 58
193 201 30
193 225 46
193 209 60
193 449 114
194 195 124
194 198 42
194 226 119
194 202 141
194 450 152
194 210 114
195 227 55
195 211 136
195 199 116
195 203 83
195 451 79
196 197 94
196 198 149
196 204 27
196 212 150
196 228 21
196 452 32
197 229 139
197 199 79
197 453 108
197 205 17
197 213 105
198 230 23
198 199 137
198 454 35
198 206 23
198 214 47
199 207 116
199 215 87
199 455 86
199 231 125
200 456 141
200 201 19
200 202 12
200 204 73
200 216 36
200 232 126
201 457 116
201 203 140
201 205 64
201 217 10
201 233 84
202 458 109
202 203 88
202 206 38
202 234 59
202 218 22
203 207 152
203 235 67
203 219 54
203 459 153
204 460 39
204 205 19
204 206 84
204 236 103
204 220 67
205 207 144
205 237 14
205 461 102
205 221 141
206 207 113
206 238 133
206 462 50
206 222 153
207 239 75
207 463 60
207 223 23
208 464 51
208 240 75
208 209 14
208 210 151
208 212 147
208 216 104
209 241 121
209 465 147
209 211 84
209 213 57
209 217 16
210 242 65
210 466 15
210 211 45
210 214 44
210 218 58
211 243 56
211 467 133
211 215 135
211 219 99
212 244 38
212 468 83
212 213 100
212 214 37
212 220 24
213 245 59
213 469 85
213 215 20
213 221 57
214 246 145
214 470 88
214 215 84
214 222 113
215 471 41
215 247 16
215 223 138
216 472 43
216 217 111
216 218 27
216 220 33
216 248 34
217 473 129
217 249 94
217 219 41
217 221 130
218 474 64
218 250 91
218 219 12
218 222 54
219 251 24
219 475 60
219 223 33
220 476 26
220 252 14
220 221 150
220 222 43
221 253 65
221 477 106
221 223 132
222 254 80
222 478 38
222 223 57
223 255 18
223 479 47
224 226 64
224 228 73
224 225 64
224 232 95
224 240 40
224 480 40
225 227 31
225 229 102
225 241 102
225 481 16
225 233 149
226 227 10
226 230 81
226 234 27
226 482 100
226 242 111
227 243 18
227 231 92
227 235 98
227 483 20
228 229 116
228 230 75
228 236 112
228 484 17
228 244 147
229 231 89
229 485 105
229 237 120
229 245 111
230 231 134
230 486 111
230 238 101
230 246 142
231 487 59
231 239 86
231 247 82
232 488 116
232 233 36
232 234 66
232 236 143
232 248 58
233 489 37
233 235 124
233 237 10
233 249 138
234 490 110
234 235 62
234 238 72
234 250 27
235 239 10
235 251 55
235 491 145
236 237 111
236 238 107
236 252 132
236 492 81
237 493 34
237 239 45
237 253 55
238 239 53
238 494 26
238 254 55
239 495 88
239 255 78
240 241 71
240 242 43
240 244 56
240 496 84
240 248 132
241 497 111
241 243 88
241 245 21
241 249 19
242 498 119
242 243 41
242 246 54
242 250 103
243 499 128
243 247 69
243 251 35
244 500 148
244 246 155
244 252 64
244 245 153
245 501 10
245 247 64
245 253 141
246 502 52
246 247 39
246 254 34
247 503 45
247 255 32
248 504 111
248 252 34
248 249 85
248 250 18
249 505 56
249 251 61
249 253 79
250 506 76
250 251 136
250 254 69
251 507 100
251 255 49
252 508 15
252 253 21
252 254 58
253 509 94
253 255 55
254 510 115
254 255 33
255 511 47
256 257 60
256 258 72
256 260 58
256 264 58
256 288 94
256 272 120
256 320 65
256 384 75
257 259 109
257 261 38
257 289 146
257 265 102
257 321 78
257 385 33
257 273 10
258 259 70
258 262 61
258 266 139
258 322 107
258 290 150
258 386 23
258 274 10
259 263 125
259 291 67
259 323 104
259 267 76
259 387 35
259 275 104
260 261 83
260 262 29
260 324 69
260 388 143
260 268 93
260 276 26
260 292 88
261 325 30
261 263 79
261 389 72
261 269 155
261 277 18
261 293 41
262 294 135
262 263 96
262 270 72
262 326 30
262 278 140
262 390 134
263 327 110
263 391 144
263 295 110
263 271 96
263 279 37
264 328 30
264 392 11
264 265 39
264 266 56
264 268 109
264 296 41
264 280 109
265 393 80
265 267 155
265 269 151
265 297 40
265 281 148
265 329 64
266 267 46
266 270 136
266 282 30
266 330 120
266 298 104
266 394 16
267 271 103
267 299 45
267 331 91
267 283 155
267 395 141
268 300 72
268 269 74
268 270 91
268 332 21
268 396 141
268 284 30
269 271 103
269 301 39
269 333 48
269 397 143
269 285 68
270 271 75
270 334 33
270 302 63
270 398 148
270 286 92
271 335 95
271 399 65
271 303 48
271 287 62
272 304 12
272 273 75
272 274 55
272 276 154
272 336 10
272 280 90
272 400 123
273 305 137
273 337 106
273 275 67
273 277 83
273 401 40
273 281 26
274 338 109
274 306 59
274 402 23
274 275 13
274 278 14
274 282 137
275 307 116
275 339 19
275 403 68
275 279 139
275 283 122
276 340 68
276 404 92
276 277 86
276 278 28
276 308 95
276 284 132
277 341 58
277 405 70
277 279 113
277 285 89
277 309 65
278 342 74
278 310 13
278 279 128
278 286 72
278 406 89
279 343 124
279 407 132
279 311 101
279 287 31
280 344 129
280 408 125
280 312 88
280 281 79
280 282 123
280 284 75
281 409 70
281 313 40
281 283 59
281 285 93
281 345 143
282 410 110
282 283 155
282 346 22
282 314 90
282 286 100
283 315 122
283 347 117
283 411 52
283 287 125
284 316 60
284 348 84
284 412 84
284 285 25
284 286 112
285 317 69
285 349 148
285 413 70
285 287 150
286 414 81
286 350 28
286 318 32
286 287 13
287 319 32
287 351 128
287 415 94
288 290 131
288 292 155
288 289 150
288 296 14
288 304 63
288 352 105
288 416 91
289 291 49
289 293 124
289 297 46
289 353 24
289 305 126
289 417 39
290 291 34
290 294 100
290 298 153
290 354 111
290 418 119
290 306 59
291 295 144
291 307 13
291 299 153
291 419 109
291 355 82
292 293 144
292 294 24
292 356 22
292 420 64
292 300 110
292 308 152
293 295 70
293 421 111
293 357 30
293 301 71
293 309 99
294 295 133
294 302 12
294 422 132
294 310 130
294 358 65
295 303 150
295 359 61
295 311 15
295 423 137
296 360 148
296 424 144
296 297 87
296 298 134
296 300 140
296 312 27
297 425 58
297 299 50
297 301 65
297 313 39
297 361 37
298 299 146
298 302 140
298 362 40
298 314 71
298 426 119
299 363 101
299 303 150
299 315 15
299 427 105
300 301 119
300 302 109
300 364 27
300 428 106
300 316 121
301 303 73
301 365 101
301 429 122
301 317 71
302 303 39
302 366 49
302 430 40
302 318 103
303 367 111
303 431 25
303 319 15
304 305 89
304 306 67
304 432 69
304 308 59
304 368 88
304 312 100
305 369 117
305 307 27
305 309 129
305 433 35
305 313 49
306 370 127
306 434 35
306 307 60
306 310 15
306 314 42
307 371 24
307 435 103
307 311 92
307 315 51
308 372 29
308 436 115
308 309 51
308 310 33
308 316 38
309 373 113
309 437 145
309 311 127
309 317 95
310 438 136
310 311 75
310 374 110
310 318 119
311 375 53
311 439 106
311 319 78
312 376 95
312 440 120
312 313 107
312 314 64
312 316 57
313 441 134
313 315 67
313 317 106
313 377 101
314 378 79
314 315 61
314 318 100
314 442 74
315 379 20
315 443 131
315 319 64
316 380 86
316 444 89
316 317 105
316 318 105
317 381 59
317 445 120
317 319 92
318 382 93
318 446 47
318 319 117
319 383 124
319 447 54
320 322 88
320 324 38
320 321 109
320 328 103
320 336 105
320 352 106
320 448 71
321 323 35
321 325 132
321 329 136
321 353 155
321 337 125
321 449 77
322 323 94
322 326 12
322 330 111
322 354 48
322 450 95
322 338 128
323 327 66
323 339 96
323 331 71
323 451 28
323 355 27
324 325 155
324 326 134
324 356 24
324 332 148
324 340 65
324 452 22
325 327 24
325 357 36
325 333 148
325 453 96
325 341 124
326 327 145
326 454 146
326 334 52
326 342 127
326 358 53
327 335 125
327 359 124
327 343 96
327 455 16
328 360 31
328 456 25
328 329 141
328 330 152
328 332 151
328 344 35
329 457 108
329 331 47
329 333 114
329 345 84
329 361 134
330 458 100
330 331 46
330 334 72
330 362 110
330 346 131
331 363 77
331 335 123
331 347 146
331 459 107
332 460 36
332 333 95
332 334 53
332 364 141
332 348 117
333 335 150
333 365 26
333 461 112
333 349 62
334 335 32
334 366 22
334 462 36
334 350 104
335 367 67
335 463 25
335 351 55
336 464 114
336 337 112
336 338 142
336 340 136
336 368 119
336 344 86
337 369 155
337 465 115
337 339 80
337 341 67
337 345 73
338 370 129
338 466 32
338 339 70
338 342 127
338 346 47
339 371 31
339 467 30
339 343 94
339 347 98
340 372 36
340 468 37
340 341 120
340 342 19
340 348 149
341 373 66
341 469 38
341 343 17
341 349 154
342 470 149
342 343 134
342 374 103
342 350 119
343 375 121
343 471 113
343 351 10
344 376 47
344 472 138
344 345 33
344 346 93
344 348 141
345 473 34
345 347 59
345 349 68
345 377 34
346 474 23
346 378 120
346 347 38
346 350 67
347 379 84
347 475 77
347 351 147
348 476 111
348 380 122
348 349 144
348 350 18
349 381 69
349 477 24
349 351 71
350 382 125
350 478 62
350 351 107
351 383 69
351 479 53
352 354 95
352 356 84
352 353 92
352 360 146
352 368 142
352 480 146
353 355 135
353 357 91
353 361 67
353 369 137
353 481 73
354 355 20
354 358 132
354 362 113
354 482 19
354 370 11
355 359 153
355 363 47
355 483 139
355 371 98
356 357 54
356 358 10
356 364 44
356 484 22
356 372 134
357 359 118
357 485 90
357 365 144
357 373 46
358 359 51
358 486 146
358 366 35
358 374 152
359 487 141
359 367 32
359 375 42
360 488 87
360 361 79
360 362 106
360 364 79
360 376 81
361 489 118
361 363 28
361 365 18
361 377 129
362 490 102
362 363 85
362 366 91
362 378 53
363 367 19
363 379 57
363 491 57
364 365 99
364 366 111
364 380 134
364 492 94
365 493 72
365 367 42
365 381 59
366 367 82
366 494 20
366 382 107
367 495 53
367 383 140
368 369 20
368 370 53
368 372 89
368 496 141
368 376 62
369 497 81
369 371 90
369 373 78
369 377 91
370 498 97
370 371 123
370 374 25
370 378 98
371 499 102
371 375 49
371 379 150
372 500 28
372 373 14
372 374 119
372 380 124
373 501 14
373 375 45
373 381 109
374 502 28
374 375 123
374 382 130
375 503 14
375 383 63
376 504 83
376 377 25
376 378 72
376 380 135
377 505 147
377 381 150
377 379 81
378 506 102
378 379 103
378 382 45
379 507 14
379 383 113
380 508 27
380 381 143
380 382 13
381 509 86
381 383 72
382 510 37
382 383 49
383 511 104
384 386 34
384 388 67
384 385 126
384 392 28
384 400 116
384 416 18
384 448 33
385 387 71
385 389 64
385 393 127
385 401 36
385 449 63
385 417 140
386 387 70
386 390 130
386 394 20
386 418 119
386 450 154
386 402 103
387 391 111
387 395 30
387 403 10
387 419 109
387 451 38
388 389 81
388 390 132
388 420 49
388 396 144
388 404 155
388 452 16
389 391 35
389 421 85
389 453 38
389 397 80
389 405 14
390 391 129
390 454 26
390 398 141
390 422 61
390 406 23
391 399 106
391 407 124
391 423 126
391 455 146
392 424 70
392 456 115
392 393 132
392 394 103
392 396 59
392 408 152
393 457 107
393 425 154
393 395 34
393 397 99
393 409 16
394 458 132
394 395 117
394 398 88
394 410 50
394 426 106
395 399 62
395 411 18
395 427 96
395 459 54
396 460 54
396 397 31
396 398 126
396 428 59
396 412 102
397 399 115
397 429 75
397 461 79
397 413 43
398 399 29
398 430 144
398 462 34
398 414 104
399 431 58
399 463 132
399 415 142
400 464 51
400 401 143
400 402 32
400 432 44
400 404 135
400 408 53
401 465 122
401 403 121
401 405 48
401 433 90
401 409 52
402 434 60
402 466 110
402 403 47
402 406 15
402 410 18
403 435 99
403 467 104
403 407 22
403 411 111
404 436 76
404 468 99
404 405 114
404 406 66
404 412 99
405 437 92
405 469 62
405 407 75
405 413 31
406 438 26
406 470 83
406 407 44
406 414 132
407 439 130
407 471 40
407 415 90
408 440 148
408 472 12
408 409 99
408 410 48
408 412 147
409 441 14
409 473 36
409 411 20
409 413 100
410 474 14
410 411 42
410 414 62
410 442 132
411 443 136
411 475 34
411 415 34
412 476 54
412 444 134
412 413 53
412 414 58
413 477 45
413 445 153
413 415 54
414 446 75
414 478 30
414 415 149
415 447 107
415 479 29
416 418 134
416 420 134
416 417 72
416 424 73
416 432 45
416 480 21
417 419 133
417 421 149
417 425 113
417 433 100
417 481 93
418 419 100
418 422 85
418 426 116
418 482 20
418 434 120
419 423 41
419 427 152
419 435 42
419 483 28
420 421 88
420 422 129
420 428 60
420 484 37
420 436 81
421 423 111
421 485 149
421 429 153
421 437 32
422 423 121
422 486 105
422 430 128
422 438 42
423 487 17
423 431 54
423 439 144
424 488 120
424 425 38
424 426 42
424 428 18
424 440 25
425 489 154
425 427 97
425 429 149
425 441 67
426 490 153
426 427 38
426 430 55
426 442 62
427 431 76
427 443 102
427 491 108
428 429 88
428 430 23
428 444 116
428 492 120
429 493 132
429 431 22
429 445 130
430 431 136
430 494 98
430 446 56
431 495 85
431 447 13
432 434 102
432 433 50
432 436 43
432 496 134
432 440 101
433 497 61
433 435 12
433 437 96
433 441 33
434 498 101
434 435 112
434 438 59
434 442 12
435 499 49
435 439 39
435 443 44
436 500 39
436 437 25
436 438 35
436 444 148
437 501 78
437 439 138
437 445 64
438 502 140
438 439 32
438 446 96
439 503 136
439 447 14
440 504 23
440 441 88
440 442 100
440 444 76
441 505 105
441 445 11
441 443 13
442 506 20
442 446 41
442 443 99
443 507 74
443 447 47
444 508 62
444 445 43
444 446 16
445 509 84
445 447 61
446 510 87
446 447 69
447 511 51
448 450 132
448 452 112
448 449 147
448 456 31
448 464 57
448 480 53
449 451 63
449 453 104
449 457 23
449 465 34
449 481 146
450 451 100
450 454 140
450 458 49
450 482 105
450 466 101
451 455 147
451 459 123
451 467 36
451 483 52
452 453 131
452 454 16
452 460 134
452 484 21
452 468 39
453 455 141
453 485 119
453 461 136
453 469 60
454 455 54
454 486 75
454 462 132
454 470 78
455 487 129
455 463 137
455 471 85
456 488 26
456 457 123
456 458 93
456 460 24
456 472 82
457 489 119
457 459 124
457 461 59
457 473 63
458 490 122
458 459 27
458 462 40
458 474 108
459 463 22
459 475 118
459 491 150
460 461 131
460 462 140
460 476 124
460 492 116
461 493 71
461 463 143
461 477 65
462 463 16
462 494 87
462 478 52
463 495 138
463 479 86
464 466 128
464 465 144
464 468 30
464 496 69
464 472 38
465 497 125
465 467 82
465 469 153
465 473 132
466 498 99
466 467 97
466 470 53
466 474 42
467 499 82
467 471 93
467 475 122
468 500 67
468 469 150
468 470 79
468 476 117
469 501 120
469 471 63
469 477 11
470 502 122
470 471 108
470 478 79
471 503 104
471 479 153
472 504 56
472 473 101
472 474 121
472 476 84
473 505 106
473 475 74
473 477 36
474 506 92
474 478 130
474 475 135
475 507 13
475 479 51
476 508 57
476 477 150
476 478 150
477 509 148
477 479 138
478 510 125
478 479 52
479 511 65
480 482 35
480 484 30
480 481 25
480 488 139
480 496 116
481 483 71
481 485 84
481 489 67
481 497 12
482 483 100
482 486 32
482 490 137
482 498 17
483 487 20
483 491 148
483 499 117
484 486 19
484 492 148
484 500 154
484 485 134
485 487 77
485 493 62
485 501 126
486 487 34
486 494 145
486 502 18
487 495 142
487 503 89
488 489 152
488 490 79
488 492 62
488 504 100
489 491 50
489 493 121
489 505 131
490 491 125
490 494 143
490 506 62
491 495 54
491 507 15
492 493 131
492 494 129
492 508 122
493 495 124
493 509 64
494 495 33
494 510 29
495 511 152
496 497 20
496 498 62
496 504 127
496 500 11
497 499 22
497 501 74
497 505 32
498 499 46
498 502 35
498 506 15
499 503 134
499 507 94
500 501 77
500 502 90
500 508 100
501 503 46
501 509 55
502 503 92
502 510 108
503 511 123
504 505 88
504 506 93
504 508 114
505 507 30
505 509 65
506 100000 1450
506 100001 1450
506 100004 1450
506 507 103
506 510 145
507 100002 1450
507 100004 1450
507 100003 1450
507 511 59
508 100001 1450
508 509 17
508 510 79
509 100001 1450
509 511 15
510 100000 1450
510 100002 1450
510 100003 1450
510 511 139
511 100002 1450
511 100004 1450
511 100003 1450
-2 0 1450
-2 2 1450
-2 4 1450
-5 1 1450
-5 2 1450
-4 0 1450
-4 2 1450
-4 3 1450
-3 2 1450
-3 5 1450
-1 3 1450
-1 4 1450
