0 8 148
0 1 97
0 2 75
0 4 144
1 9 82
1 3 126
1 5 86
2 10 125
2 3 17
2 6 97
3 11 69
3 7 69
4 12 91
4 5 132
4 6 140
5 4 115
5 13 22
5 7 13
6 2 148
6 4 12
6 14 43
6 7 113
7 5 10
7 6 132
7 15 94
8 9 99
8 10 152
8 12 27
9 11 20
9 13 146
10 100000 1450
10 100001 1450
10 11 154
10 14 61
11 100001 1450
11 100002 1450
11 100004 1450
11 15 64
11 100003 1450
12 100000 1450
12 100002 1450
12 100003 1450
12 8 100
12 13 92
12 14 68
13 100000 1450
13 100004 1450
13 15 147
14 100001 1450
14 12 123
14 6 83
14 15 93
15 100002 1450
15 100004 1450
-1 2 1450
-1 3 1450
-5 4 1450
-4 2 1450
-4 3 1450
-4 5 1450
-3 3 1450
-3 5 1450
-2 3 1450
-2 5 1450
