0 32 123
0 1 52
0 2 42
0 4 24
0 8 47
0 64 86
0 16 80
1 33 112
1 3 15
1 5 118
1 65 107
1 9 88
1 17 43
2 34 135
2 3 69
2 6 114
2 10 131
2 66 119
2 18 153
3 35 16
3 7 25
3 11 95
3 19 48
3 67 153
4 36 88
4 5 115
4 6 63
4 12 42
4 20 116
4 68 26
5 37 130
5 7 16
5 13 71
5 21 119
5 69 90
6 70 55
6 38 56
6 7 67
6 14 41
6 22 17
7 39 72
7 71 127
7 15 120
7 23 93
8 40 83
8 9 81
8 10 136
8 12 97
8 72 131
8 24 69
9 41 36
9 11 38
9 13 84
9 73 63
9 25 127
10 42 78
10 11 71
10 14 29
10 26 62
10 74 122
11 43 138
11 15 120
11 75 33
11 27 115
12 76 146
12 44 124
12 13 88
12 14 147
12 28 121
13 45 147
13 77 91
13 15 18
13 29 16
14 46 153
14 15 118
14 78 103
14 30 28
15 47 138
15 79 19
15 31 56
16 80 48
16 48 135
16 17 94
16 18 14
16 20 76
16 24 109
17 81 92
17 49 152
17 19 109
17 21 144
17 25 57
18 82 125
18 50 48
18 19 34
18 22 30
18 26 126
19 83 149
19 51 100
19 23 72
19 27 51
20 52 82
20 21 18
20 22 69
20 84 10
20 28 48
21 53 82
21 23 24
21 29 107
21 85 41
22 86 69
22 54 97
22 23 13
22 30 25
23 87 77
23 55 71
23 31 145
24 88 131
24 56 88
24 25 110
24 26 123
24 28 32
25 89 93
25 57 103
25 27 77
25 29 30
26 58 31
26 27 60
26 90 135
26 30 128
27 91 35
27 59 72
27 31 136
28 92 138
28 60 65
28 29 14
28 30 140
29 93 146
29 61 35
29 31 63
30 94 31
30 62 11
30 31 111
31 95 74
31 63 109
32 33 93
32 34 102
32 36 41
32 40 41
32 96 134
32 48 33
33 35 40
33 37 141
33 97 90
33 41 96
33 49 23
34 35 91
34 38 42
34 42 80
34 98 122
34 50 153
35 39 96
35 43 50
35 99 37
35 51 20
36 37 100
36 38 30
36 44 90
36 52 19
36 100 147
37 39 58
37 45 40
37 53 80
37 101 22
38 102 141
38 39 44
38 46 30
38 54 152
39 103 78
39 47 122
39 55 77
40 41 106
40 42 35
40 44 41
40 104 47
40 56 154
41 43 105
41 45 28
41 105 144
41 57 126
42 43 30
42 46 39
42 58 98
42 106 68
43 47 40
43 107 69
43 59 114
44 108 127
44 45 40
44 46 60
44 60 145
45 47 128
45 109 153
45 61 90
46 47 127
46 110 64
46 62 121
47 111 66
47 63 138
48 112 117
48 49 21
48 50 117
48 52 47
48 56 104
49 113 125
49 51 75
49 53 154
49 57 88
50 114 114
50 51 20
50 54 84
50 58 36
51 115 64
51 55 83
51 59 122
52 53 102
52 54 35
52 116 115
52 60 143
53 55 36
53 61 71
53 117 27
54 118 44
54 55 53
54 62 45
55 119 151
55 63 119
56 120 11
56 57 115
56 58 61
56 60 128
57 121 97
57 59 105
57 61 56
58 59 83
58 122 85
58 62 150
59 123 119
59 63 93
60 124 24
60 61 92
60 62 21
61 125 22
61 63 101
62 126 109
62 63 91
63 127 125
64 65 28
64 66 139
64 68 18
64 72 130
64 96 12
64 80 139
65 67 46
65 69 147
65 97 70
65 73 112
65 81 72
66 67 94
66 70 104
66 74 76
66 98 119
66 82 46
67 71 85
67 75 36
67 99 116
67 83 40
68 69 91
68 70 136
68 76 102
68 84 28
68 100 140
69 71 87
69 77 87
69 85 67
69 101 151
70 102 31
70 71 61
70 78 38
70 86 42
71 103 42
71 79 82
71 87 20
72 73 55
72 74 153
72 76 67
72 104 100
72 88 108
73 75 51
73 77 80
73 105 115
73 89 70
74 75 49
74 78 30
74 90 83
74 106 155
75 79 13
75 107 79
75 91 58
76 108 67
76 77 133
76 78 111
76 92 71
77 79 129
77 109 143
77 93 42
78 79 100
78 110 60
78 94 127
79 111 44
79 95 85
80 112 68
80 81 83
80 82 59
80 84 73
80 88 21
81 113 53
81 83 151
81 85 27
81 89 144
82 114 56
82 83 122
82 86 94
82 90 63
83 115 35
83 87 71
83 91 65
84 85 97
84 86 17
84 116 28
84 92 77
85 87 36
85 93 34
85 117 79
86 118 153
86 87 55
86 94 30
87 119 135
87 95 125
88 120 77
88 89 18
88 90 73
88 92 55
89 121 53
89 91 18
89 93 74
90 91 74
90 122 20
90 94 67
91 123 22
91 95 42
92 124 73
92 93 130
92 94 127
93 125 94
93 95 100
94 126 97
94 95 153
95 127 122
96 98 55
96 100 88
96 97 43
96 104 15
96 112 43
97 99 124
97 101 58
97 105 51
97 113 94
98 99 130
98 102 139
98 106 129
98 114 148
99 103 41
99 107 69
99 115 122
100 101 119
100 102 147
100 108 124
100 116 36
101 103 153
101 109 132
101 117 124
102 103 86
102 110 91
102 118 23
103 111 136
103 119 146
104 105 19
104 106 56
104 108 49
104 120 110
105 107 113
105 109 43
105 121 52
106 107 37
106 110 31
106 122 95
107 111 117
107 123 56
108 109 99
108 110 154
108 124 101
109 111 16
109 125 120
110 111 111
110 126 109
111 127 77
112 113 104
112 114 135
112 116 56
112 120 115
113 115 40
113 117 25
113 121 147
114 115 143
114 118 127
114 122 65
115 119 115
115 123 90
116 117 63
116 118 131
116 124 45
117 119 105
117 125 141
118 119 22
118 126 100
119 127 17
120 121 51
120 122 19
120 124 54
121 123 61
121 125 71
122 100002 1450
122 123 37
122 126 39
123 100001 1450
123 100002 1450
123 127 138
124 125 76
124 126 63
125 100000 1450
125 100001 1450
125 100004 1450
125 127 150
126 100000 1450
126 100003 1450
126 100004 1450
126 127 43
127 100000 1450
127 100002 1450
127 100003 1450
127 100004 1450
-2 0 1450
-2 4 1450
-5 1 1450
-5 3 1450
-4 1 1450
-4 2 1450
-4 4 1450
-3 2 1450
-3 3 1450
-1 1 1450
-1 5 1450
