0 32 12
0 1 105
0 2 24
0 4 123
0 8 106
0 16 153
1 33 62
1 3 126
1 5 127
1 9 132
1 17 95
2 34 83
2 3 139
2 6 15
2 10 22
2 18 43
3 35 53
3 7 26
3 11 18
3 19 12
4 36 70
4 5 75
4 6 118
4 12 150
4 20 82
5 4 131
5 37 63
5 7 124
5 13 17
5 21 99
6 2 80
6 4 56
6 38 14
6 7 20
6 14 57
6 22 20
7 6 40
7 39 12
7 15 154
7 23 91
8 0 80
8 40 45
8 9 106
8 10 124
8 12 37
8 24 30
9 1 82
9 8 126
9 41 151
9 11 93
9 13 92
9 25 102
10 2 132
10 8 136
10 42 153
10 11 78
10 14 131
10 26 75
11 3 113
11 9 36
11 10 132
11 43 82
11 15 126
11 27 103
12 4 58
12 8 66
12 44 112
12 13 108
12 14 153
12 28 109
13 5 75
13 9 123
13 12 31
13 45 32
13 15 82
13 29 43
14 6 109
14 10 150
14 12 144
14 46 34
14 15 126
14 30 100
15 11 88
15 13 91
15 14 136
15 47 104
15 31 65
16 0 19
16 48 116
16 17 97
16 18 63
16 20 23
16 24 142
17 1 37
17 16 80
17 49 90
17 19 16
17 21 28
17 25 81
18 2 95
18 16 151
18 50 121
18 19 119
18 22 70
18 26 30
19 3 119
19 17 27
19 18 79
19 51 97
19 23 70
19 27 132
20 4 120
20 16 115
20 52 81
20 21 51
20 22 129
20 28 83
21 5 65
21 17 60
21 20 129
21 53 147
21 23 66
21 29 62
22 6 45
22 18 81
22 20 106
22 54 46
22 23 59
22 30 58
23 7 144
23 19 26
23 21 117
23 22 120
23 55 101
23 31 115
24 8 104
24 16 30
24 56 119
24 25 11
24 26 10
24 28 99
25 9 55
25 17 16
25 24 21
25 57 135
25 27 35
25 29 102
26 10 18
26 18 81
26 24 109
26 58 45
26 27 85
26 30 14
27 11 96
27 19 25
27 25 138
27 26 122
27 59 127
27 31 108
28 12 19
28 20 98
28 24 33
28 60 141
28 29 92
28 30 90
29 13 29
29 21 74
29 25 116
29 28 127
29 61 57
29 31 12
30 14 60
30 22 84
30 26 144
30 28 106
30 62 147
30 31 62
31 15 84
31 23 103
31 27 14
31 29 34
31 30 10
31 63 95
32 33 37
32 34 61
32 36 152
32 40 31
32 48 53
33 35 12
33 37 110
33 41 25
33 49 96
34 35 140
34 38 66
34 42 36
34 50 124
35 39 51
35 43 39
35 51 75
36 37 115
36 38 126
36 44 38
36 52 62
37 5 128
37 39 69
37 45 89
37 53 134
38 6 121
38 39 122
38 46 66
38 54 26
39 47 101
39 55 125
40 8 77
40 41 153
40 42 28
40 44 52
40 56 154
41 9 28
41 43 149
41 45 10
41 57 22
42 40 43
42 10 12
42 43 124
42 46 125
42 58 105
43 42 151
43 11 68
43 47 69
43 59 104
44 36 90
44 40 154
44 12 139
44 45 35
44 46 150
44 60 24
45 44 62
45 13 153
45 47 55
45 61 96
46 44 25
46 14 92
46 47 109
46 62 105
47 63 29
48 32 42
48 16 68
48 49 143
48 50 28
48 52 33
48 56 136
49 33 62
49 48 25
49 17 80
49 51 92
49 53 107
49 57 71
50 34 25
50 48 62
50 18 152
50 51 25
50 54 130
50 58 48
51 35 46
51 49 34
51 50 96
51 19 57
51 55 127
51 59 34
52 36 104
52 48 147
52 20 144
52 53 99
52 54 142
52 60 42
53 37 137
53 49 77
53 52 93
53 21 116
53 55 144
53 61 117
54 38 50
54 50 133
54 52 32
54 22 120
54 55 24
54 62 108
55 51 153
55 53 14
55 54 78
55 23 78
55 63 154
56 40 136
56 48 96
56 24 35
56 57 141
56 58 40
56 60 45
57 41 82
57 49 108
57 56 132
57 25 85
57 59 56
57 61 127
58 100000 1450
58 100002 1450
58 100003 1450
58 100004 1450
58 42 122
58 50 63
58 56 102
58 26 35
58 59 134
58 62 95
59 100001 1450
59 100002 1450
59 100004 1450
59 51 59
59 57 86
59 58 35
59 27 48
59 63 65
60 100000 1450
60 100003 1450
60 44 111
60 52 107
60 56 127
60 28 54
60 61 44
60 62 131
61 100000 1450
61 100002 1450
61 53 131
61 57 85
61 60 60
61 29 69
61 63 88
62 54 95
62 58 120
62 60 77
62 30 31
62 63 150
-2 2 1450
-2 3 1450
-2 5 1450
-5 0 1450
-5 1 1450
-5 3 1450
-4 0 1450
-4 2 1450
-4 3 1450
-3 1 1450
-3 5 1450
-1 3 1450
-1 4 1450
