0 32 74
0 1 69
0 2 83
0 4 93
0 8 72
0 16 145
1 33 122
1 3 42
1 5 72
1 9 149
1 17 22
2 34 145
2 3 92
2 6 78
2 10 73
2 18 46
3 35 41
3 7 78
3 11 126
3 19 143
4 36 82
4 5 36
4 6 114
4 12 45
4 20 44
5 37 144
5 7 59
5 13 77
5 21 39
6 38 81
6 7 12
6 14 139
6 22 28
7 39 98
7 15 28
7 23 122
8 40 53
8 9 21
8 10 126
8 12 34
8 24 58
9 41 75
9 11 112
9 13 154
9 25 98
10 42 90
10 11 147
10 14 57
10 26 141
11 43 31
11 15 142
11 27 78
12 44 79
12 13 84
12 14 77
12 28 44
13 45 71
13 15 128
13 29 24
14 46 14
14 15 140
14 30 85
15 47 55
15 31 46
16 48 39
16 17 115
16 18 52
16 20 93
16 24 126
17 49 32
17 19 144
17 21 68
17 25 70
18 50 136
18 19 92
18 22 68
18 26 24
19 51 66
19 23 152
19 27 16
20 52 138
20 21 128
20 22 28
20 28 63
21 53 55
21 23 42
21 29 30
22 54 13
22 23 47
22 30 12
23 55 53
23 31 117
24 56 45
24 25 144
24 26 146
24 28 151
25 57 121
25 27 40
25 29 13
26 58 91
26 27 57
26 30 100
27 59 24
27 31 133
28 60 147
28 29 131
28 30 90
29 61 77
29 31 90
30 62 129
30 31 116
31 63 100
32 33 34
32 34 93
32 36 12
32 40 35
32 48 37
33 35 152
33 37 153
33 41 148
33 49 53
34 35 78
34 38 121
34 42 95
34 50 13
35 39 22
35 43 40
35 51 90
36 37 106
36 38 133
36 44 34
36 52 28
37 39 147
37 45 29
37 53 154
38 39 106
38 46 70
38 54 17
39 47 129
39 55 122
40 41 116
40 42 112
40 44 49
40 56 131
41 43 25
41 45 155
41 57 150
42 43 38
42 46 27
42 58 122
43 47 137
43 59 147
44 45 142
44 46 56
44 60 28
45 47 42
45 61 146
46 47 94
46 62 137
47 63 79
48 49 29
48 50 13
48 52 56
48 56 81
49 51 127
49 53 10
49 57 51
50 51 133
50 54 78
50 58 107
51 55 115
51 59 23
52 53 106
52 54 102
52 60 125
53 55 56
53 61 60
54 55 84
54 62 60
55 63 90
56 57 129
56 58 50
56 60 33
57 59 69
57 61 59
58 100002 1450
58 59 119
58 62 97
59 100001 1450
59 100003 1450
59 100004 1450
59 63 30
60 100000 1450
60 100001 1450
60 100004 1450
60 61 53
60 62 74
61 63 68
62 100002 1450
62 100004 1450
62 63 13
63 100000 1450
63 100003 1450
-2 2 1450
-2 4 1450
-5 0 1450
-5 3 1450
-5 5 1450
-4 1 1450
-4 3 1450
-3 1 1450
-3 4 1450
-1 2 1450
-1 3 1450
-1 5 1450
