0 8 89
0 1 99
0 2 60
0 4 60
1 9 56
1 3 48
1 5 120
2 10 122
2 3 51
2 6 106
3 11 51
3 7 97
4 12 146
4 5 114
4 6 68
5 13 74
5 7 93
6 14 146
6 7 30
7 15 131
8 9 25
8 10 15
8 12 120
9 11 133
9 13 90
10 100001 1450
10 11 113
10 100002 1450
10 14 78
11 100001 1450
11 15 149
11 100003 1450
12 100002 1450
12 100004 1450
12 13 121
12 14 122
13 100000 1450
13 100003 1450
13 100004 1450
13 15 152
14 15 117
15 100000 1450
15 100001 1450
15 100002 1450
15 100003 1450
15 100004 1450
-1 1 1450
-1 3 1450
-5 0 1450
-5 4 1450
-4 0 1450
-4 1 1450
-4 4 1450
-3 3 1450
-3 4 1450
-3 5 1450
-2 1 1450
-2 5 1450
