0 8 75
0 1 106
0 2 66
0 4 14
0 16 30
1 9 44
1 3 121
1 5 67
1 17 141
2 10 57
2 3 39
2 18 107
2 6 82
3 19 53
3 11 93
3 7 80
4 20 25
4 12 93
4 5 29
4 6 124
5 21 121
5 13 16
5 7 14
6 22 83
6 14 84
6 7 49
7 23 85
7 15 30
8 9 38
8 10 149
8 12 13
8 24 140
9 11 101
9 13 96
9 25 63
10 11 101
10 26 124
10 14 118
11 27 15
11 15 44
12 28 41
12 13 89
12 14 84
13 29 35
13 15 37
14 30 57
14 15 58
15 31 144
16 17 40
16 18 153
16 20 21
16 24 117
17 19 126
17 21 114
17 25 99
18 19 148
18 26 40
18 22 120
19 27 82
19 23 124
20 28 116
20 21 110
20 22 95
21 29 110
21 23 41
22 30 43
22 23 34
23 31 108
24 26 120
24 28 152
24 25 58
25 27 81
25 29 134
26 100004 1450
26 27 68
26 30 18
27 100000 1450
27 100001 1450
27 100003 1450
27 31 113
28 100000 1450
28 100002 1450
28 100004 1450
28 29 104
28 30 22
29 100001 1450
29 100003 1450
29 31 143
30 100001 1450
30 31 117
31 100002 1450
31 100003 1450
31 100004 1450
-2 3 1450
-2 4 1450
-2 5 1450
-5 0 1450
-5 2 1450
-4 2 1450
-4 4 1450
-4 5 1450
-3 2 1450
-3 3 1450
-1 0 1450
-1 5 1450
