0 32 24
0 1 83
0 2 10
0 4 94
0 8 31
0 16 35
1 33 72
1 3 39
1 5 112
1 9 144
1 17 141
2 34 136
2 3 18
2 6 108
2 10 142
2 18 29
3 35 105
3 7 29
3 11 18
3 19 98
4 36 93
4 5 41
4 6 139
4 12 71
4 20 126
5 37 109
5 7 61
5 13 122
5 21 101
6 38 75
6 7 67
6 14 152
6 22 74
7 39 47
7 15 74
7 23 127
8 40 154
8 9 58
8 10 41
8 12 93
8 24 117
9 41 15
9 11 32
9 13 119
9 25 122
10 42 107
10 11 57
10 14 142
10 26 29
11 43 64
11 15 139
11 27 10
12 44 150
12 13 13
12 14 84
12 28 148
13 45 108
13 15 27
13 29 120
14 46 39
14 15 149
14 30 121
15 47 44
15 31 28
16 48 110
16 17 68
16 18 73
16 20 92
16 24 17
17 49 30
17 19 93
17 21 56
17 25 32
18 50 94
18 19 79
18 22 134
18 26 110
19 51 131
19 23 133
19 27 77
20 52 29
20 21 80
20 22 18
20 28 148
21 53 150
21 23 114
21 29 19
22 54 62
22 23 74
22 30 127
23 55 91
23 31 71
24 56 140
24 25 14
24 26 59
24 28 104
25 57 134
25 27 23
25 29 64
26 58 50
26 27 31
26 30 16
27 59 110
27 31 146
28 60 143
28 29 23
28 30 38
29 61 72
29 31 28
30 62 53
30 31 105
31 63 47
32 33 76
32 34 22
32 36 12
32 40 37
32 48 53
33 35 92
33 37 77
33 41 110
33 49 68
34 35 39
34 38 101
34 42 138
34 50 68
35 39 50
35 43 150
35 51 99
36 37 123
36 38 116
36 44 42
36 52 69
37 39 61
37 45 137
37 53 152
38 39 11
38 46 60
38 54 12
39 47 11
39 55 114
40 41 86
40 42 72
40 44 106
40 56 19
41 43 104
41 45 110
41 57 117
42 43 32
42 46 56
42 58 38
43 47 37
43 59 139
44 45 131
44 46 62
44 60 30
45 47 76
45 61 127
46 47 25
46 62 125
47 63 27
48 49 20
48 50 83
48 52 94
48 56 77
49 51 124
49 53 98
49 57 146
50 51 85
50 54 28
50 58 132
51 55 70
51 59 88
52 53 115
52 54 78
52 60 22
53 55 118
53 61 123
54 55 67
54 62 110
55 63 34
56 57 32
56 58 95
56 60 142
57 59 104
57 61 52
58 100000 1450
58 100001 1450
58 100004 1450
58 59 57
58 62 55
59 63 99
60 100002 1450
60 100003 1450
60 61 15
60 62 144
61 100003 1450
61 63 42
62 100002 1450
62 100004 1450
62 63 144
63 100000 1450
63 100001 1450
63 100003 1450
-2 2 1450
-2 3 1450
-2 4 1450
-5 3 1450
-5 4 1450
-4 0 1450
-4 4 1450
-3 4 1450
-3 5 1450
-1 2 1450
-1 3 1450
-1 4 1450
