0 32 67
0 1 138
0 2 153
0 4 89
0 8 154
0 64 87
0 128 91
0 256 110
0 16 70
1 33 20
1 3 123
1 5 10
1 65 17
1 129 96
1 9 17
1 257 81
1 17 88
2 34 23
2 3 82
2 6 77
2 10 89
2 66 50
2 18 52
2 258 127
2 130 10
3 35 128
3 131 78
3 7 140
3 259 103
3 11 47
3 19 139
3 67 92
4 132 52
4 36 130
4 5 142
4 6 71
4 12 138
4 20 35
4 68 57
4 260 39
5 133 84
5 37 135
5 7 69
5 261 25
5 13 124
5 21 135
5 69 96
6 70 45
6 38 94
6 7 100
6 262 33
6 14 46
6 22 47
6 134 145
7 263 65
7 39 86
7 71 19
7 15 16
7 23 38
7 135 83
8 40 24
8 9 24
8 10 99
8 12 76
8 72 49
8 24 140
8 136 31
8 264 114
9 41 29
9 11 113
9 13 97
9 73 134
9 137 20
9 25 84
9 265 78
10 266 117
10 42 20
10 11 115
10 14 81
10 138 144
10 26 100
10 74 43
11 43 100
11 15 37
11 75 35
11 139 33
11 267 37
11 27 55
12 76 40
12 44 117
12 13 61
12 14 135
12 140 12
12 268 10
12 28 136
13 45 99
13 77 17
13 15 106
13 141 107
13 269 105
13 29 81
14 142 132
14 46 93
14 15 146
14 270 91
14 78 115
14 30 69
15 143 76
15 47 107
15 271 84
15 79 84
15 31 92
16 80 94
16 144 15
16 272 143
16 48 89
16 17 138
16 18 107
16 20 151
16 24 139
17 81 84
17 145 67
17 273 102
17 49 69
17 19 132
17 21 89
17 25 16
18 146 63
18 274 76
18 82 112
18 50 82
18 19 44
18 22 35
18 26 126
19 83 10
19 147 116
19 275 149
19 51 98
19 23 134
19 27 41
20 148 85
20 276 102
20 52 20
20 21 140
20 22 15
20 84 122
20 28 48
21 149 30
21 277 113
21 53 130
21 23 137
21 29 126
21 85 53
22 278 94
22 86 14
22 54 96
22 23 113
22 150 129
22 30 99
23 279 37
23 87 58
23 55 98
23 151 85
23 31 80
24 152 54
24 88 73
24 56 100
24 25 68
24 26 11
24 28 70
24 280 110
25 89 130
25 57 38
25 27 100
25 281 80
25 29 23
25 153 138
26 282 154
26 154 20
26 58 150
26 27 104
26 90 75
26 30 90
27 91 137
27 155 73
27 283 72
27 59 73
27 31 56
28 92 116
28 156 51
28 284 30
28 60 128
28 29 56
28 30 135
29 93 113
29 157 48
29 285 109
29 61 92
29 31 88
30 158 99
30 286 112
30 94 89
30 62 150
30 31 73
31 95 70
31 159 34
31 287 76
31 63 46
32 33 84
32 34 97
32 36 147
32 40 146
32 96 82
32 160 12
32 288 88
32 48 23
33 35 99
33 37 144
33 97 135
33 41 99
33 289 97
33 161 70
33 49 96
34 35 59
34 38 28
34 162 140
34 42 112
34 290 31
34 98 116
34 50 33
35 163 147
35 39 55
35 291 93
35 43 27
35 99 118
35 51 41
36 164 98
36 37 63
36 38 45
36 292 144
36 44 26
36 52 108
36 100 128
37 165 23
37 39 99
37 45 20
37 53 85
37 293 45
37 101 71
38 294 25
38 102 37
38 39 107
38 46 21
38 54 98
38 166 69
39 295 43
39 103 32
39 47 76
39 55 42
39 167 46
40 41 125
40 42 58
40 44 78
40 104 53
40 56 21
40 168 141
40 296 111
41 43 111
41 45 110
41 105 125
41 57 80
41 297 130
41 169 33
42 43 84
42 46 91
42 170 69
42 58 91
42 298 54
42 106 73
43 47 12
43 107 94
43 171 127
43 299 21
43 59 39
44 108 83
44 45 149
44 46 33
44 172 52
44 300 55
44 60 43
45 47 49
45 173 126
45 109 109
45 301 40
45 61 94
46 47 136
46 302 10
46 110 102
46 174 25
46 62 81
47 175 46
47 303 57
47 111 75
47 63 71
48 112 110
48 176 103
48 304 129
48 49 25
48 50 22
48 52 99
48 56 54
49 113 58
49 177 39
49 305 57
49 51 114
49 53 110
49 57 123
50 178 100
50 306 102
50 114 100
50 51 155
50 54 81
50 58 90
51 179 129
51 307 70
51 115 98
51 55 130
51 59 21
52 180 145
52 308 77
52 53 143
52 54 12
52 116 146
52 60 32
53 181 141
53 55 76
53 309 15
53 61 132
53 117 89
54 310 114
54 118 34
54 55 48
54 62 57
54 182 128
55 311 129
55 119 101
55 183 124
55 63 137
56 120 81
56 57 141
56 58 103
56 184 107
56 60 128
56 312 10
57 313 110
57 121 33
57 59 24
57 61 31
57 185 99
58 314 33
58 186 106
58 59 126
58 122 11
58 62 112
59 123 89
59 187 62
59 315 30
59 63 109
60 124 87
60 188 111
60 316 57
60 61 60
60 62 144
61 317 22
61 125 141
61 189 105
61 63 12
62 190 132
62 318 135
62 126 104
62 63 77
63 127 67
63 191 125
63 319 94
64 65 104
64 66 64
64 68 114
64 72 135
64 96 61
64 192 63
64 80 44
64 320 35
65 67 136
65 69 71
65 97 60
65 73 42
65 193 142
65 321 95
65 81 49
66 67 154
66 70 44
66 194 46
66 74 36
66 322 151
66 98 129
66 82 70
67 195 11
67 71 17
67 323 39
67 75 104
67 99 14
67 83 27
68 69 148
68 70 35
68 324 27
68 76 70
68 84 153
68 196 72
68 100 28
69 197 38
69 325 153
69 71 10
69 77 112
69 85 91
69 101 96
70 198 50
70 102 101
70 71 21
70 78 143
70 326 31
70 86 63
71 327 43
71 103 24
71 79 110
71 87 24
71 199 101
72 328 152
72 73 56
72 74 26
72 76 66
72 104 77
72 88 129
72 200 27
73 75 53
73 77 134
73 105 150
73 89 47
73 201 36
73 329 65
74 75 83
74 78 124
74 202 55
74 90 117
74 330 99
74 106 38
75 79 65
75 107 66
75 203 59
75 331 81
75 91 147
76 108 12
76 77 85
76 78 109
76 204 40
76 332 89
76 92 79
77 79 24
77 109 86
77 333 75
77 205 126
77 93 131
78 79 90
78 206 80
78 334 28
78 110 109
78 94 119
79 207 35
79 335 77
79 111 109
79 95 84
80 112 112
80 208 42
80 81 42
80 82 36
80 84 93
80 336 84
80 88 16
81 113 67
81 209 70
81 337 44
81 83 143
81 85 142
81 89 105
82 210 111
82 338 130
82 114 123
82 83 55
82 86 87
82 90 149
83 211 122
83 339 147
83 115 84
83 87 138
83 91 66
84 340 19
84 212 90
84 85 44
84 86 31
84 116 99
84 92 29
85 213 105
85 341 82
85 87 12
85 93 90
85 117 101
86 214 126
86 342 138
86 118 14
86 87 29
86 94 86
87 343 84
87 119 101
87 215 20
87 95 34
88 344 44
88 216 55
88 120 126
88 89 70
88 90 45
88 92 76
89 121 39
89 217 94
89 91 91
89 93 115
89 345 153
90 218 146
90 91 142
90 346 27
90 122 47
90 94 28
91 123 134
91 347 28
91 219 117
91 95 40
92 220 153
92 124 40
92 348 72
92 93 150
92 94 135
93 125 78
93 221 35
93 349 36
93 95 47
94 222 67
94 350 144
94 126 153
94 95 116
95 127 121
95 223 92
95 351 13
96 98 56
96 100 112
96 97 50
96 104 20
96 224 149
96 112 106
96 352 106
97 99 69
97 101 62
97 105 65
97 225 76
97 353 21
97 113 58
98 99 108
98 102 10
98 226 79
98 106 16
98 354 72
98 114 65
99 227 80
99 103 45
99 107 134
99 115 74
99 355 83
100 101 88
100 102 13
100 356 70
100 108 77
100 116 115
100 228 19
101 229 55
101 103 55
101 357 34
101 109 70
101 117 40
102 230 112
102 103 15
102 110 97
102 118 124
102 358 80
103 111 71
103 359 73
103 119 23
103 231 58
104 360 109
104 105 93
104 106 22
104 108 97
104 120 100
104 232 82
105 107 101
105 109 129
105 121 22
105 233 36
105 361 41
106 107 48
106 110 127
106 362 139
106 234 84
106 122 111
107 363 97
107 111 121
107 235 52
107 123 117
108 109 103
108 110 19
108 236 112
108 364 88
108 124 89
109 111 136
109 237 79
109 365 42
109 125 141
110 111 125
110 238 33
110 366 94
110 126 60
111 239 24
111 367 52
111 127 129
112 240 12
112 113 91
112 114 155
112 116 138
112 368 41
112 120 123
113 241 65
113 369 143
113 115 148
113 117 93
113 121 76
114 242 107
114 370 67
114 115 81
114 118 99
114 122 77
115 243 151
115 371 36
115 119 42
115 123 28
116 244 127
116 372 121
116 117 64
116 118 60
116 124 44
117 245 111
117 373 46
117 119 39
117 125 73
118 246 22
118 119 68
118 374 127
118 126 61
119 375 140
119 247 126
119 127 76
120 376 47
120 121 54
120 122 100
120 124 129
120 248 45
121 249 30
121 123 134
121 125 70
121 377 54
122 378 31
122 250 55
122 123 15
122 126 22
123 379 28
123 251 33
123 127 54
124 252 54
124 380 105
124 125 102
124 126 114
125 253 87
125 381 46
125 127 152
126 382 90
126 254 133
126 127 134
127 255 68
127 383 91
128 129 98
128 130 152
128 132 131
128 136 22
128 160 118
128 192 109
128 144 81
128 384 151
129 131 33
129 133 19
129 161 58
129 137 144
129 193 26
129 385 26
129 145 120
130 131 47
130 134 114
130 194 24
130 138 120
130 162 154
130 386 28
130 146 82
131 163 66
131 195 15
131 135 129
131 139 63
131 387 45
131 147 102
132 133 16
132 134 142
132 388 58
132 140 123
132 148 104
132 196 14
132 164 96
133 197 26
133 135 14
133 389 145
133 141 116
133 149 119
133 165 98
134 198 113
134 166 15
134 135 14
134 142 49
134 150 12
134 390 47
135 391 89
135 167 113
135 143 94
135 151 10
135 199 129
136 392 28
136 137 119
136 138 109
136 140 104
136 168 46
136 152 16
136 200 89
137 393 132
137 139 130
137 141 88
137 169 104
137 153 46
137 201 110
138 139 153
138 142 45
138 202 23
138 154 98
138 170 72
138 394 129
139 143 106
139 171 71
139 203 136
139 155 21
139 395 62
140 172 77
140 141 19
140 142 116
140 204 79
140 396 17
140 156 110
141 143 109
141 173 113
141 205 154
141 397 98
141 157 132
142 143 73
142 206 73
142 174 60
142 398 11
142 158 146
143 207 100
143 399 129
143 175 53
143 159 22
144 176 113
144 208 47
144 145 22
144 146 14
144 148 70
144 152 65
144 400 104
145 177 139
145 209 93
145 147 154
145 149 126
145 401 23
145 153 68
146 210 41
146 178 123
146 402 155
146 147 114
146 150 19
146 154 55
147 179 82
147 211 121
147 403 117
147 151 27
147 155 121
148 212 108
148 404 37
148 149 26
148 150 90
148 180 111
148 156 144
149 213 85
149 405 65
149 151 103
149 157 121
149 181 49
150 214 33
150 182 61
150 151 139
150 158 55
150 406 94
151 407 51
151 183 150
151 215 149
151 159 32
152 408 106
152 216 51
152 184 112
152 153 43
152 154 49
152 156 89
153 409 136
153 185 95
153 217 82
153 155 143
153 157 119
154 410 78
154 218 82
154 155 91
154 186 36
154 158 13
155 187 55
155 219 98
155 411 79
155 159 52
156 220 96
156 188 152
156 412 28
156 157 84
156 158 125
157 189 145
157 221 83
157 413 144
157 159 150
158 414 69
158 222 70
158 190 73
158 159 76
159 191 72
159 223 61
159 415 75
160 162 16
160 164 124
160 161 69
160 168 123
160 224 117
160 176 13
160 416 70
161 163 139
161 165 86
161 169 97
161 225 145
161 177 72
161 417 71
162 163 43
162 166 91
162 226 109
162 170 101
162 418 79
162 178 22
163 227 137
163 179 57
163 167 107
163 171 131
163 419 101
164 165 40
164 166 139
164 420 100
164 172 95
164 180 114
164 228 133
165 229 75
165 167 111
165 421 89
165 173 122
165 181 77
166 230 126
166 167 90
166 174 16
166 422 128
166 182 36
167 175 57
167 183 145
167 423 64
167 231 155
168 424 155
168 169 137
168 170 92
168 172 13
168 184 70
168 232 129
169 425 155
169 171 133
169 173 34
169 185 56
169 233 16
170 171 57
170 174 58
170 234 87
170 186 135
170 426 46
171 175 64
171 235 152
171 187 116
171 427 125
172 173 14
172 174 139
172 236 98
172 428 98
172 188 38
173 175 133
173 237 114
173 429 38
173 189 103
174 175 62
174 238 148
174 430 93
174 190 68
175 239 105
175 431 124
175 191 25
176 240 109
176 177 23
176 178 103
176 432 153
176 180 125
176 184 92
177 241 117
177 179 122
177 181 11
177 433 37
177 185 86
178 242 82
178 434 120
178 179 33
178 182 109
178 186 102
179 243 94
179 435 112
179 183 27
179 187 29
180 244 86
180 436 57
180 181 147
180 182 30
180 188 42
181 245 134
181 437 54
181 183 52
181 189 12
182 246 94
182 438 36
182 183 26
182 190 134
183 439 131
183 247 112
183 191 144
184 440 65
184 185 26
184 186 64
184 188 17
184 248 105
185 441 118
185 249 18
185 187 119
185 189 20
186 250 57
186 187 104
186 190 73
186 442 38
187 251 55
187 443 76
187 191 77
188 252 38
188 444 85
188 189 64
188 190 79
189 253 46
189 445 39
189 191 59
190 254 67
190 446 133
190 191 22
191 255 105
191 447 68
192 194 10
192 196 119
192 193 65
192 200 20
192 224 104
192 208 93
192 448 36
193 195 90
193 197 118
193 201 52
193 225 47
193 209 128
193 449 25
194 195 148
194 198 101
194 226 87
194 202 50
194 450 44
194 210 136
195 227 23
195 211 123
195 199 45
195 203 65
195 451 146
196 197 148
196 198 141
196 204 16
196 212 59
196 228 15
196 452 30
197 229 112
197 199 31
197 453 134
197 205 73
197 213 25
198 230 20
198 199 122
198 454 10
198 206 127
198 214 114
199 207 75
199 215 71
199 455 114
199 231 124
200 456 88
200 201 97
200 202 139
200 204 104
200 216 100
200 232 47
201 457 147
201 203 56
201 205 155
201 217 88
201 233 78
202 458 31
202 203 152
202 206 108
202 234 128
202 218 96
203 207 130
203 235 32
203 219 47
203 459 129
204 460 145
204 205 120
204 206 23
204 236 124
204 220 92
205 207 49
205 237 28
205 461 138
205 221 44
206 207 88
206 238 86
206 462 13
206 222 53
207 239 128
207 463 84
207 223 82
208 464 11
208 240 57
208 209 66
208 210 11
208 212 136
208 216 107
209 241 86
209 465 140
209 211 61
209 213 51
209 217 123
210 242 111
210 466 42
210 211 92
210 214 128
210 218 50
211 243 27
211 467 129
211 215 69
211 219 96
212 244 71
212 468 62
212 213 106
212 214 30
212 220 117
213 245 108
213 469 19
213 215 60
213 221 52
214 246 105
214 470 153
214 215 105
214 222 145
215 471 12
215 247 100
215 223 27
216 472 34
216 217 103
216 218 146
216 220 82
216 248 27
217 473 97
217 249 11
217 219 33
217 221 84
218 474 116
218 250 80
218 219 37
218 222 65
219 251 132
219 475 38
219 223 125
220 476 36
220 252 16
220 221 11
220 222 11
221 253 141
221 477 106
221 223 56
222 254 71
222 478 32
222 223 48
223 255 12
223 479 117
224 226 148
224 228 94
224 225 65
224 232 130
224 240 65
224 480 36
225 227 94
225 229 133
225 241 98
225 481 80
225 233 102
226 227 26
226 230 27
226 234 24
226 482 88
226 242 26
227 243 63
227 231 80
227 235 94
227 483 53
228 229 94
228 230 42
228 236 55
228 484 34
228 244 155
229 231 94
229 485 129
229 237 14
229 245 26
230 231 97
230 486 118
230 238 22
230 246 133
231 487 62
231 239 137
231 247 24
232 488 148
232 233 129
232 234 16
232 236 136
232 248 36
233 489 78
233 235 145
233 237 64
233 249 60
234 490 152
234 235 43
234 238 59
234 250 73
235 239 152
235 251 24
235 491 31
236 237 136
236 238 70
236 252 145
236 492 80
237 493 118
237 239 153
237 253 25
238 239 29
238 494 113
238 254 105
239 495 88
239 255 106
240 241 40
240 242 125
240 244 24
240 496 139
240 248 141
241 497 35
241 243 83
241 245 91
241 249 26
242 498 122
242 243 110
242 246 26
242 250 24
243 499 12
243 247 125
243 251 39
244 500 97
244 246 38
244 252 122
244 245 120
245 501 50
245 247 119
245 253 72
246 502 45
246 247 30
246 254 25
247 503 52
247 255 89
248 504 64
248 252 107
248 249 119
248 250 112
249 505 64
249 251 72
249 253 132
250 506 61
250 251 82
250 254 69
251 507 108
251 255 147
252 508 117
252 253 101
252 254 138
253 509 105
253 255 142
254 510 124
254 255 122
255 511 46
256 257 28
256 258 116
256 260 86
256 264 86
256 288 134
256 272 106
256 320 136
256 384 60
257 259 41
257 261 84
257 289 49
257 265 127
257 321 30
257 385 152
257 273 137
258 259 52
258 262 107
258 266 153
258 322 155
258 290 84
258 386 111
258 274 87
259 263 25
259 291 13
259 323 116
259 267 95
259 387 155
259 275 51
260 261 65
260 262 68
260 324 51
260 388 151
260 268 43
260 276 89
260 292 113
261 325 103
261 263 151
261 389 114
261 269 86
261 277 131
261 293 76
262 294 28
262 263 150
262 270 101
262 326 89
262 278 67
262 390 52
263 327 151
263 391 51
263 295 80
263 271 19
263 279 28
264 328 108
264 392 93
264 265 45
264 266 65
264 268 86
264 296 69
264 280 61
265 393 20
265 267 118
265 269 151
265 297 28
265 281 72
265 329 89
266 267 75
266 270 133
266 282 86
266 330 150
266 298 83
266 394 134
267 271 15
267 299 98
267 331 95
267 283 80
267 395 30
268 300 12
268 269 133
268 270 44
268 332 55
268 396 147
268 284 116
269 271 144
269 301 107
269 333 134
269 397 141
269 285 99
270 271 134
270 334 101
270 302 55
270 398 76
270 286 49
271 335 90
271 399 78
271 303 88
271 287 59
272 304 98
272 273 10
272 274 19
272 276 75
272 336 40
272 280 61
272 400 79
273 305 125
273 337 129
273 275 28
273 277 82
273 401 77
273 281 129
274 338 87
274 306 83
274 402 40
274 275 117
274 278 102
274 282 138
275 307 109
275 339 85
275 403 137
275 279 49
275 283 49
276 340 98
276 404 39
276 277 61
276 278 21
276 308 29
276 284 134
277 341 88
277 405 68
277 279 117
277 285 101
277 309 95
278 342 29
278 310 128
278 279 134
278 286 65
278 406 11
279 343 39
279 407 91
279 311 114
279 287 100
280 344 82
280 408 48
280 312 19
280 281 96
280 282 48
280 284 75
281 409 131
281 313 119
281 283 107
281 285 141
281 345 71
282 410 126
282 283 47
282 346 23
282 314 36
282 286 22
283 315 48
283 347 60
283 411 100
283 287 102
284 316 73
284 348 153
284 412 117
284 285 31
284 286 132
285 317 155
285 349 68
285 413 65
285 287 113
286 414 97
286 350 45
286 318 14
286 287 55
287 319 126
287 351 94
287 415 123
288 290 16
288 292 135
288 289 88
288 296 130
288 304 36
288 352 79
288 416 119
289 291 36
289 293 108
289 297 153
289 353 93
289 305 129
289 417 97
290 291 82
290 294 38
290 298 151
290 354 138
290 418 143
290 306 54
291 295 48
291 307 87
291 299 146
291 419 130
291 355 121
292 293 98
292 294 65
292 356 87
292 420 82
292 300 70
292 308 64
293 295 118
293 421 81
293 357 155
293 301 144
293 309 151
294 295 64
294 302 91
294 422 150
294 310 86
294 358 47
295 303 155
295 359 129
295 311 128
295 423 34
296 360 38
296 424 144
296 297 65
296 298 17
296 300 20
296 312 140
297 425 66
297 299 76
297 301 50
297 313 45
297 361 128
298 299 25
298 302 101
298 362 53
298 314 53
298 426 78
299 363 134
299 303 28
299 315 50
299 427 127
300 301 138
300 302 78
300 364 138
300 428 88
300 316 12
301 303 140
301 365 24
301 429 35
301 317 105
302 303 90
302 366 27
302 430 103
302 318 35
303 367 110
303 431 90
303 319 11
304 305 141
304 306 69
304 432 50
304 308 81
304 368 88
304 312 21
305 369 145
305 307 138
305 309 86
305 433 133
305 313 108
306 370 60
306 434 116
306 307 35
306 310 88
306 314 108
307 371 127
307 435 138
307 311 43
307 315 132
308 372 145
308 436 21
308 309 62
308 310 39
308 316 94
309 373 45
309 437 98
309 311 25
309 317 114
310 438 16
310 311 146
310 374 128
310 318 46
311 375 155
311 439 50
311 319 154
312 376 117
312 440 14
312 313 77
312 314 133
312 316 125
313 441 42
313 315 11
313 317 65
313 377 94
314 378 53
314 315 85
314 318 142
314 442 133
315 379 102
315 443 15
315 319 87
316 380 88
316 444 60
316 317 87
316 318 85
317 381 124
317 445 130
317 319 52
318 382 97
318 446 70
318 319 104
319 383 110
319 447 117
320 322 110
320 324 84
320 321 112
320 328 63
320 336 96
320 352 75
320 448 42
321 323 135
321 325 68
321 329 78
321 353 101
321 337 146
321 449 120
322 323 55
322 326 70
322 330 11
322 354 35
322 450 121
322 338 142
323 327 101
323 339 99
323 331 39
323 451 107
323 355 141
324 325 121
324 326 141
324 356 101
324 332 126
324 340 154
324 452 15
325 327 65
325 357 94
325 333 66
325 453 120
325 341 55
326 327 145
326 454 62
326 334 35
326 342 44
326 358 150
327 335 146
327 359 148
327 343 112
327 455 150
328 360 70
328 456 96
328 329 82
328 330 64
328 332 99
328 344 105
329 457 148
329 331 154
329 333 51
329 345 45
329 361 34
330 458 10
330 331 66
330 334 80
330 362 128
330 346 36
331 363 33
331 335 38
331 347 64
331 459 113
332 460 57
332 333 87
332 334 94
332 364 114
332 348 77
333 335 52
333 365 86
333 461 48
333 349 101
334 335 149
334 366 65
334 462 22
334 350 90
335 367 121
335 463 145
335 351 96
336 464 115
336 337 141
336 338 27
336 340 17
336 368 60
336 344 131
337 369 119
337 465 153
337 339 14
337 341 30
337 345 72
338 370 34
338 466 107
338 339 81
338 342 41
338 346 49
339 371 11
339 467 97
339 343 92
339 347 122
340 372 28
340 468 37
340 341 144
340 342 129
340 348 72
341 373 62
341 469 130
341 343 125
341 349 151
342 470 65
342 343 128
342 374 47
342 350 78
343 375 71
343 471 55
343 351 125
344 376 51
344 472 120
344 345 92
344 346 149
344 348 68
345 473 12
345 347 12
345 349 43
345 377 91
346 474 22
346 378 95
346 347 88
346 350 60
347 379 148
347 475 116
347 351 102
348 476 138
348 380 132
348 349 128
348 350 91
349 381 120
349 477 131
349 351 57
350 382 18
350 478 121
350 351 30
351 383 16
351 479 142
352 354 83
352 356 79
352 353 62
352 360 63
352 368 103
352 480 79
353 355 125
353 357 99
353 361 36
353 369 34
353 481 138
354 355 94
354 358 25
354 362 136
354 482 144
354 370 137
355 359 90
355 363 27
355 483 26
355 371 127
356 357 138
356 358 148
356 364 11
356 484 72
356 372 83
357 359 18
357 485 126
357 365 136
357 373 130
358 359 154
358 486 83
358 366 57
358 374 10
359 487 86
359 367 133
359 375 102
360 488 93
360 361 63
360 362 108
360 364 83
360 376 39
361 489 32
361 363 104
361 365 66
361 377 92
362 490 56
362 363 98
362 366 98
362 378 59
363 367 111
363 379 130
363 491 68
364 365 131
364 366 10
364 380 29
364 492 53
365 493 10
365 367 148
365 381 135
366 367 66
366 494 17
366 382 132
367 495 130
367 383 18
368 369 52
368 370 49
368 372 53
368 496 52
368 376 147
369 497 133
369 371 118
369 373 151
369 377 73
370 498 78
370 371 115
370 374 65
370 378 64
371 499 70
371 375 16
371 379 110
372 500 59
372 373 85
372 374 144
372 380 59
373 501 147
373 375 50
373 381 38
374 502 13
374 375 64
374 382 13
375 503 46
375 383 96
376 504 147
376 377 78
376 378 91
376 380 106
377 505 28
377 381 114
377 379 29
378 506 69
378 379 39
378 382 127
379 507 150
379 383 65
380 508 61
380 381 100
380 382 26
381 509 155
381 383 51
382 510 29
382 383 123
383 511 58
384 386 148
384 388 11
384 385 42
384 392 47
384 400 49
384 416 114
384 448 127
385 387 79
385 389 76
385 393 23
385 401 150
385 449 131
385 417 48
386 387 87
386 390 114
386 394 89
386 418 144
386 450 32
386 402 22
387 391 60
387 395 93
387 403 124
387 419 30
387 451 130
388 389 91
388 390 62
388 420 128
388 396 118
388 404 19
388 452 150
389 391 102
389 421 43
389 453 109
389 397 68
389 405 77
390 391 49
390 454 50
390 398 13
390 422 74
390 406 155
391 399 65
391 407 26
391 423 118
391 455 43
392 424 80
392 456 25
392 393 131
392 394 148
392 396 73
392 408 146
393 457 76
393 425 139
393 395 32
393 397 92
393 409 131
394 458 82
394 395 27
394 398 11
394 410 35
394 426 112
395 399 39
395 411 65
395 427 25
395 459 101
396 460 50
396 397 148
396 398 90
396 428 120
396 412 88
397 399 56
397 429 26
397 461 144
397 413 133
398 399 113
398 430 60
398 462 29
398 414 17
399 431 12
399 463 151
399 415 117
400 464 81
400 401 47
400 402 48
400 432 81
400 404 128
400 408 80
401 465 104
401 403 55
401 405 124
401 433 13
401 409 150
402 434 100
402 466 112
402 403 20
402 406 95
402 410 20
403 435 23
403 467 142
403 407 127
403 411 155
404 436 101
404 468 83
404 405 144
404 406 126
404 412 11
405 437 108
405 469 30
405 407 54
405 413 143
406 438 137
406 470 25
406 407 92
406 414 116
407 439 86
407 471 74
407 415 76
408 440 40
408 472 98
408 409 137
408 410 14
408 412 136
409 441 83
409 473 143
409 411 139
409 413 135
410 474 43
410 411 15
410 414 42
410 442 53
411 443 100
411 475 28
411 415 58
412 476 149
412 444 26
412 413 33
412 414 116
413 477 59
413 445 77
413 415 77
414 446 39
414 478 32
414 415 99
415 447 70
415 479 74
416 418 66
416 420 56
416 417 20
416 424 59
416 432 44
416 480 85
417 419 142
417 421 18
417 425 134
417 433 26
417 481 111
418 419 64
418 422 10
418 426 151
418 482 49
418 434 126
419 423 39
419 427 57
419 435 58
419 483 25
420 421 153
420 422 28
420 428 150
420 484 101
420 436 145
421 423 41
421 485 74
421 429 39
421 437 108
422 423 64
422 486 27
422 430 97
422 438 32
423 487 64
423 431 125
423 439 65
424 488 86
424 425 19
424 426 141
424 428 151
424 440 80
425 489 105
425 427 109
425 429 103
425 441 14
426 490 119
426 427 126
426 430 103
426 442 131
427 431 49
427 443 149
427 491 111
428 429 41
428 430 139
428 444 140
428 492 56
429 493 37
429 431 94
429 445 139
430 431 27
430 494 51
430 446 109
431 495 151
431 447 135
432 434 114
432 433 49
432 436 135
432 496 45
432 440 51
433 497 108
433 435 73
433 437 52
433 441 57
434 498 63
434 435 24
434 438 34
434 442 83
435 499 48
435 439 96
435 443 125
436 500 33
436 437 145
436 438 95
436 444 37
437 501 150
437 439 125
437 445 30
438 502 31
438 439 126
438 446 137
439 503 32
439 447 104
440 504 47
440 441 90
440 442 42
440 444 107
441 505 119
441 445 43
441 443 111
442 506 29
442 446 155
442 443 48
443 507 147
443 447 15
444 508 80
444 445 97
444 446 67
445 509 72
445 447 78
446 510 150
446 447 107
447 511 124
448 450 26
448 452 120
448 449 146
448 456 28
448 464 71
448 480 12
449 451 36
449 453 107
449 457 57
449 465 138
449 481 107
450 451 129
450 454 21
450 458 130
450 482 52
450 466 25
451 455 150
451 459 55
451 467 19
451 483 58
452 453 90
452 454 112
452 460 28
452 484 145
452 468 71
453 455 132
453 485 13
453 461 91
453 469 77
454 455 17
454 486 147
454 462 150
454 470 73
455 487 105
455 463 147
455 471 55
456 488 64
456 457 151
456 458 83
456 460 48
456 472 78
457 489 108
457 459 111
457 461 59
457 473 36
458 490 95
458 459 10
458 462 70
458 474 88
459 463 71
459 475 131
459 491 103
460 461 61
460 462 20
460 476 84
460 492 54
461 493 130
461 463 150
461 477 80
462 463 118
462 494 133
462 478 91
463 495 47
463 479 34
464 466 103
464 465 128
464 468 136
464 496 137
464 472 31
465 497 118
465 467 43
465 469 112
465 473 122
466 498 68
466 467 96
466 470 105
466 474 28
467 499 153
467 471 127
467 475 131
468 500 136
468 469 36
468 470 64
468 476 10
469 501 14
469 471 66
469 477 82
470 502 115
470 471 54
470 478 121
471 503 134
471 479 134
472 504 153
472 473 93
472 474 152
472 476 65
473 505 145
473 475 148
473 477 126
474 506 82
474 478 90
474 475 131
475 507 36
475 479 67
476 508 90
476 477 62
476 478 102
477 509 135
477 479 34
478 510 143
478 479 67
479 511 48
480 482 75
480 484 71
480 481 56
480 488 79
480 496 107
481 483 134
481 485 65
481 489 79
481 497 22
482 483 139
482 486 141
482 490 97
482 498 13
483 487 73
483 491 70
483 499 141
484 486 150
484 492 128
484 500 146
484 485 71
485 487 104
485 493 61
485 501 135
486 487 71
486 494 65
486 502 94
487 495 10
487 503 46
488 489 68
488 490 90
488 492 89
488 504 46
489 491 72
489 493 29
489 505 123
490 491 26
490 494 55
490 506 124
491 495 18
491 507 137
492 493 34
492 494 46
492 508 131
493 495 126
493 509 83
494 495 15
494 510 59
495 511 54
496 497 10
496 498 36
496 504 89
496 500 135
497 499 66
497 501 13
497 505 85
498 499 27
498 502 77
498 506 141
499 503 133
499 507 59
500 501 147
500 502 81
500 508 73
501 503 141
501 509 81
502 503 136
502 510 18
503 511 146
504 505 76
504 506 151
504 508 67
505 507 13
505 509 63
506 100001 1450
506 100002 1450
506 100003 1450
506 507 45
506 510 145
507 100001 1450
507 100004 1450
507 100003 1450
507 511 70
508 100000 1450
508 100004 1450
508 509 90
508 510 60
509 511 10
510 100000 1450
510 100003 1450
510 511 28
511 100002 1450
-2 0 1450
-2 2 1450
-2 4 1450
-5 4 1450
-5 5 1450
-4 2 1450
-4 4 1450
-3 0 1450
-3 2 1450
-3 3 1450
-1 2 1450
-1 5 1450
