0 8 96
0 1 88
0 2 34
0 4 146
1 9 114
1 3 32
1 5 95
2 10 42
2 3 65
2 6 84
3 11 88
3 7 47
4 12 73
4 5 34
4 6 63
5 13 61
5 7 79
6 14 138
6 7 42
7 15 79
8 9 123
8 10 21
8 12 127
9 11 57
9 13 146
10 11 106
10 100002 1450
10 14 45
11 100002 1450
11 15 139
12 100000 1450
12 100001 1450
12 100003 1450
12 13 37
12 14 113
13 100000 1450
13 100004 1450
13 15 19
14 100003 1450
14 100004 1450
14 15 19
15 100001 1450
15 100002 1450
-1 0 1450
-1 2 1450
-1 4 1450
-5 0 1450
-5 4 1450
-5 5 1450
-4 3 1450
-4 4 1450
-4 5 1450
-3 5 1450
-2 2 1450
