0 32 16
0 1 54
0 2 122
0 4 140
0 8 90
0 64 118
0 128 100
0 16 113
1 33 57
1 3 106
1 5 113
1 65 31
1 129 74
1 9 50
1 17 86
2 34 97
2 3 142
2 6 55
2 10 74
2 66 40
2 18 14
2 130 63
3 35 125
3 131 35
3 7 48
3 11 67
3 19 116
3 67 21
4 132 138
4 36 36
4 5 129
4 6 38
4 12 110
4 20 100
4 68 99
5 133 134
5 37 154
5 7 10
5 13 55
5 21 48
5 69 47
6 70 67
6 38 45
6 7 66
6 14 52
6 22 91
6 134 48
7 39 154
7 71 101
7 15 77
7 23 140
7 135 24
8 40 88
8 9 45
8 10 155
8 12 40
8 72 138
8 24 132
8 136 48
9 41 115
9 11 35
9 13 122
9 73 132
9 137 136
9 25 31
10 42 131
10 11 50
10 14 143
10 138 40
10 26 76
10 74 12
11 43 147
11 15 24
11 75 138
11 139 27
11 27 154
12 76 112
12 44 151
12 13 72
12 14 66
12 140 47
12 28 120
13 45 119
13 77 82
13 15 11
13 141 129
13 29 31
14 142 82
14 46 71
14 15 125
14 78 48
14 30 129
15 143 152
15 47 123
15 79 97
15 31 118
16 80 31
16 144 36
16 48 106
16 17 153
16 18 60
16 20 105
16 24 152
17 81 83
17 145 151
17 49 127
17 19 49
17 21 73
17 25 148
18 146 146
18 82 75
18 50 59
18 19 151
18 22 19
18 26 124
19 83 60
19 147 79
19 51 39
19 23 24
19 27 105
20 148 81
20 52 18
20 21 115
20 22 99
20 84 27
20 28 138
21 149 17
21 53 16
21 23 141
21 29 106
21 85 51
22 86 61
22 54 62
22 23 19
22 150 53
22 30 17
23 87 19
23 55 124
23 151 74
23 31 139
24 152 32
24 88 152
24 56 134
24 25 98
24 26 27
24 28 144
25 89 143
25 57 127
25 27 62
25 29 26
25 153 112
26 154 125
26 58 125
26 27 31
26 90 54
26 30 140
27 91 11
27 155 49
27 59 19
27 31 32
28 92 128
28 156 119
28 60 29
28 29 67
28 30 143
29 93 70
29 157 85
29 61 29
29 31 107
30 158 32
30 94 112
30 62 134
30 31 149
31 95 75
31 159 129
31 63 74
32 33 18
32 34 34
32 36 110
32 40 138
32 96 136
32 160 90
32 48 12
33 35 44
33 37 35
33 97 23
33 41 30
33 161 144
33 49 75
34 35 37
34 38 108
34 162 29
34 42 78
34 98 97
34 50 155
35 163 152
35 39 133
35 43 65
35 99 28
35 51 66
36 164 128
36 37 54
36 38 79
36 44 89
36 52 94
36 100 131
37 165 71
37 39 79
37 45 112
37 53 107
37 101 102
38 102 96
38 39 91
38 46 13
38 54 22
38 166 14
39 103 147
39 47 58
39 55 137
39 167 145
40 41 73
40 42 38
40 44 68
40 104 113
40 56 64
40 168 52
41 43 74
41 45 101
41 105 101
41 57 137
41 169 11
42 43 13
42 46 155
42 170 117
42 58 28
42 106 130
43 47 148
43 107 59
43 171 22
43 59 141
44 108 46
44 45 154
44 46 123
44 172 99
44 60 72
45 47 127
45 173 51
45 109 61
45 61 151
46 47 145
46 110 143
46 174 21
46 62 57
47 175 134
47 111 106
47 63 113
48 112 119
48 176 22
48 49 51
48 50 98
48 52 62
48 56 72
49 113 48
49 177 60
49 51 32
49 53 116
49 57 36
50 178 150
50 114 40
50 51 137
50 54 119
50 58 113
51 179 16
51 115 121
51 55 151
51 59 99
52 180 142
52 53 84
52 54 87
52 116 136
52 60 146
53 181 151
53 55 138
53 61 29
53 117 83
54 118 109
54 55 58
54 62 129
54 182 35
55 119 151
55 183 35
55 63 16
56 120 113
56 57 89
56 58 93
56 184 48
56 60 107
57 121 151
57 59 128
57 61 134
57 185 101
58 186 144
58 59 13
58 122 67
58 62 39
59 123 147
59 187 26
59 63 36
60 124 71
60 188 120
60 61 93
60 62 14
61 125 148
61 189 72
61 63 68
62 190 81
62 126 102
62 63 93
63 127 37
63 191 110
64 65 123
64 66 123
64 68 30
64 72 125
64 96 68
64 192 26
64 80 128
65 67 11
65 69 81
65 97 146
65 73 141
65 193 142
65 81 74
66 67 17
66 70 38
66 194 32
66 74 134
66 98 39
66 82 80
67 195 132
67 71 95
67 75 93
67 99 62
67 83 83
68 69 41
68 70 33
68 76 47
68 84 101
68 196 144
68 100 94
69 197 96
69 71 119
69 77 150
69 85 146
69 101 133
70 198 34
70 102 31
70 71 42
70 78 13
70 86 126
71 103 33
71 79 130
71 87 52
71 199 30
72 73 25
72 74 124
72 76 71
72 104 72
72 88 23
72 200 121
73 75 44
73 77 143
73 105 70
73 89 144
73 201 12
74 75 37
74 78 120
74 202 75
74 90 73
74 106 113
75 79 137
75 107 104
75 203 66
75 91 91
76 108 129
76 77 53
76 78 51
76 204 113
76 92 57
77 79 113
77 109 85
77 205 76
77 93 152
78 79 41
78 206 75
78 110 84
78 94 55
79 207 28
79 111 122
79 95 26
80 112 18
80 208 134
80 81 146
80 82 40
80 84 113
80 88 142
81 113 33
81 209 113
81 83 81
81 85 54
81 89 50
82 210 41
82 114 59
82 83 119
82 86 109
82 90 122
83 211 61
83 115 135
83 87 86
83 91 45
84 212 120
84 85 87
84 86 21
84 116 26
84 92 130
85 213 83
85 87 18
85 93 76
85 117 49
86 214 17
86 118 102
86 87 84
86 94 26
87 119 76
87 215 82
87 95 113
88 216 114
88 120 127
88 89 53
88 90 38
88 92 102
89 121 54
89 217 112
89 91 116
89 93 110
90 218 12
90 91 70
90 122 150
90 94 23
91 123 30
91 219 49
91 95 84
92 220 107
92 124 127
92 93 35
92 94 144
93 125 111
93 221 32
93 95 20
94 222 74
94 126 125
94 95 152
95 127 66
95 223 36
96 98 137
96 100 108
96 97 135
96 104 95
96 224 63
96 112 106
97 99 36
97 101 43
97 105 120
97 225 120
97 113 111
98 99 148
98 102 107
98 226 55
98 106 24
98 114 77
99 227 33
99 103 70
99 107 12
99 115 44
100 101 67
100 102 37
100 108 111
100 116 36
100 228 61
101 229 149
101 103 98
101 109 82
101 117 104
102 230 98
102 103 105
102 110 136
102 118 148
103 111 47
103 119 71
103 231 113
104 105 134
104 106 55
104 108 30
104 120 98
104 232 119
105 107 142
105 109 150
105 121 85
105 233 116
106 107 70
106 110 30
106 234 102
106 122 135
107 111 133
107 235 64
107 123 44
108 109 31
108 110 34
108 236 134
108 124 20
109 111 101
109 237 134
109 125 36
110 111 56
110 238 94
110 126 124
111 239 144
111 127 112
112 240 98
112 113 151
112 114 72
112 116 112
112 120 41
113 241 41
113 115 140
113 117 33
113 121 125
114 242 137
114 115 86
114 118 51
114 122 30
115 243 110
115 119 69
115 123 32
116 244 27
116 117 28
116 118 76
116 124 24
117 245 154
117 119 95
117 125 102
118 246 45
118 119 81
118 126 115
119 247 25
119 127 54
120 121 47
120 122 120
120 124 82
120 248 77
121 249 32
121 123 110
121 125 82
122 250 12
122 123 43
122 126 14
123 251 124
123 127 146
124 252 61
124 125 64
124 126 60
125 253 29
125 127 155
126 254 49
126 127 112
127 255 35
128 129 74
128 130 149
128 132 44
128 136 53
128 160 37
128 192 66
128 144 91
129 131 66
129 133 122
129 161 125
129 137 150
129 193 38
129 145 92
130 131 79
130 134 34
130 194 33
130 138 86
130 162 59
130 146 83
131 163 75
131 195 113
131 135 19
131 139 103
131 147 11
132 133 105
132 134 42
132 140 13
132 148 151
132 196 31
132 164 142
133 197 113
133 135 134
133 141 43
133 149 144
133 165 148
134 198 121
134 166 153
134 135 113
134 142 137
134 150 91
135 167 45
135 143 18
135 151 38
135 199 60
136 137 100
136 138 76
136 140 47
136 168 148
136 152 37
136 200 138
137 139 95
137 141 16
137 169 61
137 153 73
137 201 105
138 139 108
138 142 12
138 202 66
138 154 68
138 170 85
139 143 95
139 171 142
139 203 93
139 155 96
140 172 98
140 141 30
140 142 118
140 204 125
140 156 128
141 143 118
141 173 99
141 205 125
141 157 25
142 143 105
142 206 82
142 174 32
142 158 76
143 207 95
143 175 85
143 159 38
144 176 10
144 208 31
144 145 22
144 146 147
144 148 25
144 152 91
145 177 51
145 209 17
145 147 111
145 149 76
145 153 29
146 210 130
146 178 44
146 147 21
146 150 67
146 154 56
147 179 16
147 211 83
147 151 24
147 155 53
148 212 102
148 149 73
148 150 93
148 180 125
148 156 60
149 213 10
149 151 47
149 157 135
149 181 90
150 214 75
150 182 94
150 151 11
150 158 91
151 183 43
151 215 86
151 159 39
152 216 68
152 184 40
152 153 139
152 154 119
152 156 33
153 185 81
153 217 134
153 155 105
153 157 89
154 218 117
154 155 17
154 186 89
154 158 74
155 187 11
155 219 79
155 159 75
156 220 142
156 188 118
156 157 137
156 158 107
157 189 41
157 221 20
157 159 47
158 222 103
158 190 56
158 159 62
159 191 119
159 223 143
160 162 60
160 164 23
160 161 18
160 168 127
160 224 16
160 176 19
161 163 97
161 165 134
161 169 140
161 225 16
161 177 83
162 163 68
162 166 50
162 226 66
162 170 40
162 178 105
163 227 89
163 179 48
163 167 113
163 171 69
164 165 121
164 166 102
164 172 108
164 180 151
164 228 44
165 229 137
165 167 105
165 173 101
165 181 111
166 230 144
166 167 39
166 174 92
166 182 20
167 175 141
167 183 38
167 231 92
168 169 81
168 170 142
168 172 110
168 184 47
168 232 103
169 171 68
169 173 120
169 185 120
169 233 139
170 171 36
170 174 135
170 234 131
170 186 55
171 175 111
171 235 62
171 187 42
172 173 22
172 174 135
172 236 80
172 188 41
173 175 36
173 237 105
173 189 64
174 175 90
174 238 68
174 190 82
175 239 76
175 191 109
176 240 14
176 177 86
176 178 14
176 180 68
176 184 94
177 241 88
177 179 76
177 181 79
177 185 115
178 242 146
178 179 104
178 182 109
178 186 83
179 243 31
179 183 117
179 187 34
180 244 24
180 181 29
180 182 131
180 188 102
181 245 81
181 183 37
181 189 99
182 246 78
182 183 75
182 190 92
183 247 133
183 191 22
184 185 66
184 186 71
184 188 42
184 248 101
185 249 87
185 187 21
185 189 122
186 250 99
186 187 75
186 190 106
187 251 73
187 191 115
188 252 147
188 189 16
188 190 78
189 253 117
189 191 114
190 254 96
190 191 42
191 255 150
192 194 19
192 196 103
192 193 48
192 200 80
192 224 56
192 208 66
193 195 120
193 197 32
193 201 72
193 225 135
193 209 70
194 195 112
194 198 102
194 226 90
194 202 45
194 210 87
195 227 63
195 211 114
195 199 44
195 203 60
196 197 12
196 198 80
196 204 82
196 212 59
196 228 114
197 229 121
197 199 12
197 205 113
197 213 90
198 230 42
198 199 110
198 206 96
198 214 148
199 207 67
199 215 10
199 231 151
200 201 140
200 202 81
200 204 146
200 216 36
200 232 147
201 203 86
201 205 80
201 217 37
201 233 61
202 203 151
202 206 44
202 234 46
202 218 117
203 207 28
203 235 116
203 219 86
204 205 97
204 206 43
204 236 128
204 220 86
205 207 82
205 237 138
205 221 92
206 207 94
206 238 41
206 222 106
207 239 81
207 223 30
208 240 155
208 209 101
208 210 94
208 212 112
208 216 18
209 241 102
209 211 124
209 213 111
209 217 20
210 242 84
210 211 73
210 214 105
210 218 66
211 243 120
211 215 146
211 219 91
212 244 147
212 213 73
212 214 53
212 220 82
213 245 127
213 215 56
213 221 15
214 246 99
214 215 96
214 222 12
215 247 104
215 223 122
216 217 58
216 218 135
216 220 33
216 248 39
217 249 79
217 219 37
217 221 134
218 250 61
218 219 56
218 222 24
219 251 123
219 223 90
220 252 140
220 221 90
220 222 103
221 253 106
221 223 144
222 254 41
222 223 82
223 255 151
224 226 58
224 228 96
224 225 47
224 232 112
224 240 145
225 227 152
225 229 75
225 241 86
225 233 31
226 227 12
226 230 103
226 234 28
226 242 144
227 243 148
227 231 13
227 235 139
228 229 120
228 230 121
228 236 125
228 244 34
229 231 61
229 237 26
229 245 29
230 231 32
230 238 76
230 246 36
231 239 17
231 247 21
232 233 94
232 234 43
232 236 103
232 248 52
233 235 122
233 237 55
233 249 100
234 235 79
234 238 35
234 250 143
235 239 125
235 251 87
236 237 51
236 238 35
236 252 86
237 239 85
237 253 30
238 239 17
238 254 113
239 255 44
240 241 55
240 242 127
240 244 26
240 248 126
241 243 68
241 245 70
241 249 123
242 243 63
242 246 41
242 250 155
243 247 64
243 251 19
244 246 33
244 252 13
244 245 66
245 247 17
245 253 41
246 247 77
246 254 128
247 255 22
248 252 123
248 249 135
248 250 89
249 251 41
249 253 72
250 100002 1450
250 251 135
250 254 91
251 100002 1450
251 100004 1450
251 100003 1450
251 255 101
252 100001 1450
252 100002 1450
252 100003 1450
252 253 17
252 254 136
253 100000 1450
253 100001 1450
253 100003 1450
253 255 37
254 100000 1450
254 100004 1450
254 255 11
255 100000 1450
-2 0 1450
-2 1 1450
-5 3 1450
-5 4 1450
-4 1 1450
-4 2 1450
-4 3 1450
-3 0 1450
-3 3 1450
-3 5 1450
-1 1 1450
-1 2 1450
-1 4 1450
