0 1 131
0 2 26
0 6 27
0 31 153
1 2 133
1 5 64
1 6 132
1 14 151
1 31 54
2 3 78
2 27 40
3 9 60
3 4 92
3 5 10
3 25 138
4 8 124
4 5 125
4 30 69
4 13 46
5 6 17
5 7 80
5 8 28
6 7 93
7 8 95
7 10 115
8 9 45
8 19 86
9 16 152
9 10 101
9 21 35
10 11 42
10 12 142
10 25 137
11 16 96
11 12 151
11 21 42
11 31 42
12 13 81
12 17 107
12 28 48
12 29 43
13 14 52
14 15 37
15 16 49
15 17 130
15 22 70
16 17 62
16 18 114
16 29 53
17 18 31
18 19 80
18 20 37
18 22 79
19 20 38
19 21 13
19 22 105
20 24 76
20 21 83
20 23 33
21 22 83
21 27 19
22 23 54
23 24 19
23 28 106
23 30 31
24 25 84
24 26 140
24 27 88
25 27 75
25 26 129
26 100000 1450
26 100003 1450
26 27 68
26 30 121
27 100003 1450
27 100004 1450
27 28 65
28 100002 1450
28 29 41
28 31 145
29 100000 1450
29 100001 1450
29 100004 1450
29 30 26
29 31 122
30 100000 1450
30 100001 1450
30 100002 1450
30 31 21
31 100002 1450
31 100004 1450
31 100001 1450
-2 1 1450
-2 4 1450
-5 0 1450
-5 3 1450
-5 5 1450
-4 2 1450
-4 3 1450
-4 5 1450
-3 1 1450
-3 3 1450
-1 0 1450
-1 1 1450
-1 5 1450
