0 1 125
0 4 131
0 13 54
0 15 41
1 2 66
1 5 133
1 14 29
2 8 43
2 3 26
2 4 65
2 5 13
3 4 103
3 6 73
3 8 122
3 9 130
3 10 154
4 5 63
4 6 53
5 6 128
5 7 20
5 15 134
6 7 13
7 8 104
7 13 50
8 11 111
8 9 72
9 11 26
9 10 68
10 100001 1450
10 100002 1450
10 100004 1450
10 11 111
10 12 31
10 14 14
11 100000 1450
11 100004 1450
11 12 27
12 100003 1450
12 13 125
12 15 42
13 100000 1450
13 14 137
14 100000 1450
14 100002 1450
14 100003 1450
14 100004 1450
14 15 21
15 100001 1450
15 100002 1450
15 100003 1450
-1 1 1450
-1 3 1450
-1 4 1450
-5 0 1450
-5 1 1450
-4 0 1450
-4 3 1450
-3 0 1450
-3 3 1450
-3 5 1450
-2 1 1450
-2 2 1450
-2 3 1450
