0 1 48
0 2 36
0 3 115
0 31 16
1 16 51
1 2 128
1 3 135
1 7 74
2 3 135
2 5 153
3 4 81
3 31 149
4 5 87
4 9 89
4 10 91
4 18 153
4 25 90
5 6 139
5 7 141
5 13 123
5 14 75
6 7 111
6 12 42
6 13 134
6 24 122
6 28 60
7 8 55
7 11 143
7 12 10
8 9 93
8 10 104
8 23 23
8 28 70
9 12 100
9 10 62
10 11 52
10 17 110
11 20 124
11 15 109
11 12 128
12 13 82
13 14 12
13 19 31
13 23 119
14 16 24
14 30 85
14 15 136
15 16 105
15 17 82
15 29 95
16 17 154
16 20 115
16 29 35
17 18 35
17 19 119
17 20 87
18 19 17
18 29 52
18 23 44
19 20 70
19 21 63
20 21 136
20 30 84
21 26 132
21 22 72
22 25 67
22 27 17
22 23 19
23 24 153
23 31 44
24 25 116
24 26 150
24 27 30
24 30 132
25 26 146
25 27 98
26 100002 1450
26 100003 1450
26 100004 1450
26 27 79
26 28 62
27 100000 1450
27 28 30
27 29 72
28 100000 1450
28 100002 1450
28 100003 1450
28 29 61
28 31 35
29 100001 1450
29 100002 1450
29 100004 1450
29 30 30
30 100003 1450
30 31 83
31 100001 1450
-2 2 1450
-2 3 1450
-5 0 1450
-5 3 1450
-5 4 1450
-4 0 1450
-4 2 1450
-4 3 1450
-3 2 1450
-3 3 1450
-1 2 1450
-1 4 1450
