0 1 13
0 2 42
0 13 143
0 6 42
0 15 148
1 8 131
1 2 141
1 10 31
2 3 143
2 14 108
3 11 125
3 4 52
3 5 11
4 8 65
4 5 10
4 6 63
4 15 55
5 15 152
5 6 10
5 7 95
6 7 45
6 9 78
6 14 83
7 8 100
7 10 79
8 9 75
9 10 109
9 12 57
9 14 73
10 100000 1450
10 11 18
10 15 71
10 100001 1450
11 100000 1450
11 100001 1450
11 100004 1450
11 12 136
11 13 64
11 15 15
12 100002 1450
12 100003 1450
12 100004 1450
12 13 46
13 100003 1450
13 14 62
14 100002 1450
14 15 144
15 100000 1450
15 100002 1450
15 100003 1450
15 100001 1450
15 100004 1450
-1 2 1450
-1 4 1450
-1 5 1450
-5 3 1450
-5 4 1450
-5 5 1450
-4 0 1450
-4 2 1450
-4 3 1450
-3 0 1450
-3 3 1450
-3 4 1450
-2 0 1450
-2 2 1450
