0 1 10
0 5 28
0 15 66
1 2 124
1 4 81
1 14 93
2 3 66
2 9 140
3 12 60
3 4 14
4 8 122
4 1 144
4 3 82
4 5 131
4 7 75
5 8 133
5 4 147
5 6 115
6 12 66
6 5 67
6 7 142
7 8 155
7 10 17
7 4 37
7 6 49
8 9 104
8 10 45
8 7 141
9 10 51
9 15 155
10 11 30
10 100003 1450
11 100001 1450
11 12 98
11 13 136
11 14 15
12 100000 1450
12 13 106
12 100003 1450
13 100001 1450
13 100002 1450
13 14 124
13 15 109
14 100002 1450
14 100003 1450
14 100004 1450
14 100001 1450
14 15 85
15 100000 1450
15 100002 1450
15 100004 1450
-1 3 1450
-1 4 1450
-1 5 1450
-5 1 1450
-5 3 1450
-5 4 1450
-4 4 1450
-4 5 1450
-3 3 1450
-3 4 1450
-2 3 1450
