0 1 80
0 2 106
0 7 111
0 30 76
0 31 63
1 16 53
1 2 127
1 29 87
2 3 74
2 4 81
2 29 96
3 4 81
3 15 59
3 17 81
3 21 153
3 23 138
4 5 32
4 7 40
4 8 130
4 20 49
5 8 125
5 6 149
5 7 34
6 24 19
6 9 142
6 7 22
7 8 125
7 13 15
8 9 150
8 10 27
9 10 118
9 11 87
9 14 44
9 31 28
10 11 114
10 30 64
10 22 102
11 12 61
11 14 10
11 19 87
11 29 24
12 18 51
12 28 119
12 13 111
13 30 28
13 14 143
14 15 125
14 16 146
14 17 47
15 16 141
15 23 152
15 24 125
15 26 91
16 17 18
16 19 151
16 31 46
17 25 48
17 18 96
18 19 65
18 21 85
19 25 32
19 20 83
20 21 124
20 22 139
20 25 143
20 26 51
21 28 68
21 22 16
22 24 84
22 23 152
23 24 55
23 26 138
23 27 115
24 25 116
24 28 103
25 26 72
25 27 55
26 100001 1450
26 100002 1450
26 100003 1450
26 100004 1450
26 27 44
26 30 139
27 100002 1450
27 100004 1450
27 28 91
27 29 20
27 31 145
28 100003 1450
28 29 94
28 31 124
29 100004 1450
29 30 37
30 100000 1450
30 100002 1450
30 31 25
31 100000 1450
31 100003 1450
31 100001 1450
-2 0 1450
-2 4 1450
-5 1 1450
-5 3 1450
-4 1 1450
-4 3 1450
-3 0 1450
-3 3 1450
-1 1 1450
-1 3 1450
-1 5 1450
