0 32 1
0 1 4
0 2 3
0 4 1
0 8 4
0 64 2
0 128 2
0 16 5
1 33 2
1 3 1
1 5 4
1 65 2
1 129 1
1 9 5
1 17 1
2 34 3
2 3 3
2 6 4
2 10 1
2 66 3
2 18 2
2 130 4
3 35 3
3 131 2
3 7 5
3 11 4
3 19 1
3 67 4
4 132 1
4 36 3
4 5 5
4 6 5
4 12 5
4 20 5
4 68 4
5 133 4
5 1 4
5 4 1
5 37 4
5 7 5
5 13 2
5 21 2
5 69 4
6 70 1
6 38 1
6 7 2
6 14 2
6 22 5
6 134 2
7 39 1
7 71 4
7 15 2
7 23 3
7 135 1
8 40 3
8 9 3
8 10 4
8 12 3
8 72 3
8 24 2
8 136 5
9 41 2
9 11 1
9 13 5
9 73 5
9 137 1
9 25 3
10 42 3
10 11 2
10 14 3
10 138 5
10 26 2
10 74 3
11 43 1
11 15 1
11 75 4
11 139 3
11 27 2
12 76 3
12 44 1
12 13 3
12 14 1
12 140 4
12 28 3
13 45 3
13 77 5
13 15 3
13 141 3
13 29 2
14 142 4
14 10 2
14 12 3
14 46 5
14 15 5
14 78 1
14 30 5
15 143 5
15 13 1
15 14 4
15 47 3
15 79 1
15 31 3
16 80 1
16 144 5
16 48 5
16 17 3
16 18 5
16 20 2
16 24 4
17 81 4
17 145 3
17 16 1
17 49 5
17 19 4
17 21 3
17 25 5
18 2 3
18 146 2
18 82 1
18 16 3
18 50 3
18 19 1
18 22 3
18 26 1
19 83 3
19 3 2
19 147 4
19 17 2
19 18 2
19 51 4
19 23 3
19 27 3
20 148 3
20 4 2
20 16 2
20 52 1
20 21 4
20 22 5
20 84 5
20 28 5
21 149 5
21 5 4
21 17 2
21 20 5
21 53 1
21 23 1
21 29 2
21 85 4
22 86 2
22 6 5
22 18 2
22 20 5
22 54 5
22 23 1
22 150 1
22 30 3
23 87 3
23 19 3
23 21 2
23 22 2
23 55 3
23 151 5
23 31 4
24 152 4
24 8 1
24 16 5
24 88 1
24 56 2
24 25 5
24 26 3
24 28 4
25 89 1
25 24 1
25 57 3
25 27 1
25 29 3
25 153 3
26 10 4
26 18 2
26 154 1
26 24 3
26 58 5
26 27 4
26 90 1
26 30 1
27 91 1
27 11 2
27 19 1
27 155 2
27 25 5
27 26 2
27 59 5
27 31 3
28 92 5
28 12 5
28 156 2
28 20 1
28 24 5
28 60 2
28 29 2
28 30 4
29 93 2
29 157 5
29 21 1
29 25 4
29 28 5
29 61 2
29 31 4
30 158 5
30 14 1
30 94 4
30 22 5
30 26 5
30 28 3
30 62 1
30 31 1
31 95 3
31 159 3
31 15 1
31 23 1
31 27 2
31 29 5
31 30 2
31 63 4
32 33 5
32 34 1
32 36 4
32 40 4
32 96 4
32 160 1
32 48 2
33 35 2
33 37 3
33 97 3
33 41 1
33 161 2
33 49 2
34 35 3
34 38 2
34 162 4
34 42 2
34 98 5
34 50 5
35 163 1
35 39 4
35 43 4
35 99 5
35 51 2
36 164 2
36 4 3
36 37 5
36 38 3
36 44 2
36 52 5
36 100 5
37 165 4
37 39 4
37 45 3
37 53 1
37 101 2
38 102 2
38 6 4
38 39 2
38 46 3
38 54 4
38 166 1
39 103 3
39 47 4
39 55 1
39 167 5
40 41 5
40 42 3
40 44 4
40 104 3
40 56 5
40 168 4
41 43 5
41 45 2
41 105 1
41 57 1
41 169 3
42 43 3
42 46 1
42 170 5
42 58 5
42 106 4
43 47 1
43 107 4
43 171 3
43 59 4
44 108 5
44 12 3
44 45 4
44 46 3
44 172 2
44 60 4
45 47 4
45 173 2
45 109 5
45 61 1
46 47 4
46 110 4
46 174 2
46 62 3
47 175 1
47 111 1
47 63 1
48 112 3
48 176 2
48 49 5
48 50 3
48 52 3
48 56 3
49 113 3
49 177 5
49 17 2
49 51 4
49 53 2
49 57 4
50 178 3
50 114 3
50 48 4
50 18 2
50 51 1
50 54 4
50 58 2
51 179 5
51 115 2
51 55 3
51 59 5
52 180 1
52 20 4
52 53 3
52 54 4
52 116 4
52 60 4
53 181 1
53 21 4
53 55 5
53 61 1
53 117 1
54 118 2
54 38 4
54 50 4
54 52 5
54 22 3
54 55 4
54 62 3
54 182 1
55 119 5
55 183 4
55 63 4
56 120 5
56 24 3
56 57 5
56 58 2
56 184 2
56 60 1
57 121 1
57 59 2
57 61 2
57 185 4
58 186 3
58 56 4
58 26 5
58 59 5
58 122 5
58 62 2
59 123 5
59 187 4
59 63 1
60 124 3
60 44 5
60 188 4
60 52 3
60 56 2
60 28 5
60 61 5
60 62 2
61 125 3
61 189 4
61 63 5
62 190 4
62 126 4
62 54 2
62 58 3
62 60 4
62 30 5
62 63 2
63 127 5
63 191 3
64 65 3
64 66 4
64 68 1
64 72 1
64 96 5
64 192 3
64 80 2
65 67 2
65 69 1
65 97 5
65 73 4
65 193 1
65 81 3
66 67 3
66 70 1
66 194 4
66 74 4
66 98 1
66 82 4
67 195 1
67 71 2
67 75 5
67 99 5
67 83 5
68 69 1
68 70 4
68 76 4
68 84 3
68 196 4
68 100 3
69 197 2
69 71 3
69 77 5
69 85 3
69 101 3
70 198 3
70 66 2
70 68 1
70 102 4
70 6 3
70 71 5
70 78 5
70 86 3
71 103 1
71 79 2
71 87 3
71 199 5
72 73 3
72 74 1
72 76 5
72 104 2
72 88 3
72 200 3
73 75 1
73 77 2
73 105 4
73 89 3
73 201 5
74 75 3
74 78 4
74 202 2
74 90 1
74 106 3
75 79 1
75 107 2
75 203 1
75 91 1
76 108 3
76 77 5
76 78 4
76 204 3
76 92 5
77 79 2
77 109 4
77 205 5
77 93 5
78 79 4
78 206 4
78 110 4
78 94 2
79 207 5
79 111 5
79 95 1
80 112 3
80 208 2
80 16 3
80 81 5
80 82 3
80 84 1
80 88 4
81 113 4
81 209 1
81 80 3
81 17 1
81 83 4
81 85 4
81 89 3
82 210 2
82 114 5
82 80 3
82 18 4
82 83 3
82 86 1
82 90 4
83 211 4
83 115 5
83 87 3
83 91 1
84 212 4
84 20 5
84 85 1
84 86 1
84 116 2
84 92 4
85 213 1
85 21 4
85 87 5
85 93 1
85 117 2
86 214 4
86 118 1
86 70 2
86 82 4
86 84 2
86 22 4
86 87 5
86 94 1
87 119 1
87 215 5
87 95 5
88 216 3
88 120 4
88 24 1
88 89 3
88 90 4
88 92 4
89 121 4
89 217 2
89 91 4
89 93 5
90 218 3
90 26 4
90 91 4
90 122 1
90 94 1
91 123 3
91 219 5
91 95 3
92 220 4
92 124 3
92 84 4
92 88 1
92 28 1
92 93 1
92 94 2
93 125 5
93 221 2
93 29 1
93 95 3
94 222 5
94 126 1
94 86 4
94 90 1
94 92 2
94 30 4
94 95 5
95 127 2
95 223 5
96 98 4
96 100 2
96 97 2
96 104 1
96 224 1
96 112 5
97 99 3
97 101 5
97 65 5
97 105 1
97 225 2
97 113 3
98 99 4
98 102 5
98 226 2
98 106 4
98 66 2
98 114 5
99 227 1
99 103 3
99 107 2
99 115 4
100 101 5
100 102 4
100 108 2
100 116 3
100 36 2
100 228 4
101 229 1
101 103 3
101 109 2
101 117 4
102 230 3
102 38 3
102 70 3
102 103 3
102 110 4
102 118 1
103 111 2
103 119 3
103 231 5
104 105 5
104 106 2
104 108 3
104 72 1
104 120 3
104 232 5
105 107 5
105 109 2
105 121 5
105 233 4
106 107 5
106 110 2
106 234 2
106 122 4
106 74 5
107 111 1
107 235 3
107 123 3
108 109 4
108 110 4
108 236 1
108 124 3
109 111 1
109 237 2
109 125 2
110 111 5
110 238 5
110 126 4
111 239 3
111 127 5
112 240 3
112 113 3
112 114 3
112 116 4
112 120 4
113 241 3
113 115 5
113 117 1
113 121 5
114 242 1
114 115 1
114 118 2
114 122 3
115 243 2
115 119 3
115 123 4
116 244 1
116 117 1
116 118 2
116 124 5
117 245 2
117 119 3
117 125 2
118 246 1
118 119 2
118 126 2
119 247 5
119 127 2
120 121 5
120 122 1
120 124 3
120 248 2
121 249 4
121 123 5
121 125 5
122 250 2
122 123 2
122 126 4
123 251 2
123 127 2
124 252 3
124 125 5
124 126 3
125 253 4
125 127 3
126 254 1
126 127 1
127 255 3
128 129 3
128 130 3
128 132 2
128 136 3
128 160 3
128 192 5
128 144 1
129 131 3
129 133 4
129 161 1
129 137 4
129 193 1
129 145 4
130 131 1
130 134 3
130 194 2
130 138 5
130 162 4
130 146 3
131 163 2
131 195 2
131 135 5
131 139 4
131 147 5
132 133 1
132 134 5
132 140 3
132 148 2
132 196 2
132 164 2
133 197 1
133 135 4
133 141 1
133 149 4
133 165 2
134 198 3
134 130 1
134 132 3
134 166 5
134 6 3
134 135 5
134 142 2
134 150 3
135 167 4
135 143 1
135 151 5
135 199 4
136 137 1
136 138 2
136 140 3
136 168 2
136 152 3
136 200 4
137 139 4
137 141 4
137 169 2
137 153 4
137 201 2
138 139 2
138 142 5
138 202 2
138 154 3
138 170 2
139 143 5
139 171 4
139 203 4
139 155 1
140 172 1
140 12 3
140 141 1
140 142 3
140 204 5
140 156 5
141 143 1
141 173 3
141 205 5
141 157 4
142 143 4
142 206 2
142 174 2
142 158 3
143 207 5
143 175 4
143 159 1
144 176 2
144 208 4
144 16 5
144 145 3
144 146 1
144 148 1
144 152 5
145 177 3
145 209 3
145 144 4
145 17 3
145 147 2
145 149 4
145 153 1
146 210 4
146 178 5
146 144 2
146 18 2
146 147 3
146 150 4
146 154 4
147 179 3
147 211 4
147 146 3
147 19 1
147 151 4
147 155 4
148 212 3
148 20 1
148 149 2
148 150 3
148 180 2
148 156 5
149 213 4
149 148 5
149 21 2
149 151 4
149 157 3
149 181 4
150 214 5
150 182 1
150 134 2
150 146 3
150 148 3
150 22 5
150 151 3
150 158 1
151 183 3
151 215 1
151 159 5
152 216 1
152 184 4
152 24 2
152 153 5
152 154 5
152 156 3
153 185 2
153 25 1
153 217 1
153 155 5
153 157 2
154 218 1
154 26 5
154 155 3
154 186 4
154 158 4
155 187 5
155 219 4
155 27 5
155 159 2
156 220 3
156 188 3
156 140 2
156 148 5
156 152 1
156 28 5
156 157 4
156 158 5
157 189 4
157 221 4
157 156 3
157 29 2
157 159 1
158 222 3
158 190 1
158 150 3
158 154 3
158 156 1
158 30 4
158 159 3
159 191 4
159 223 2
160 162 4
160 164 3
160 161 5
160 168 3
160 224 4
160 176 1
161 163 4
161 165 2
161 129 3
161 169 5
161 225 5
161 177 1
162 163 3
162 166 4
162 226 2
162 170 1
162 130 2
162 178 4
163 227 3
163 179 1
163 167 1
163 171 5
164 165 1
164 166 5
164 172 3
164 180 2
164 36 5
164 228 2
165 229 5
165 167 5
165 173 4
165 181 2
166 230 1
166 134 4
166 167 3
166 174 4
166 182 4
167 175 4
167 183 4
167 231 5
168 169 4
168 170 4
168 172 5
168 136 1
168 184 2
168 232 4
169 171 1
169 173 5
169 185 4
169 233 1
170 171 5
170 174 4
170 234 5
170 186 1
170 138 5
171 175 3
171 235 5
171 187 5
172 173 2
172 174 4
172 236 2
172 188 1
173 175 1
173 237 5
173 189 2
174 175 2
174 238 1
174 190 1
175 239 3
175 191 4
176 240 5
176 177 4
176 178 3
176 180 1
176 184 4
177 241 5
177 179 3
177 181 1
177 185 5
178 242 4
178 179 5
178 182 1
178 186 3
179 243 3
179 183 2
179 187 5
180 244 4
180 181 2
180 182 2
180 188 3
181 245 1
181 183 1
181 189 4
182 246 3
182 183 3
182 190 5
183 247 3
183 191 3
184 185 2
184 186 2
184 188 3
184 248 4
185 249 5
185 187 1
185 189 2
186 250 3
186 187 1
186 190 2
187 251 3
187 191 2
188 252 4
188 189 2
188 190 2
189 253 1
189 191 2
190 254 5
190 191 2
191 255 2
192 194 1
192 196 1
192 193 2
192 200 1
192 224 2
192 208 5
193 195 1
193 197 4
193 129 5
193 201 4
193 225 5
193 209 5
194 195 2
194 198 1
194 226 2
194 202 2
194 130 1
194 210 2
195 227 2
195 211 3
195 199 3
195 203 5
196 197 3
196 198 2
196 204 5
196 212 5
196 68 3
196 228 4
197 229 2
197 199 3
197 205 5
197 213 3
198 230 1
198 199 3
198 206 4
198 214 4
199 207 3
199 215 5
199 231 3
200 201 1
200 202 5
200 204 3
200 136 3
200 216 5
200 232 4
201 203 1
201 205 1
201 217 2
201 233 4
202 203 3
202 206 2
202 234 1
202 218 2
202 138 3
203 207 2
203 235 4
203 219 5
204 205 5
204 206 5
204 236 5
204 220 1
205 207 4
205 237 2
205 221 4
206 207 1
206 238 3
206 222 1
207 239 3
207 223 2
208 240 2
208 209 4
208 210 4
208 212 2
208 216 3
209 241 4
209 211 2
209 213 1
209 217 5
210 242 4
210 211 1
210 214 3
210 218 2
211 243 3
211 215 4
211 219 2
212 244 2
212 213 5
212 214 2
212 220 5
213 245 5
213 215 2
213 221 3
214 246 1
214 215 3
214 222 2
215 247 4
215 223 1
216 217 3
216 218 4
216 220 3
216 248 3
217 249 4
217 219 1
217 221 1
218 250 4
218 219 5
218 222 3
219 251 3
219 223 1
220 252 4
220 221 1
220 222 5
221 253 2
221 223 4
222 254 2
222 223 2
223 255 4
224 226 2
224 228 4
224 225 5
224 232 3
224 192 1
224 240 4
225 227 4
225 229 4
225 193 2
225 161 4
225 241 3
225 233 5
226 227 2
226 230 2
226 162 3
226 234 3
226 98 1
226 242 5
227 243 2
227 231 1
227 235 1
228 229 1
228 230 4
228 236 1
228 244 1
228 196 5
228 100 1
229 231 4
229 237 5
229 245 4
230 231 4
230 238 2
230 246 4
231 239 3
231 247 2
232 233 1
232 234 1
232 236 4
232 168 1
232 248 1
232 200 5
233 235 5
233 237 5
233 249 2
234 235 4
234 238 3
234 170 2
234 250 2
234 106 5
235 239 1
235 251 2
236 237 1
236 238 2
236 252 2
237 239 4
237 253 3
238 239 2
238 254 2
239 255 1
240 241 5
240 242 2
240 244 5
240 248 1
241 243 1
241 245 4
241 249 2
242 243 3
242 246 5
242 250 2
243 247 4
243 251 4
244 246 1
244 252 2
244 245 5
245 247 3
245 253 1
246 247 5
246 254 3
247 255 2
248 252 3
248 249 4
248 250 5
249 251 3
249 253 2
250 100000 50
250 100004 50
250 251 3
250 254 4
251 100002 50
251 100003 50
251 255 3
252 100000 50
252 100001 50
252 100002 50
252 100003 50
252 100004 50
252 253 4
252 254 4
253 100003 50
253 255 2
254 100000 50
254 100001 50
254 100002 50
254 255 2
255 100001 50
255 100004 50
-2 1 50
-2 2 50
-2 3 50
-5 1 50
-5 2 50
-4 2 50
-4 3 50
-4 5 50
-3 1 50
-3 4 50
-1 1 50
-1 4 50
