0 32 5
0 1 1
0 2 3
0 4 3
0 8 2
0 16 4
1 33 2
1 3 3
1 5 5
1 9 1
1 17 5
2 34 1
2 3 2
2 6 2
2 10 5
2 18 2
3 35 2
3 7 1
3 11 5
3 19 2
4 36 1
4 5 1
4 6 5
4 12 3
4 20 3
5 37 5
5 7 5
5 13 1
5 21 5
6 38 5
6 7 3
6 14 2
6 22 2
7 39 5
7 15 2
7 23 4
8 40 5
8 9 1
8 10 3
8 12 3
8 24 3
9 41 1
9 11 3
9 13 2
9 25 5
10 42 5
10 11 5
10 14 5
10 26 5
11 43 4
11 15 4
11 27 2
12 44 5
12 13 4
12 14 2
12 28 5
13 45 3
13 15 3
13 29 4
14 46 4
14 15 1
14 30 2
15 47 3
15 31 2
16 48 2
16 17 5
16 18 5
16 20 1
16 24 3
17 49 4
17 19 3
17 21 4
17 25 4
18 50 3
18 19 5
18 22 2
18 26 5
19 51 4
19 23 1
19 27 5
20 52 2
20 21 1
20 22 2
20 28 1
21 53 3
21 23 3
21 29 1
22 54 1
22 23 5
22 30 1
23 55 2
23 31 1
24 56 2
24 25 3
24 26 1
24 28 2
25 57 4
25 27 2
25 29 5
26 58 1
26 27 1
26 30 1
27 59 5
27 31 3
28 60 3
28 29 2
28 30 1
29 61 1
29 31 1
30 62 3
30 31 3
31 63 2
32 33 1
32 34 1
32 36 1
32 40 4
32 48 1
33 35 5
33 37 4
33 41 3
33 49 4
34 35 5
34 38 4
34 42 4
34 50 2
35 39 1
35 43 3
35 51 4
36 37 3
36 38 3
36 44 5
36 52 4
37 39 1
37 45 4
37 53 3
38 39 1
38 46 2
38 54 3
39 47 1
39 55 4
40 41 5
40 42 4
40 44 5
40 56 5
41 43 5
41 45 4
41 57 4
42 43 3
42 46 1
42 58 3
43 47 4
43 59 1
44 45 3
44 46 5
44 60 1
45 47 3
45 61 5
46 47 5
46 62 5
47 63 5
48 49 5
48 50 2
48 52 3
48 56 4
49 51 1
49 53 5
49 57 5
50 51 2
50 54 1
50 58 2
51 55 1
51 59 2
52 53 2
52 54 3
52 60 1
53 55 3
53 61 3
54 55 4
54 62 1
55 63 5
56 57 3
56 58 5
56 60 2
57 59 5
57 61 5
58 100000 50
58 100003 50
58 100004 50
58 59 2
58 62 1
59 100001 50
59 100002 50
59 100003 50
59 63 5
60 61 5
60 62 4
61 100002 50
61 63 5
62 100004 50
62 63 4
63 100000 50
63 100001 50
63 100002 50
63 100004 50
-2 0 50
-2 4 50
-2 5 50
-5 0 50
-5 3 50
-5 4 50
-4 1 50
-4 4 50
-3 1 50
-3 2 50
-3 4 50
-1 2 50
-1 3 50
-1 4 50
