0 32 10
0 1 4
0 2 2
0 4 4
0 8 3
0 16 6
1 33 5
1 3 2
1 5 2
1 9 1
1 17 6
2 34 6
2 3 4
2 6 9
2 10 8
2 18 3
3 35 1
3 7 1
3 11 5
3 19 5
4 36 1
4 5 8
4 6 2
4 12 3
4 20 1
5 37 2
5 7 6
5 13 6
5 21 7
6 38 2
6 7 4
6 14 6
6 22 10
7 39 8
7 15 10
7 23 2
8 40 5
8 9 7
8 10 3
8 12 5
8 24 8
9 41 3
9 11 7
9 13 8
9 25 1
10 42 6
10 11 5
10 14 3
10 26 3
11 43 10
11 15 5
11 27 8
12 44 1
12 13 10
12 14 8
12 28 1
13 45 6
13 15 4
13 29 7
14 46 9
14 15 4
14 30 8
15 47 8
15 31 2
16 48 9
16 17 2
16 18 5
16 20 3
16 24 3
17 49 1
17 19 6
17 21 9
17 25 1
18 50 10
18 19 2
18 22 2
18 26 1
19 51 9
19 23 7
19 27 6
20 52 6
20 21 4
20 22 2
20 28 9
21 53 8
21 23 5
21 29 6
22 54 5
22 23 8
22 30 7
23 55 5
23 31 1
24 56 2
24 25 2
24 26 7
24 28 7
25 57 1
25 27 7
25 29 8
26 58 9
26 27 6
26 30 3
27 59 1
27 31 8
28 60 6
28 29 6
28 30 8
29 61 6
29 31 9
30 62 4
30 31 9
31 63 7
32 33 5
32 34 8
32 36 6
32 40 6
32 48 6
33 35 6
33 37 4
33 41 6
33 49 9
34 35 8
34 38 10
34 42 9
34 50 1
35 39 4
35 43 4
35 51 9
36 37 8
36 38 5
36 44 3
36 52 10
37 39 7
37 45 3
37 53 6
38 39 4
38 46 9
38 54 1
39 47 7
39 55 4
40 41 6
40 42 9
40 44 3
40 56 7
41 43 2
41 45 5
41 57 1
42 43 2
42 46 4
42 58 6
43 47 1
43 59 2
44 45 9
44 46 3
44 60 8
45 47 7
45 61 3
46 47 9
46 62 2
47 63 10
48 49 7
48 50 6
48 52 4
48 56 2
49 51 7
49 53 5
49 57 2
50 51 10
50 54 4
50 58 2
51 55 9
51 59 3
52 53 6
52 54 9
52 60 2
53 55 7
53 61 4
54 55 3
54 62 8
55 63 4
56 57 4
56 58 3
56 60 3
57 59 1
57 61 10
58 100002 100
58 100004 100
58 59 8
58 62 10
59 100001 100
59 100003 100
59 63 8
60 100000 100
60 61 6
60 62 8
61 100000 100
61 100001 100
61 100002 100
61 100003 100
61 63 1
62 63 7
63 100003 100
63 100004 100
-2 2 100
-2 3 100
-2 5 100
-5 1 100
-5 4 100
-4 0 100
-4 5 100
-3 1 100
-3 2 100
-1 4 100
-1 5 100
