0 32 1
0 1 4
0 2 4
0 4 5
0 8 1
0 64 4
0 128 4
0 256 2
0 16 1
1 33 1
1 3 5
1 5 4
1 65 5
1 129 5
1 9 1
1 257 5
1 17 4
2 34 1
2 3 4
2 6 2
2 10 2
2 66 1
2 18 5
2 258 4
2 130 5
3 35 2
3 131 3
3 7 5
3 259 4
3 11 5
3 19 4
3 67 4
4 132 3
4 36 1
4 5 2
4 6 2
4 12 2
4 20 5
4 68 4
4 260 5
5 133 1
5 37 2
5 7 3
5 261 3
5 13 1
5 21 4
5 69 3
6 70 4
6 38 5
6 7 5
6 262 1
6 14 2
6 22 5
6 134 2
7 263 1
7 39 2
7 71 2
7 15 3
7 23 3
7 135 2
8 40 2
8 9 2
8 10 1
8 12 4
8 72 5
8 24 1
8 136 3
8 264 5
9 41 1
9 11 1
9 13 1
9 73 1
9 137 4
9 25 3
9 265 1
10 266 3
10 42 4
10 11 5
10 14 4
10 138 5
10 26 5
10 74 5
11 43 4
11 15 1
11 75 3
11 139 3
11 267 5
11 27 3
12 76 5
12 44 4
12 13 5
12 14 5
12 140 1
12 268 5
12 28 2
13 45 1
13 77 1
13 15 3
13 141 3
13 269 5
13 29 4
14 142 2
14 46 4
14 15 4
14 270 2
14 78 1
14 30 4
15 143 3
15 47 5
15 271 3
15 79 4
15 31 2
16 80 2
16 144 4
16 272 1
16 48 1
16 17 2
16 18 2
16 20 2
16 24 3
17 81 2
17 145 5
17 273 3
17 49 4
17 19 1
17 21 3
17 25 5
18 146 1
18 274 1
18 82 2
18 50 3
18 19 3
18 22 1
18 26 1
19 83 3
19 147 5
19 275 1
19 51 1
19 23 4
19 27 4
20 148 4
20 276 5
20 52 4
20 21 5
20 22 4
20 84 1
20 28 3
21 149 1
21 277 5
21 53 2
21 23 5
21 29 2
21 85 2
22 278 3
22 86 4
22 54 2
22 23 4
22 150 3
22 30 4
23 279 3
23 87 2
23 55 3
23 151 2
23 31 2
24 152 3
24 88 4
24 56 2
24 25 3
24 26 2
24 28 5
24 280 1
25 89 5
25 57 3
25 27 4
25 281 1
25 29 4
25 153 3
26 282 4
26 154 1
26 58 2
26 27 3
26 90 2
26 30 2
27 91 1
27 155 2
27 283 3
27 59 4
27 31 4
28 92 4
28 156 4
28 284 1
28 60 4
28 29 1
28 30 5
29 93 4
29 157 1
29 285 4
29 61 1
29 31 5
30 158 5
30 286 1
30 94 1
30 62 1
30 31 4
31 95 4
31 159 5
31 287 4
31 63 1
32 33 1
32 34 4
32 36 1
32 40 3
32 96 2
32 160 1
32 288 3
32 48 5
33 35 4
33 37 4
33 97 4
33 41 1
33 289 1
33 161 5
33 49 3
34 35 2
34 38 1
34 162 1
34 42 4
34 290 5
34 98 3
34 50 5
35 163 1
35 39 1
35 291 1
35 43 5
35 99 4
35 51 5
36 164 2
36 37 5
36 38 5
36 292 2
36 44 2
36 52 3
36 100 2
37 165 2
37 39 4
37 45 2
37 53 2
37 293 5
37 101 2
38 294 1
38 102 5
38 39 2
38 46 5
38 54 2
38 166 5
39 295 5
39 103 2
39 47 3
39 55 5
39 167 1
40 41 3
40 42 2
40 44 3
40 104 3
40 56 5
40 168 1
40 296 4
41 43 4
41 45 2
41 105 3
41 57 4
41 297 1
41 169 4
42 43 2
42 46 4
42 170 3
42 58 4
42 298 3
42 106 1
43 47 4
43 107 3
43 171 1
43 299 3
43 59 5
44 108 2
44 45 5
44 46 2
44 172 4
44 300 1
44 60 5
45 47 3
45 173 2
45 109 3
45 301 5
45 61 1
46 47 5
46 302 1
46 110 4
46 174 3
46 62 1
47 175 5
47 303 1
47 111 1
47 63 3
48 112 2
48 176 3
48 304 2
48 49 4
48 50 4
48 52 4
48 56 2
49 113 3
49 177 1
49 305 5
49 51 4
49 53 2
49 57 2
50 178 4
50 306 4
50 114 3
50 51 5
50 54 3
50 58 1
51 179 2
51 307 3
51 115 2
51 55 5
51 59 5
52 180 4
52 308 5
52 53 1
52 54 1
52 116 1
52 60 3
53 181 5
53 55 1
53 309 2
53 61 3
53 117 1
54 310 2
54 118 1
54 55 3
54 62 2
54 182 1
55 311 3
55 119 3
55 183 2
55 63 4
56 120 1
56 57 1
56 58 2
56 184 1
56 60 1
56 312 4
57 313 2
57 121 1
57 59 1
57 61 5
57 185 3
58 314 4
58 186 1
58 59 2
58 122 5
58 62 3
59 123 1
59 187 1
59 315 3
59 63 2
60 124 1
60 188 1
60 316 4
60 61 2
60 62 5
61 317 4
61 125 1
61 189 2
61 63 4
62 190 1
62 318 2
62 126 2
62 63 4
63 127 3
63 191 2
63 319 2
64 65 5
64 66 3
64 68 4
64 72 3
64 96 2
64 192 2
64 80 3
64 320 1
65 67 1
65 69 2
65 97 5
65 73 1
65 193 1
65 321 1
65 81 2
66 67 5
66 70 1
66 194 3
66 74 4
66 322 3
66 98 3
66 82 4
67 195 4
67 71 5
67 323 4
67 75 5
67 99 3
67 83 5
68 69 5
68 70 5
68 324 3
68 76 2
68 84 5
68 196 1
68 100 4
69 197 5
69 325 3
69 71 1
69 77 5
69 85 2
69 101 5
70 198 1
70 102 1
70 71 1
70 78 1
70 326 5
70 86 4
71 327 3
71 103 1
71 79 5
71 87 1
71 199 1
72 328 1
72 73 5
72 74 3
72 76 4
72 104 4
72 88 3
72 200 2
73 75 2
73 77 2
73 105 1
73 89 2
73 201 4
73 329 1
74 75 4
74 78 3
74 202 1
74 90 3
74 330 4
74 106 4
75 79 1
75 107 3
75 203 2
75 331 1
75 91 5
76 108 4
76 77 1
76 78 3
76 204 1
76 332 1
76 92 2
77 79 2
77 109 4
77 333 1
77 205 5
77 93 2
78 79 3
78 206 2
78 334 5
78 110 3
78 94 2
79 207 4
79 335 3
79 111 4
79 95 3
80 112 3
80 208 2
80 81 3
80 82 4
80 84 4
80 336 5
80 88 4
81 113 1
81 209 1
81 337 3
81 83 2
81 85 1
81 89 1
82 210 3
82 338 5
82 114 4
82 83 2
82 86 5
82 90 4
83 211 2
83 339 4
83 115 5
83 87 3
83 91 2
84 340 4
84 212 4
84 85 4
84 86 1
84 116 3
84 92 3
85 213 1
85 341 5
85 87 1
85 93 5
85 117 3
86 214 4
86 342 4
86 118 1
86 87 1
86 94 2
87 343 1
87 119 5
87 215 3
87 95 5
88 344 4
88 216 1
88 120 5
88 89 2
88 90 5
88 92 3
89 121 4
89 217 3
89 91 4
89 93 4
89 345 2
90 218 3
90 91 4
90 346 1
90 122 3
90 94 2
91 123 4
91 347 1
91 219 4
91 95 3
92 220 2
92 124 5
92 348 2
92 93 1
92 94 2
93 125 2
93 221 3
93 349 4
93 95 4
94 222 1
94 350 4
94 126 4
94 95 1
95 127 1
95 223 5
95 351 4
96 98 1
96 100 5
96 97 5
96 104 3
96 224 4
96 112 3
96 352 4
97 99 5
97 101 5
97 105 5
97 225 5
97 353 3
97 113 3
98 99 4
98 102 1
98 226 4
98 106 4
98 354 1
98 114 2
99 227 3
99 103 1
99 107 5
99 115 2
99 355 1
100 101 1
100 102 4
100 356 4
100 108 1
100 116 1
100 228 4
101 229 3
101 103 4
101 357 1
101 109 4
101 117 3
102 230 1
102 103 3
102 110 2
102 118 4
102 358 4
103 111 5
103 359 3
103 119 5
103 231 5
104 360 4
104 105 1
104 106 5
104 108 3
104 120 2
104 232 4
105 107 2
105 109 1
105 121 3
105 233 3
105 361 1
106 107 3
106 110 2
106 362 4
106 234 4
106 122 2
107 363 1
107 111 4
107 235 1
107 123 3
108 109 3
108 110 3
108 236 5
108 364 5
108 124 4
109 111 1
109 237 5
109 365 5
109 125 3
110 111 4
110 238 4
110 366 2
110 126 4
111 239 5
111 367 3
111 127 2
112 240 4
112 113 4
112 114 4
112 116 5
112 368 5
112 120 3
113 241 3
113 369 3
113 115 2
113 117 3
113 121 1
114 242 4
114 370 1
114 115 4
114 118 5
114 122 5
115 243 5
115 371 1
115 119 5
115 123 5
116 244 3
116 372 1
116 117 3
116 118 4
116 124 4
117 245 5
117 373 4
117 119 1
117 125 3
118 246 5
118 119 3
118 374 4
118 126 1
119 375 3
119 247 3
119 127 4
120 376 1
120 121 2
120 122 4
120 124 2
120 248 2
121 249 5
121 123 4
121 125 5
121 377 4
122 378 3
122 250 1
122 123 1
122 126 5
123 379 5
123 251 5
123 127 3
124 252 5
124 380 1
124 125 2
124 126 5
125 253 3
125 381 3
125 127 1
126 382 5
126 254 4
126 127 1
127 255 2
127 383 1
128 129 2
128 130 2
128 132 3
128 136 3
128 160 4
128 192 5
128 144 4
128 384 2
129 131 5
129 133 3
129 161 2
129 137 2
129 193 3
129 385 3
129 145 1
130 131 3
130 134 3
130 194 3
130 138 2
130 162 5
130 386 4
130 146 3
131 163 3
131 195 2
131 135 2
131 139 5
131 387 2
131 147 3
132 133 3
132 134 1
132 388 3
132 140 4
132 148 2
132 196 4
132 164 1
133 197 3
133 135 5
133 389 3
133 141 2
133 149 1
133 165 4
134 198 4
134 166 4
134 135 3
134 142 5
134 150 2
134 390 3
135 391 1
135 167 1
135 143 4
135 151 4
135 199 2
136 392 5
136 137 3
136 138 5
136 140 3
136 168 5
136 152 4
136 200 4
137 393 5
137 139 3
137 141 5
137 169 4
137 153 2
137 201 1
138 139 1
138 142 2
138 202 2
138 154 5
138 170 5
138 394 3
139 143 3
139 171 1
139 203 5
139 155 5
139 395 4
140 172 4
140 141 3
140 142 1
140 204 5
140 396 3
140 156 5
141 143 4
141 173 1
141 205 4
141 397 5
141 157 3
142 143 3
142 206 2
142 174 3
142 398 5
142 158 1
143 207 2
143 399 4
143 175 5
143 159 3
144 176 1
144 208 1
144 145 5
144 146 4
144 148 3
144 152 1
144 400 3
145 177 2
145 209 1
145 147 2
145 149 4
145 401 4
145 153 2
146 210 3
146 178 5
146 402 5
146 147 4
146 150 1
146 154 1
147 179 5
147 211 4
147 403 4
147 151 1
147 155 2
148 212 4
148 404 3
148 149 4
148 150 2
148 180 2
148 156 3
149 213 4
149 405 2
149 151 3
149 157 1
149 181 5
150 214 5
150 182 1
150 151 5
150 158 1
150 406 5
151 407 2
151 183 5
151 215 4
151 159 3
152 408 4
152 216 3
152 184 3
152 153 4
152 154 2
152 156 4
153 409 2
153 185 2
153 217 3
153 155 5
153 157 1
154 410 5
154 218 5
154 155 1
154 186 4
154 158 3
155 187 2
155 219 3
155 411 3
155 159 3
156 220 5
156 188 3
156 412 4
156 157 1
156 158 1
157 189 5
157 221 2
157 413 1
157 159 5
158 414 5
158 222 3
158 190 5
158 159 3
159 191 5
159 223 3
159 415 5
160 162 2
160 164 4
160 161 4
160 168 4
160 224 2
160 176 1
160 416 2
161 163 1
161 165 3
161 169 5
161 225 3
161 177 3
161 417 5
162 163 1
162 166 1
162 226 2
162 170 3
162 418 2
162 178 3
163 227 3
163 179 2
163 167 4
163 171 1
163 419 4
164 165 5
164 166 2
164 420 1
164 172 5
164 180 2
164 228 4
165 229 3
165 167 5
165 421 1
165 173 1
165 181 2
166 230 3
166 167 3
166 174 4
166 422 2
166 182 1
167 175 1
167 183 1
167 423 5
167 231 3
168 424 3
168 169 2
168 170 3
168 172 2
168 184 2
168 232 1
169 425 3
169 171 4
169 173 4
169 185 4
169 233 5
170 171 1
170 174 5
170 234 2
170 186 4
170 426 5
171 175 5
171 235 4
171 187 3
171 427 3
172 173 5
172 174 2
172 236 1
172 428 3
172 188 3
173 175 3
173 237 5
173 429 5
173 189 5
174 175 4
174 238 2
174 430 3
174 190 3
175 239 3
175 431 2
175 191 2
176 240 1
176 177 2
176 178 1
176 432 3
176 180 2
176 184 1
177 241 5
177 179 5
177 181 1
177 433 3
177 185 4
178 242 5
178 434 5
178 179 3
178 182 4
178 186 5
179 243 3
179 435 2
179 183 2
179 187 1
180 244 1
180 436 5
180 181 1
180 182 1
180 188 2
181 245 1
181 437 3
181 183 1
181 189 1
182 246 5
182 438 2
182 183 4
182 190 2
183 439 5
183 247 4
183 191 1
184 440 2
184 185 3
184 186 2
184 188 2
184 248 2
185 441 4
185 249 5
185 187 3
185 189 4
186 250 4
186 187 3
186 190 5
186 442 4
187 251 1
187 443 5
187 191 3
188 252 1
188 444 4
188 189 5
188 190 1
189 253 5
189 445 2
189 191 4
190 254 1
190 446 2
190 191 5
191 255 1
191 447 1
192 194 4
192 196 1
192 193 3
192 200 5
192 224 5
192 208 1
192 448 5
193 195 1
193 197 2
193 201 3
193 225 1
193 209 4
193 449 3
194 195 5
194 198 2
194 226 3
194 202 5
194 450 5
194 210 4
195 227 4
195 211 1
195 199 3
195 203 1
195 451 3
196 197 2
196 198 3
196 204 5
196 212 1
196 228 3
196 452 1
197 229 5
197 199 4
197 453 5
197 205 1
197 213 1
198 230 3
198 199 3
198 454 2
198 206 2
198 214 4
199 207 4
199 215 2
199 455 2
199 231 5
200 456 4
200 201 3
200 202 1
200 204 3
200 216 1
200 232 4
201 457 5
201 203 5
201 205 4
201 217 5
201 233 5
202 458 4
202 203 2
202 206 4
202 234 5
202 218 2
203 207 2
203 235 3
203 219 2
203 459 4
204 460 5
204 205 5
204 206 4
204 236 1
204 220 3
205 207 3
205 237 1
205 461 2
205 221 5
206 207 4
206 238 5
206 462 5
206 222 1
207 239 1
207 463 1
207 223 1
208 464 2
208 240 1
208 209 2
208 210 4
208 212 2
208 216 1
209 241 2
209 465 1
209 211 2
209 213 1
209 217 1
210 242 1
210 466 3
210 211 1
210 214 3
210 218 4
211 243 2
211 467 5
211 215 2
211 219 1
212 244 5
212 468 3
212 213 3
212 214 4
212 220 4
213 245 2
213 469 5
213 215 5
213 221 4
214 246 2
214 470 5
214 215 3
214 222 2
215 471 4
215 247 2
215 223 3
216 472 2
216 217 5
216 218 3
216 220 2
216 248 5
217 473 5
217 249 3
217 219 1
217 221 1
218 474 1
218 250 1
218 219 5
218 222 3
219 251 3
219 475 1
219 223 1
220 476 5
220 252 2
220 221 5
220 222 2
221 253 3
221 477 3
221 223 2
222 254 1
222 478 4
222 223 4
223 255 2
223 479 4
224 226 3
224 228 5
224 225 2
224 232 4
224 240 3
224 480 3
225 227 4
225 229 2
225 241 3
225 481 5
225 233 2
226 227 1
226 230 2
226 234 3
226 482 1
226 242 1
227 243 5
227 231 2
227 235 4
227 483 4
228 229 3
228 230 5
228 236 1
228 484 1
228 244 1
229 231 1
229 485 2
229 237 4
229 245 3
230 231 4
230 486 3
230 238 1
230 246 3
231 487 1
231 239 3
231 247 5
232 488 4
232 233 5
232 234 5
232 236 4
232 248 4
233 489 1
233 235 5
233 237 4
233 249 2
234 490 2
234 235 4
234 238 1
234 250 2
235 239 3
235 251 4
235 491 4
236 237 1
236 238 4
236 252 1
236 492 4
237 493 5
237 239 5
237 253 4
238 239 5
238 494 4
238 254 4
239 495 5
239 255 4
240 241 5
240 242 3
240 244 3
240 496 1
240 248 5
241 497 4
241 243 3
241 245 2
241 249 4
242 498 3
242 243 1
242 246 2
242 250 3
243 499 5
243 247 4
243 251 4
244 500 1
244 246 2
244 252 5
244 245 5
245 501 4
245 247 2
245 253 3
246 502 4
246 247 1
246 254 5
247 503 4
247 255 1
248 504 2
248 252 4
248 249 5
248 250 1
249 505 1
249 251 3
249 253 5
250 506 3
250 251 4
250 254 1
251 507 3
251 255 5
252 508 2
252 253 2
252 254 3
253 509 1
253 255 4
254 510 5
254 255 2
255 511 3
256 257 4
256 258 5
256 260 1
256 264 2
256 288 1
256 272 4
256 320 2
256 384 2
257 259 4
257 261 3
257 289 4
257 265 1
257 321 2
257 385 1
257 273 5
258 259 3
258 262 1
258 266 5
258 322 4
258 290 4
258 386 5
258 274 4
259 263 2
259 291 1
259 323 4
259 267 3
259 387 5
259 275 2
260 261 3
260 262 1
260 324 1
260 388 1
260 268 5
260 276 5
260 292 3
261 325 3
261 263 1
261 389 5
261 269 4
261 277 1
261 293 4
262 294 5
262 263 4
262 270 1
262 326 3
262 278 2
262 390 1
263 327 2
263 391 2
263 295 4
263 271 3
263 279 1
264 328 2
264 392 2
264 265 3
264 266 2
264 268 3
264 296 2
264 280 2
265 393 3
265 267 3
265 269 1
265 297 2
265 281 3
265 329 2
266 267 4
266 270 3
266 282 3
266 330 1
266 298 5
266 394 3
267 271 5
267 299 4
267 331 2
267 283 3
267 395 1
268 300 5
268 269 5
268 270 2
268 332 5
268 396 3
268 284 3
269 271 1
269 301 5
269 333 3
269 397 1
269 285 1
270 271 4
270 334 5
270 302 2
270 398 1
270 286 2
271 335 3
271 399 1
271 303 2
271 287 1
272 304 3
272 273 1
272 274 5
272 276 2
272 336 4
272 280 1
272 400 5
273 305 1
273 337 1
273 275 5
273 277 4
273 401 1
273 281 5
274 338 2
274 306 4
274 402 1
274 275 3
274 278 3
274 282 2
275 307 2
275 339 2
275 403 3
275 279 1
275 283 3
276 340 2
276 404 1
276 277 1
276 278 5
276 308 3
276 284 5
277 341 3
277 405 1
277 279 4
277 285 1
277 309 4
278 342 5
278 310 1
278 279 2
278 286 5
278 406 2
279 343 2
279 407 1
279 311 3
279 287 5
280 344 1
280 408 5
280 312 2
280 281 5
280 282 5
280 284 3
281 409 5
281 313 5
281 283 4
281 285 2
281 345 4
282 410 3
282 283 1
282 346 5
282 314 4
282 286 3
283 315 3
283 347 1
283 411 2
283 287 2
284 316 1
284 348 5
284 412 1
284 285 4
284 286 1
285 317 4
285 349 2
285 413 5
285 287 3
286 414 4
286 350 1
286 318 4
286 287 2
287 319 2
287 351 4
287 415 1
288 290 4
288 292 2
288 289 3
288 296 5
288 304 2
288 352 1
288 416 3
289 291 2
289 293 5
289 297 5
289 353 5
289 305 2
289 417 2
290 291 3
290 294 1
290 298 5
290 354 2
290 418 1
290 306 5
291 295 4
291 307 3
291 299 4
291 419 2
291 355 3
292 293 3
292 294 1
292 356 5
292 420 2
292 300 4
292 308 2
293 295 1
293 421 4
293 357 5
293 301 2
293 309 5
294 295 5
294 302 2
294 422 4
294 310 4
294 358 2
295 303 4
295 359 2
295 311 4
295 423 2
296 360 1
296 424 2
296 297 1
296 298 5
296 300 4
296 312 2
297 425 2
297 299 5
297 301 2
297 313 4
297 361 5
298 299 4
298 302 1
298 362 5
298 314 3
298 426 3
299 363 2
299 303 5
299 315 1
299 427 3
300 301 3
300 302 5
300 364 1
300 428 5
300 316 5
301 303 3
301 365 3
301 429 3
301 317 3
302 303 5
302 366 5
302 430 5
302 318 1
303 367 2
303 431 5
303 319 5
304 305 4
304 306 4
304 432 2
304 308 5
304 368 5
304 312 1
305 369 3
305 307 5
305 309 4
305 433 2
305 313 4
306 370 1
306 434 2
306 307 2
306 310 4
306 314 5
307 371 4
307 435 1
307 311 5
307 315 1
308 372 2
308 436 1
308 309 3
308 310 5
308 316 1
309 373 4
309 437 5
309 311 1
309 317 4
310 438 1
310 311 4
310 374 2
310 318 5
311 375 5
311 439 3
311 319 3
312 376 5
312 440 1
312 313 5
312 314 2
312 316 2
313 441 5
313 315 4
313 317 4
313 377 3
314 378 3
314 315 3
314 318 4
314 442 3
315 379 3
315 443 3
315 319 2
316 380 4
316 444 3
316 317 1
316 318 4
317 381 1
317 445 5
317 319 3
318 382 4
318 446 5
318 319 3
319 383 3
319 447 1
320 322 3
320 324 4
320 321 3
320 328 4
320 336 1
320 352 5
320 448 1
321 323 3
321 325 2
321 329 1
321 353 3
321 337 4
321 449 3
322 323 2
322 326 3
322 330 1
322 354 2
322 450 5
322 338 4
323 327 2
323 339 4
323 331 5
323 451 3
323 355 5
324 325 2
324 326 1
324 356 2
324 332 2
324 340 1
324 452 1
325 327 2
325 357 4
325 333 5
325 453 4
325 341 5
326 327 5
326 454 3
326 334 5
326 342 1
326 358 3
327 335 4
327 359 1
327 343 4
327 455 4
328 360 3
328 456 1
328 329 1
328 330 2
328 332 2
328 344 2
329 457 3
329 331 2
329 333 5
329 345 1
329 361 2
330 458 3
330 331 3
330 334 4
330 362 1
330 346 5
331 363 1
331 335 3
331 347 4
331 459 5
332 460 4
332 333 4
332 334 4
332 364 1
332 348 3
333 335 2
333 365 3
333 461 3
333 349 2
334 335 1
334 366 1
334 462 4
334 350 2
335 367 4
335 463 5
335 351 2
336 464 5
336 337 5
336 338 4
336 340 1
336 368 5
336 344 5
337 369 1
337 465 1
337 339 2
337 341 3
337 345 1
338 370 3
338 466 2
338 339 5
338 342 1
338 346 1
339 371 3
339 467 3
339 343 2
339 347 4
340 372 4
340 468 1
340 341 2
340 342 2
340 348 1
341 373 2
341 469 5
341 343 3
341 349 1
342 470 4
342 343 3
342 374 5
342 350 1
343 375 5
343 471 5
343 351 2
344 376 2
344 472 1
344 345 1
344 346 5
344 348 5
345 473 2
345 347 3
345 349 5
345 377 1
346 474 2
346 378 1
346 347 5
346 350 5
347 379 2
347 475 1
347 351 4
348 476 3
348 380 1
348 349 1
348 350 3
349 381 4
349 477 2
349 351 1
350 382 5
350 478 3
350 351 1
351 383 2
351 479 2
352 354 5
352 356 2
352 353 5
352 360 1
352 368 3
352 480 4
353 355 4
353 357 2
353 361 1
353 369 5
353 481 4
354 355 4
354 358 3
354 362 1
354 482 3
354 370 4
355 359 3
355 363 3
355 483 4
355 371 2
356 357 2
356 358 5
356 364 2
356 484 1
356 372 5
357 359 4
357 485 4
357 365 3
357 373 5
358 359 2
358 486 2
358 366 3
358 374 3
359 487 1
359 367 4
359 375 2
360 488 4
360 361 1
360 362 2
360 364 4
360 376 1
361 489 2
361 363 3
361 365 2
361 377 3
362 490 5
362 363 4
362 366 4
362 378 5
363 367 5
363 379 2
363 491 2
364 365 4
364 366 5
364 380 3
364 492 3
365 493 3
365 367 4
365 381 4
366 367 5
366 494 5
366 382 3
367 495 2
367 383 2
368 369 2
368 370 1
368 372 2
368 496 4
368 376 2
369 497 5
369 371 4
369 373 1
369 377 5
370 498 3
370 371 5
370 374 1
370 378 3
371 499 3
371 375 3
371 379 5
372 500 5
372 373 2
372 374 5
372 380 3
373 501 4
373 375 4
373 381 3
374 502 4
374 375 3
374 382 3
375 503 1
375 383 5
376 504 3
376 377 5
376 378 5
376 380 4
377 505 4
377 381 2
377 379 4
378 506 4
378 379 4
378 382 2
379 507 2
379 383 5
380 508 4
380 381 3
380 382 3
381 509 3
381 383 5
382 510 3
382 383 2
383 511 2
384 386 1
384 388 2
384 385 4
384 392 1
384 400 5
384 416 1
384 448 3
385 387 4
385 389 2
385 393 1
385 401 4
385 449 2
385 417 2
386 387 3
386 390 1
386 394 1
386 418 2
386 450 3
386 402 1
387 391 3
387 395 2
387 403 4
387 419 5
387 451 2
388 389 3
388 390 1
388 420 4
388 396 4
388 404 5
388 452 2
389 391 5
389 421 5
389 453 5
389 397 5
389 405 2
390 391 1
390 454 1
390 398 5
390 422 3
390 406 2
391 399 3
391 407 1
391 423 2
391 455 4
392 424 1
392 456 5
392 393 5
392 394 5
392 396 5
392 408 2
393 457 2
393 425 1
393 395 4
393 397 5
393 409 5
394 458 3
394 395 2
394 398 3
394 410 4
394 426 2
395 399 3
395 411 1
395 427 3
395 459 4
396 460 5
396 397 5
396 398 1
396 428 3
396 412 3
397 399 1
397 429 2
397 461 2
397 413 4
398 399 1
398 430 4
398 462 2
398 414 1
399 431 2
399 463 2
399 415 1
400 464 5
400 401 4
400 402 1
400 432 4
400 404 2
400 408 4
401 465 2
401 403 5
401 405 3
401 433 1
401 409 1
402 434 1
402 466 4
402 403 2
402 406 1
402 410 3
403 435 3
403 467 4
403 407 4
403 411 1
404 436 2
404 468 5
404 405 3
404 406 4
404 412 1
405 437 2
405 469 5
405 407 5
405 413 5
406 438 3
406 470 1
406 407 2
406 414 1
407 439 4
407 471 4
407 415 1
408 440 4
408 472 2
408 409 4
408 410 4
408 412 1
409 441 1
409 473 5
409 411 4
409 413 2
410 474 2
410 411 5
410 414 2
410 442 2
411 443 3
411 475 1
411 415 4
412 476 2
412 444 5
412 413 5
412 414 4
413 477 3
413 445 2
413 415 3
414 446 1
414 478 2
414 415 4
415 447 4
415 479 3
416 418 5
416 420 3
416 417 2
416 424 4
416 432 5
416 480 1
417 419 4
417 421 5
417 425 3
417 433 4
417 481 2
418 419 4
418 422 4
418 426 3
418 482 5
418 434 3
419 423 1
419 427 3
419 435 5
419 483 2
420 421 4
420 422 1
420 428 4
420 484 3
420 436 3
421 423 3
421 485 1
421 429 2
421 437 2
422 423 2
422 486 2
422 430 4
422 438 3
423 487 4
423 431 4
423 439 5
424 488 2
424 425 5
424 426 5
424 428 5
424 440 2
425 489 2
425 427 3
425 429 3
425 441 5
426 490 2
426 427 2
426 430 1
426 442 1
427 431 1
427 443 3
427 491 3
428 429 1
428 430 3
428 444 1
428 492 1
429 493 4
429 431 2
429 445 4
430 431 2
430 494 3
430 446 4
431 495 5
431 447 3
432 434 5
432 433 2
432 436 4
432 496 3
432 440 1
433 497 2
433 435 5
433 437 1
433 441 4
434 498 3
434 435 4
434 438 1
434 442 5
435 499 2
435 439 5
435 443 1
436 500 5
436 437 2
436 438 5
436 444 2
437 501 3
437 439 2
437 445 5
438 502 4
438 439 2
438 446 1
439 503 4
439 447 5
440 504 3
440 441 5
440 442 3
440 444 2
441 505 5
441 445 4
441 443 4
442 506 2
442 446 2
442 443 3
443 507 5
443 447 5
444 508 4
444 445 1
444 446 5
445 509 2
445 447 2
446 510 5
446 447 5
447 511 2
448 450 1
448 452 5
448 449 1
448 456 4
448 464 4
448 480 5
449 451 3
449 453 1
449 457 4
449 465 1
449 481 4
450 451 1
450 454 5
450 458 2
450 482 2
450 466 5
451 455 2
451 459 4
451 467 2
451 483 4
452 453 2
452 454 2
452 460 3
452 484 2
452 468 4
453 455 3
453 485 4
453 461 4
453 469 3
454 455 3
454 486 5
454 462 3
454 470 3
455 487 2
455 463 2
455 471 5
456 488 2
456 457 3
456 458 1
456 460 2
456 472 3
457 489 1
457 459 4
457 461 3
457 473 4
458 490 2
458 459 3
458 462 4
458 474 1
459 463 2
459 475 4
459 491 3
460 461 5
460 462 3
460 476 1
460 492 2
461 493 5
461 463 5
461 477 2
462 463 2
462 494 4
462 478 5
463 495 1
463 479 1
464 466 3
464 465 5
464 468 4
464 496 2
464 472 4
465 497 4
465 467 5
465 469 1
465 473 5
466 498 2
466 467 1
466 470 5
466 474 3
467 499 3
467 471 3
467 475 4
468 500 3
468 469 1
468 470 1
468 476 3
469 501 1
469 471 3
469 477 1
470 502 4
470 471 3
470 478 5
471 503 5
471 479 2
472 504 1
472 473 5
472 474 4
472 476 3
473 505 5
473 475 1
473 477 1
474 506 2
474 478 4
474 475 5
475 507 2
475 479 3
476 508 1
476 477 2
476 478 2
477 509 4
477 479 2
478 510 4
478 479 3
479 511 2
480 482 1
480 484 2
480 481 4
480 488 2
480 496 2
481 483 3
481 485 3
481 489 3
481 497 3
482 483 3
482 486 4
482 490 2
482 498 2
483 487 2
483 491 3
483 499 1
484 486 5
484 492 1
484 500 1
484 485 2
485 487 5
485 493 1
485 501 4
486 487 1
486 494 5
486 502 1
487 495 5
487 503 5
488 489 3
488 490 5
488 492 5
488 504 2
489 491 4
489 493 4
489 505 1
490 491 4
490 494 1
490 506 5
491 495 3
491 507 2
492 493 5
492 494 5
492 508 1
493 495 5
493 509 2
494 495 1
494 510 4
495 511 2
496 497 1
496 498 3
496 504 4
496 500 1
497 499 5
497 501 2
497 505 1
498 499 2
498 502 3
498 506 4
499 503 2
499 507 4
500 501 4
500 502 5
500 508 1
501 503 2
501 509 1
502 503 3
502 510 4
503 511 2
504 505 4
504 506 1
504 508 3
505 507 2
505 509 1
506 507 4
506 510 5
507 100000 50
507 100004 50
507 100003 50
507 511 1
508 100003 50
508 100004 50
508 509 5
508 510 3
509 100001 50
509 100002 50
509 511 3
510 100000 50
510 100001 50
510 100002 50
510 511 5
511 100000 50
511 100002 50
511 100003 50
-2 2 50
-2 5 50
-5 0 50
-5 1 50
-4 1 50
-4 2 50
-3 0 50
-3 2 50
-3 3 50
-1 1 50
-1 4 50
-1 5 50
