0 32 2
0 1 1
0 2 3
0 4 1
0 8 3
0 16 4
1 33 5
1 3 3
1 5 1
1 9 3
1 17 2
2 34 4
2 3 5
2 6 4
2 10 4
2 18 4
3 35 4
3 7 1
3 11 5
3 19 1
4 36 4
4 5 4
4 6 1
4 12 4
4 20 3
5 37 3
5 7 2
5 13 4
5 21 1
6 38 2
6 7 1
6 14 3
6 22 1
7 39 2
7 15 5
7 23 3
8 40 3
8 9 4
8 10 4
8 12 5
8 24 1
9 41 5
9 11 3
9 13 1
9 25 5
10 42 2
10 11 2
10 14 1
10 26 1
11 43 3
11 15 4
11 27 1
12 44 2
12 13 5
12 14 1
12 28 2
13 45 2
13 15 4
13 29 5
14 46 2
14 15 2
14 30 2
15 47 2
15 31 2
16 48 3
16 17 2
16 18 1
16 20 4
16 24 3
17 49 1
17 19 3
17 21 1
17 25 4
18 50 3
18 19 3
18 22 3
18 26 3
19 51 4
19 23 2
19 27 2
20 52 4
20 21 1
20 22 5
20 28 3
21 53 1
21 23 5
21 29 1
22 54 2
22 23 3
22 30 5
23 55 1
23 31 1
24 56 3
24 25 3
24 26 1
24 28 5
25 57 1
25 27 4
25 29 5
26 58 4
26 27 1
26 30 3
27 59 1
27 31 3
28 60 5
28 29 1
28 30 2
29 61 3
29 31 2
30 62 5
30 31 3
31 63 2
32 33 4
32 34 3
32 36 4
32 40 5
32 48 3
33 35 4
33 37 4
33 41 3
33 49 2
34 35 3
34 38 3
34 42 4
34 50 5
35 39 2
35 43 4
35 51 4
36 37 2
36 38 5
36 44 1
36 52 3
37 39 3
37 45 3
37 53 1
38 39 4
38 46 2
38 54 1
39 47 5
39 55 1
40 41 4
40 42 5
40 44 2
40 56 1
41 43 5
41 45 4
41 57 4
42 43 1
42 46 3
42 58 3
43 47 2
43 59 4
44 45 4
44 46 4
44 60 3
45 47 2
45 61 4
46 47 1
46 62 1
47 63 2
48 49 1
48 50 1
48 52 3
48 56 1
49 51 3
49 53 4
49 57 1
50 51 2
50 54 3
50 58 3
51 55 1
51 59 3
52 53 3
52 54 3
52 60 4
53 55 1
53 61 3
54 55 1
54 62 4
55 63 5
56 57 1
56 58 5
56 60 5
57 59 1
57 61 3
58 100001 50
58 100003 50
58 59 2
58 62 2
59 100000 50
59 100003 50
59 100004 50
59 63 3
60 100001 50
60 100002 50
60 61 2
60 62 1
61 100002 50
61 100004 50
61 63 4
62 100000 50
62 100001 50
62 100003 50
62 100004 50
62 63 5
63 100000 50
-2 1 50
-2 3 50
-5 0 50
-5 2 50
-5 4 50
-4 0 50
-4 3 50
-4 4 50
-3 1 50
-3 4 50
-1 1 50
-1 3 50
