0 32 5
0 1 1
0 2 5
0 4 2
0 8 1
0 64 1
0 128 3
0 256 5
0 16 3
1 33 4
1 3 2
1 5 5
1 65 5
1 129 5
1 9 1
1 257 2
1 17 3
2 34 2
2 3 1
2 6 3
2 10 5
2 66 1
2 18 1
2 258 4
2 130 1
3 35 4
3 131 2
3 7 1
3 259 1
3 11 1
3 19 2
3 67 1
4 132 2
4 36 1
4 5 5
4 6 3
4 12 2
4 20 5
4 68 2
4 260 5
5 133 2
5 37 1
5 7 1
5 261 1
5 13 4
5 21 4
5 69 2
6 70 2
6 38 2
6 7 3
6 262 3
6 14 5
6 22 2
6 134 2
7 263 4
7 39 5
7 71 3
7 15 1
7 23 4
7 135 3
8 40 4
8 9 5
8 10 3
8 12 5
8 72 2
8 24 5
8 136 2
8 264 3
9 41 2
9 11 5
9 13 3
9 73 2
9 137 2
9 25 5
9 265 4
10 266 5
10 42 2
10 11 1
10 14 1
10 138 4
10 26 1
10 74 3
11 43 2
11 15 1
11 75 1
11 139 2
11 267 2
11 27 4
12 76 4
12 44 4
12 13 5
12 14 5
12 140 3
12 268 1
12 28 5
13 45 5
13 77 2
13 15 3
13 141 5
13 269 4
13 29 1
14 142 5
14 46 4
14 15 1
14 270 1
14 78 3
14 30 4
15 143 5
15 47 3
15 271 2
15 79 1
15 31 3
16 80 3
16 144 2
16 272 4
16 48 4
16 17 1
16 18 1
16 20 2
16 24 4
17 81 5
17 145 3
17 273 4
17 49 4
17 19 4
17 21 2
17 25 1
18 146 3
18 274 4
18 82 3
18 50 3
18 19 1
18 22 1
18 26 3
19 83 4
19 147 2
19 275 4
19 51 5
19 23 4
19 27 3
20 148 3
20 276 5
20 52 3
20 21 5
20 22 5
20 84 2
20 28 4
21 149 1
21 277 4
21 53 1
21 23 4
21 29 4
21 85 4
22 278 4
22 86 5
22 54 3
22 23 2
22 150 2
22 30 5
23 279 5
23 87 5
23 55 2
23 151 2
23 31 5
24 152 5
24 88 1
24 56 1
24 25 5
24 26 4
24 28 3
24 280 2
25 89 1
25 57 4
25 27 5
25 281 5
25 29 2
25 153 5
26 282 2
26 154 4
26 58 3
26 27 4
26 90 1
26 30 1
27 91 5
27 155 2
27 283 2
27 59 1
27 31 2
28 92 3
28 156 2
28 284 2
28 60 3
28 29 2
28 30 5
29 93 5
29 157 5
29 285 5
29 61 5
29 31 1
30 158 4
30 286 5
30 94 4
30 62 5
30 31 4
31 95 5
31 159 2
31 287 1
31 63 3
32 33 4
32 34 5
32 36 3
32 40 3
32 96 1
32 160 2
32 288 3
32 48 2
33 35 1
33 37 4
33 97 2
33 41 3
33 289 4
33 161 1
33 49 2
34 35 5
34 38 3
34 162 2
34 42 4
34 290 4
34 98 4
34 50 3
35 163 3
35 39 3
35 291 2
35 43 5
35 99 3
35 51 5
36 164 1
36 37 3
36 38 4
36 292 4
36 44 1
36 52 1
36 100 5
37 165 2
37 39 3
37 45 5
37 53 4
37 293 5
37 101 4
38 294 2
38 102 2
38 39 3
38 46 5
38 54 3
38 166 5
39 295 5
39 103 2
39 47 3
39 55 2
39 167 1
40 41 4
40 42 2
40 44 2
40 104 4
40 56 4
40 168 1
40 296 3
41 43 1
41 45 1
41 105 3
41 57 4
41 297 2
41 169 3
42 43 4
42 46 1
42 170 2
42 58 1
42 298 4
42 106 5
43 47 2
43 107 4
43 171 3
43 299 5
43 59 5
44 108 2
44 45 2
44 46 5
44 172 4
44 300 5
44 60 1
45 47 5
45 173 1
45 109 1
45 301 2
45 61 3
46 47 3
46 302 2
46 110 2
46 174 5
46 62 3
47 175 2
47 303 3
47 111 2
47 63 3
48 112 5
48 176 4
48 304 3
48 49 5
48 50 2
48 52 1
48 56 3
49 113 5
49 177 2
49 305 3
49 51 4
49 53 2
49 57 2
50 178 2
50 306 1
50 114 4
50 51 4
50 54 5
50 58 3
51 179 4
51 307 3
51 115 4
51 55 3
51 59 2
52 180 1
52 308 1
52 53 1
52 54 2
52 116 3
52 60 4
53 181 2
53 55 4
53 309 3
53 61 4
53 117 2
54 310 4
54 118 2
54 55 4
54 62 5
54 182 4
55 311 4
55 119 4
55 183 4
55 63 5
56 120 2
56 57 3
56 58 5
56 184 5
56 60 3
56 312 5
57 313 1
57 121 5
57 59 5
57 61 2
57 185 2
58 314 2
58 186 4
58 59 4
58 122 1
58 62 1
59 123 5
59 187 2
59 315 3
59 63 2
60 124 4
60 188 1
60 316 1
60 61 2
60 62 2
61 317 5
61 125 3
61 189 1
61 63 5
62 190 4
62 318 2
62 126 5
62 63 3
63 127 3
63 191 3
63 319 5
64 65 1
64 66 3
64 68 1
64 72 3
64 96 5
64 192 1
64 80 5
64 320 1
65 67 2
65 69 3
65 97 4
65 73 1
65 193 2
65 321 2
65 81 3
66 67 1
66 70 4
66 194 2
66 74 2
66 322 3
66 98 4
66 82 2
67 195 1
67 71 5
67 323 5
67 75 4
67 99 2
67 83 1
68 69 2
68 70 5
68 324 2
68 76 3
68 84 3
68 196 3
68 100 3
69 197 3
69 325 4
69 71 2
69 77 1
69 85 4
69 101 4
70 198 3
70 102 1
70 71 4
70 78 5
70 326 2
70 86 4
71 327 5
71 103 3
71 79 1
71 87 2
71 199 1
72 328 2
72 73 5
72 74 2
72 76 3
72 104 1
72 88 4
72 200 4
73 75 3
73 77 1
73 105 4
73 89 2
73 201 3
73 329 5
74 75 5
74 78 2
74 202 3
74 90 1
74 330 3
74 106 5
75 79 4
75 107 5
75 203 4
75 331 3
75 91 2
76 108 4
76 77 4
76 78 1
76 204 4
76 332 1
76 92 2
77 79 4
77 109 5
77 333 4
77 205 2
77 93 3
78 79 1
78 206 1
78 334 4
78 110 2
78 94 3
79 207 1
79 335 3
79 111 1
79 95 4
80 112 3
80 208 4
80 81 1
80 82 2
80 84 2
80 336 1
80 88 4
81 113 1
81 209 2
81 337 3
81 83 5
81 85 4
81 89 3
82 210 1
82 338 5
82 114 1
82 83 2
82 86 3
82 90 3
83 211 3
83 339 2
83 115 2
83 87 5
83 91 3
84 340 2
84 212 2
84 85 4
84 86 1
84 116 5
84 92 2
85 213 1
85 341 4
85 87 2
85 93 3
85 117 2
86 214 1
86 342 4
86 118 4
86 87 3
86 94 4
87 343 1
87 119 5
87 215 1
87 95 4
88 344 2
88 216 2
88 120 2
88 89 2
88 90 4
88 92 2
89 121 2
89 217 3
89 91 3
89 93 4
89 345 4
90 218 2
90 91 5
90 346 5
90 122 2
90 94 4
91 123 4
91 347 2
91 219 5
91 95 3
92 220 5
92 124 5
92 348 5
92 93 3
92 94 2
93 125 5
93 221 4
93 349 4
93 95 4
94 222 2
94 350 5
94 126 3
94 95 3
95 127 1
95 223 5
95 351 5
96 98 1
96 100 1
96 97 1
96 104 3
96 224 4
96 112 5
96 352 5
97 99 5
97 101 1
97 105 1
97 225 5
97 353 3
97 113 1
98 99 3
98 102 2
98 226 5
98 106 1
98 354 1
98 114 2
99 227 2
99 103 1
99 107 1
99 115 5
99 355 4
100 101 5
100 102 3
100 356 4
100 108 2
100 116 5
100 228 4
101 229 1
101 103 1
101 357 5
101 109 5
101 117 3
102 230 3
102 103 4
102 110 5
102 118 3
102 358 5
103 111 2
103 359 4
103 119 1
103 231 4
104 360 4
104 105 1
104 106 3
104 108 4
104 120 2
104 232 4
105 107 2
105 109 4
105 121 2
105 233 4
105 361 4
106 107 3
106 110 5
106 362 2
106 234 2
106 122 4
107 363 1
107 111 2
107 235 1
107 123 3
108 109 1
108 110 2
108 236 5
108 364 2
108 124 4
109 111 4
109 237 5
109 365 3
109 125 5
110 111 1
110 238 4
110 366 5
110 126 2
111 239 4
111 367 1
111 127 4
112 240 2
112 113 5
112 114 4
112 116 4
112 368 2
112 120 1
113 241 1
113 369 3
113 115 1
113 117 4
113 121 1
114 242 1
114 370 2
114 115 2
114 118 3
114 122 1
115 243 2
115 371 3
115 119 3
115 123 3
116 244 5
116 372 1
116 117 5
116 118 1
116 124 3
117 245 2
117 373 5
117 119 1
117 125 1
118 246 1
118 119 1
118 374 5
118 126 2
119 375 2
119 247 4
119 127 4
120 376 4
120 121 4
120 122 4
120 124 2
120 248 5
121 249 3
121 123 3
121 125 3
121 377 3
122 378 5
122 250 2
122 123 4
122 126 3
123 379 4
123 251 4
123 127 1
124 252 4
124 380 5
124 125 5
124 126 3
125 253 2
125 381 5
125 127 2
126 382 4
126 254 4
126 127 4
127 255 1
127 383 3
128 129 5
128 130 4
128 132 3
128 136 5
128 160 4
128 192 2
128 144 5
128 384 1
129 131 3
129 133 4
129 161 2
129 137 3
129 193 4
129 385 5
129 145 4
130 131 3
130 134 3
130 194 4
130 138 2
130 162 4
130 386 4
130 146 1
131 163 1
131 195 4
131 135 4
131 139 5
131 387 3
131 147 5
132 133 2
132 134 4
132 388 1
132 140 1
132 148 2
132 196 5
132 164 2
133 197 4
133 135 1
133 389 4
133 141 3
133 149 3
133 165 5
134 198 5
134 166 3
134 135 1
134 142 3
134 150 4
134 390 2
135 391 2
135 167 3
135 143 1
135 151 5
135 199 5
136 392 4
136 137 4
136 138 4
136 140 4
136 168 3
136 152 5
136 200 1
137 393 2
137 139 4
137 141 3
137 169 1
137 153 4
137 201 2
138 139 3
138 142 3
138 202 2
138 154 3
138 170 1
138 394 3
139 143 2
139 171 5
139 203 1
139 155 4
139 395 2
140 172 2
140 141 1
140 142 1
140 204 2
140 396 5
140 156 3
141 143 2
141 173 3
141 205 1
141 397 3
141 157 4
142 143 5
142 206 4
142 174 1
142 398 1
142 158 1
143 207 3
143 399 3
143 175 1
143 159 4
144 176 1
144 208 4
144 145 5
144 146 2
144 148 1
144 152 2
144 400 1
145 177 1
145 209 1
145 147 3
145 149 2
145 401 4
145 153 4
146 210 1
146 178 3
146 402 2
146 147 4
146 150 1
146 154 2
147 179 4
147 211 3
147 403 2
147 151 3
147 155 4
148 212 4
148 404 1
148 149 1
148 150 1
148 180 5
148 156 3
149 213 5
149 405 3
149 151 4
149 157 2
149 181 1
150 214 2
150 182 4
150 151 3
150 158 1
150 406 5
151 407 4
151 183 4
151 215 5
151 159 4
152 408 5
152 216 4
152 184 4
152 153 4
152 154 3
152 156 2
153 409 1
153 185 2
153 217 2
153 155 2
153 157 2
154 410 5
154 218 2
154 155 3
154 186 5
154 158 2
155 187 2
155 219 2
155 411 1
155 159 2
156 220 5
156 188 4
156 412 5
156 157 4
156 158 4
157 189 4
157 221 4
157 413 3
157 159 1
158 414 1
158 222 2
158 190 5
158 159 4
159 191 1
159 223 5
159 415 5
160 162 2
160 164 3
160 161 1
160 168 4
160 224 3
160 176 5
160 416 3
161 163 3
161 165 2
161 169 2
161 225 4
161 177 2
161 417 5
162 163 1
162 166 2
162 226 3
162 170 1
162 418 2
162 178 3
163 227 2
163 179 1
163 167 3
163 171 3
163 419 1
164 165 4
164 166 4
164 420 4
164 172 2
164 180 2
164 228 1
165 229 4
165 167 4
165 421 2
165 173 5
165 181 1
166 230 2
166 167 2
166 174 5
166 422 1
166 182 3
167 175 4
167 183 2
167 423 5
167 231 2
168 424 4
168 169 2
168 170 2
168 172 2
168 184 3
168 232 1
169 425 3
169 171 4
169 173 1
169 185 4
169 233 3
170 171 2
170 174 1
170 234 3
170 186 4
170 426 4
171 175 1
171 235 3
171 187 1
171 427 4
172 173 1
172 174 2
172 236 3
172 428 4
172 188 4
173 175 3
173 237 2
173 429 1
173 189 3
174 175 2
174 238 2
174 430 5
174 190 2
175 239 4
175 431 5
175 191 2
176 240 5
176 177 1
176 178 1
176 432 4
176 180 3
176 184 1
177 241 1
177 179 4
177 181 4
177 433 1
177 185 4
178 242 1
178 434 4
178 179 1
178 182 2
178 186 1
179 243 2
179 435 3
179 183 2
179 187 1
180 244 5
180 436 1
180 181 5
180 182 2
180 188 5
181 245 2
181 437 2
181 183 2
181 189 1
182 246 2
182 438 2
182 183 5
182 190 3
183 439 4
183 247 2
183 191 5
184 440 5
184 185 5
184 186 4
184 188 3
184 248 5
185 441 1
185 249 3
185 187 4
185 189 3
186 250 4
186 187 1
186 190 2
186 442 3
187 251 2
187 443 4
187 191 1
188 252 3
188 444 1
188 189 3
188 190 2
189 253 1
189 445 1
189 191 2
190 254 1
190 446 3
190 191 3
191 255 3
191 447 4
192 194 2
192 196 2
192 193 2
192 200 5
192 224 3
192 208 3
192 448 5
193 195 4
193 197 4
193 201 4
193 225 2
193 209 1
193 449 4
194 195 5
194 198 1
194 226 4
194 202 5
194 450 5
194 210 1
195 227 4
195 211 1
195 199 5
195 203 5
195 451 5
196 197 5
196 198 3
196 204 4
196 212 1
196 228 5
196 452 1
197 229 4
197 199 1
197 453 5
197 205 4
197 213 1
198 230 3
198 199 3
198 454 2
198 206 5
198 214 4
199 207 4
199 215 4
199 455 5
199 231 1
200 456 2
200 201 4
200 202 3
200 204 5
200 216 3
200 232 2
201 457 2
201 203 1
201 205 4
201 217 3
201 233 1
202 458 2
202 203 5
202 206 4
202 234 4
202 218 3
203 207 4
203 235 2
203 219 1
203 459 4
204 460 5
204 205 4
204 206 5
204 236 1
204 220 1
205 207 2
205 237 4
205 461 4
205 221 5
206 207 4
206 238 3
206 462 2
206 222 4
207 239 4
207 463 4
207 223 1
208 464 3
208 240 4
208 209 2
208 210 2
208 212 2
208 216 5
209 241 4
209 465 5
209 211 3
209 213 4
209 217 2
210 242 1
210 466 5
210 211 2
210 214 5
210 218 5
211 243 1
211 467 1
211 215 4
211 219 3
212 244 2
212 468 4
212 213 3
212 214 2
212 220 4
213 245 1
213 469 5
213 215 4
213 221 2
214 246 5
214 470 5
214 215 1
214 222 5
215 471 3
215 247 1
215 223 5
216 472 5
216 217 2
216 218 3
216 220 3
216 248 4
217 473 3
217 249 4
217 219 1
217 221 2
218 474 3
218 250 4
218 219 5
218 222 1
219 251 3
219 475 4
219 223 1
220 476 4
220 252 3
220 221 2
220 222 1
221 253 3
221 477 5
221 223 1
222 254 3
222 478 4
222 223 5
223 255 1
223 479 1
224 226 1
224 228 4
224 225 3
224 232 4
224 240 2
224 480 1
225 227 3
225 229 5
225 241 5
225 481 2
225 233 1
226 227 4
226 230 5
226 234 4
226 482 1
226 242 3
227 243 5
227 231 1
227 235 3
227 483 3
228 229 2
228 230 4
228 236 4
228 484 5
228 244 1
229 231 1
229 485 5
229 237 1
229 245 2
230 231 1
230 486 5
230 238 5
230 246 3
231 487 4
231 239 5
231 247 4
232 488 1
232 233 3
232 234 5
232 236 4
232 248 4
233 489 3
233 235 5
233 237 5
233 249 2
234 490 2
234 235 1
234 238 3
234 250 2
235 239 1
235 251 2
235 491 2
236 237 4
236 238 5
236 252 1
236 492 3
237 493 1
237 239 5
237 253 4
238 239 5
238 494 3
238 254 2
239 495 3
239 255 5
240 241 1
240 242 2
240 244 3
240 496 5
240 248 2
241 497 1
241 243 1
241 245 2
241 249 3
242 498 3
242 243 2
242 246 1
242 250 1
243 499 2
243 247 4
243 251 3
244 500 2
244 246 3
244 252 2
244 245 4
245 501 4
245 247 1
245 253 4
246 502 5
246 247 1
246 254 2
247 503 3
247 255 2
248 504 2
248 252 2
248 249 3
248 250 1
249 505 1
249 251 2
249 253 4
250 506 3
250 251 3
250 254 3
251 507 3
251 255 2
252 508 4
252 253 5
252 254 3
253 509 5
253 255 5
254 510 4
254 255 2
255 511 5
256 257 5
256 258 2
256 260 2
256 264 2
256 288 2
256 272 2
256 320 4
256 384 1
257 259 3
257 261 4
257 289 2
257 265 2
257 321 2
257 385 1
257 273 3
258 259 1
258 262 5
258 266 4
258 322 5
258 290 1
258 386 5
258 274 5
259 263 3
259 291 3
259 323 1
259 267 4
259 387 3
259 275 5
260 261 3
260 262 3
260 324 5
260 388 1
260 268 1
260 276 3
260 292 3
261 325 3
261 263 1
261 389 3
261 269 1
261 277 4
261 293 3
262 294 1
262 263 2
262 270 1
262 326 1
262 278 5
262 390 4
263 327 5
263 391 3
263 295 5
263 271 3
263 279 4
264 328 1
264 392 2
264 265 5
264 266 4
264 268 5
264 296 2
264 280 3
265 393 1
265 267 5
265 269 1
265 297 5
265 281 5
265 329 5
266 267 2
266 270 4
266 282 1
266 330 2
266 298 4
266 394 2
267 271 1
267 299 2
267 331 2
267 283 4
267 395 2
268 300 4
268 269 5
268 270 4
268 332 3
268 396 2
268 284 4
269 271 1
269 301 5
269 333 4
269 397 1
269 285 2
270 271 3
270 334 4
270 302 4
270 398 2
270 286 4
271 335 4
271 399 1
271 303 5
271 287 5
272 304 4
272 273 4
272 274 3
272 276 5
272 336 3
272 280 1
272 400 2
273 305 1
273 337 2
273 275 4
273 277 2
273 401 4
273 281 1
274 338 3
274 306 2
274 402 3
274 275 4
274 278 5
274 282 5
275 307 5
275 339 2
275 403 3
275 279 4
275 283 1
276 340 4
276 404 5
276 277 3
276 278 1
276 308 5
276 284 3
277 341 3
277 405 1
277 279 1
277 285 4
277 309 4
278 342 4
278 310 1
278 279 2
278 286 4
278 406 4
279 343 1
279 407 5
279 311 3
279 287 1
280 344 4
280 408 1
280 312 4
280 281 1
280 282 1
280 284 1
281 409 2
281 313 5
281 283 2
281 285 1
281 345 5
282 410 1
282 283 5
282 346 3
282 314 5
282 286 3
283 315 2
283 347 3
283 411 2
283 287 4
284 316 4
284 348 3
284 412 3
284 285 2
284 286 3
285 317 2
285 349 1
285 413 3
285 287 4
286 414 5
286 350 3
286 318 3
286 287 3
287 319 1
287 351 2
287 415 4
288 290 1
288 292 2
288 289 5
288 296 1
288 304 5
288 352 2
288 416 4
289 291 4
289 293 2
289 297 1
289 353 1
289 305 3
289 417 5
290 291 5
290 294 1
290 298 3
290 354 3
290 418 3
290 306 4
291 295 5
291 307 2
291 299 4
291 419 1
291 355 3
292 293 2
292 294 1
292 356 2
292 420 4
292 300 5
292 308 3
293 295 1
293 421 2
293 357 3
293 301 5
293 309 3
294 295 5
294 302 4
294 422 2
294 310 4
294 358 3
295 303 3
295 359 4
295 311 3
295 423 2
296 360 5
296 424 1
296 297 2
296 298 4
296 300 4
296 312 5
297 425 4
297 299 4
297 301 5
297 313 4
297 361 4
298 299 4
298 302 4
298 362 5
298 314 4
298 426 1
299 363 5
299 303 2
299 315 1
299 427 4
300 301 5
300 302 4
300 364 3
300 428 4
300 316 5
301 303 1
301 365 1
301 429 4
301 317 2
302 303 1
302 366 4
302 430 4
302 318 4
303 367 5
303 431 2
303 319 3
304 305 5
304 306 5
304 432 2
304 308 5
304 368 4
304 312 1
305 369 3
305 307 4
305 309 3
305 433 2
305 313 3
306 370 2
306 434 3
306 307 2
306 310 3
306 314 3
307 371 5
307 435 3
307 311 3
307 315 1
308 372 5
308 436 4
308 309 5
308 310 4
308 316 5
309 373 1
309 437 3
309 311 3
309 317 4
310 438 3
310 311 3
310 374 3
310 318 1
311 375 3
311 439 4
311 319 2
312 376 2
312 440 2
312 313 5
312 314 4
312 316 5
313 441 5
313 315 1
313 317 1
313 377 2
314 378 5
314 315 5
314 318 5
314 442 2
315 379 4
315 443 2
315 319 3
316 380 4
316 444 5
316 317 2
316 318 1
317 381 1
317 445 5
317 319 5
318 382 4
318 446 2
318 319 5
319 383 1
319 447 3
320 322 3
320 324 4
320 321 4
320 328 4
320 336 5
320 352 1
320 448 2
321 323 5
321 325 1
321 329 4
321 353 3
321 337 1
321 449 2
322 323 1
322 326 2
322 330 5
322 354 3
322 450 1
322 338 5
323 327 2
323 339 5
323 331 1
323 451 4
323 355 1
324 325 4
324 326 1
324 356 2
324 332 4
324 340 1
324 452 1
325 327 4
325 357 4
325 333 3
325 453 3
325 341 4
326 327 5
326 454 4
326 334 5
326 342 4
326 358 1
327 335 3
327 359 4
327 343 5
327 455 2
328 360 1
328 456 1
328 329 4
328 330 5
328 332 1
328 344 4
329 457 1
329 331 1
329 333 1
329 345 5
329 361 4
330 458 4
330 331 1
330 334 5
330 362 4
330 346 2
331 363 2
331 335 1
331 347 2
331 459 3
332 460 2
332 333 4
332 334 2
332 364 5
332 348 3
333 335 2
333 365 1
333 461 4
333 349 3
334 335 5
334 366 3
334 462 4
334 350 2
335 367 5
335 463 2
335 351 2
336 464 4
336 337 1
336 338 5
336 340 1
336 368 3
336 344 5
337 369 5
337 465 1
337 339 4
337 341 1
337 345 2
338 370 5
338 466 1
338 339 4
338 342 5
338 346 2
339 371 4
339 467 1
339 343 3
339 347 3
340 372 1
340 468 5
340 341 4
340 342 4
340 348 5
341 373 4
341 469 1
341 343 2
341 349 5
342 470 2
342 343 5
342 374 5
342 350 2
343 375 1
343 471 2
343 351 3
344 376 1
344 472 1
344 345 5
344 346 4
344 348 1
345 473 1
345 347 1
345 349 5
345 377 5
346 474 3
346 378 2
346 347 1
346 350 5
347 379 4
347 475 5
347 351 2
348 476 3
348 380 4
348 349 2
348 350 4
349 381 1
349 477 3
349 351 1
350 382 5
350 478 3
350 351 1
351 383 3
351 479 4
352 354 1
352 356 1
352 353 5
352 360 2
352 368 1
352 480 4
353 355 3
353 357 2
353 361 4
353 369 4
353 481 4
354 355 2
354 358 1
354 362 5
354 482 2
354 370 1
355 359 5
355 363 5
355 483 5
355 371 5
356 357 5
356 358 1
356 364 2
356 484 1
356 372 2
357 359 1
357 485 2
357 365 4
357 373 1
358 359 4
358 486 1
358 366 2
358 374 1
359 487 2
359 367 4
359 375 4
360 488 4
360 361 5
360 362 5
360 364 4
360 376 2
361 489 5
361 363 2
361 365 1
361 377 1
362 490 3
362 363 2
362 366 5
362 378 1
363 367 4
363 379 5
363 491 4
364 365 4
364 366 1
364 380 2
364 492 4
365 493 5
365 367 5
365 381 2
366 367 4
366 494 1
366 382 4
367 495 1
367 383 1
368 369 5
368 370 1
368 372 3
368 496 4
368 376 2
369 497 1
369 371 5
369 373 4
369 377 2
370 498 2
370 371 3
370 374 1
370 378 1
371 499 5
371 375 4
371 379 2
372 500 1
372 373 2
372 374 5
372 380 5
373 501 3
373 375 5
373 381 3
374 502 1
374 375 3
374 382 3
375 503 4
375 383 4
376 504 5
376 377 5
376 378 5
376 380 2
377 505 2
377 381 1
377 379 2
378 506 1
378 379 4
378 382 5
379 507 5
379 383 3
380 508 4
380 381 2
380 382 3
381 509 4
381 383 3
382 510 1
382 383 3
383 511 4
384 386 3
384 388 1
384 385 4
384 392 4
384 400 2
384 416 1
384 448 2
385 387 4
385 389 2
385 393 5
385 401 3
385 449 2
385 417 4
386 387 5
386 390 5
386 394 3
386 418 2
386 450 2
386 402 3
387 391 3
387 395 2
387 403 5
387 419 3
387 451 4
388 389 2
388 390 5
388 420 3
388 396 5
388 404 4
388 452 3
389 391 5
389 421 3
389 453 3
389 397 3
389 405 2
390 391 5
390 454 1
390 398 2
390 422 5
390 406 3
391 399 4
391 407 4
391 423 5
391 455 4
392 424 2
392 456 5
392 393 4
392 394 5
392 396 5
392 408 2
393 457 5
393 425 5
393 395 3
393 397 1
393 409 1
394 458 5
394 395 4
394 398 5
394 410 2
394 426 5
395 399 1
395 411 3
395 427 4
395 459 5
396 460 1
396 397 4
396 398 1
396 428 2
396 412 1
397 399 1
397 429 3
397 461 4
397 413 1
398 399 4
398 430 1
398 462 2
398 414 5
399 431 4
399 463 1
399 415 5
400 464 1
400 401 5
400 402 1
400 432 4
400 404 4
400 408 4
401 465 3
401 403 5
401 405 5
401 433 5
401 409 1
402 434 5
402 466 3
402 403 3
402 406 1
402 410 2
403 435 4
403 467 5
403 407 1
403 411 1
404 436 4
404 468 1
404 405 4
404 406 2
404 412 3
405 437 5
405 469 1
405 407 5
405 413 5
406 438 3
406 470 1
406 407 2
406 414 4
407 439 5
407 471 3
407 415 5
408 440 4
408 472 1
408 409 2
408 410 5
408 412 2
409 441 1
409 473 3
409 411 3
409 413 4
410 474 4
410 411 5
410 414 3
410 442 4
411 443 2
411 475 3
411 415 3
412 476 4
412 444 2
412 413 2
412 414 2
413 477 1
413 445 2
413 415 1
414 446 2
414 478 3
414 415 3
415 447 2
415 479 4
416 418 2
416 420 3
416 417 1
416 424 2
416 432 5
416 480 5
417 419 4
417 421 3
417 425 1
417 433 5
417 481 3
418 419 3
418 422 1
418 426 2
418 482 2
418 434 3
419 423 5
419 427 2
419 435 5
419 483 1
420 421 5
420 422 1
420 428 3
420 484 5
420 436 3
421 423 5
421 485 2
421 429 1
421 437 4
422 423 2
422 486 4
422 430 2
422 438 5
423 487 1
423 431 2
423 439 1
424 488 1
424 425 2
424 426 2
424 428 5
424 440 5
425 489 3
425 427 2
425 429 5
425 441 2
426 490 3
426 427 5
426 430 4
426 442 2
427 431 4
427 443 4
427 491 1
428 429 5
428 430 4
428 444 4
428 492 4
429 493 5
429 431 4
429 445 4
430 431 2
430 494 1
430 446 4
431 495 2
431 447 4
432 434 3
432 433 3
432 436 1
432 496 1
432 440 1
433 497 1
433 435 5
433 437 2
433 441 2
434 498 4
434 435 4
434 438 5
434 442 4
435 499 2
435 439 4
435 443 5
436 500 5
436 437 5
436 438 3
436 444 2
437 501 2
437 439 4
437 445 3
438 502 1
438 439 4
438 446 4
439 503 5
439 447 2
440 504 5
440 441 3
440 442 1
440 444 4
441 505 3
441 445 2
441 443 1
442 506 3
442 446 5
442 443 5
443 507 2
443 447 5
444 508 5
444 445 3
444 446 2
445 509 5
445 447 1
446 510 4
446 447 2
447 511 5
448 450 5
448 452 4
448 449 4
448 456 1
448 464 2
448 480 3
449 451 5
449 453 1
449 457 1
449 465 3
449 481 5
450 451 1
450 454 4
450 458 4
450 482 1
450 466 3
451 455 1
451 459 4
451 467 5
451 483 2
452 453 1
452 454 3
452 460 2
452 484 1
452 468 5
453 455 1
453 485 1
453 461 3
453 469 3
454 455 4
454 486 3
454 462 2
454 470 5
455 487 2
455 463 5
455 471 3
456 488 4
456 457 1
456 458 3
456 460 2
456 472 5
457 489 5
457 459 2
457 461 1
457 473 2
458 490 5
458 459 2
458 462 4
458 474 4
459 463 4
459 475 3
459 491 4
460 461 4
460 462 3
460 476 3
460 492 1
461 493 5
461 463 2
461 477 3
462 463 2
462 494 1
462 478 2
463 495 1
463 479 5
464 466 2
464 465 4
464 468 5
464 496 4
464 472 3
465 497 1
465 467 2
465 469 3
465 473 4
466 498 4
466 467 5
466 470 4
466 474 4
467 499 1
467 471 2
467 475 5
468 500 2
468 469 3
468 470 3
468 476 3
469 501 5
469 471 2
469 477 4
470 502 1
470 471 4
470 478 5
471 503 3
471 479 2
472 504 4
472 473 5
472 474 3
472 476 2
473 505 3
473 475 2
473 477 2
474 506 4
474 478 2
474 475 1
475 507 1
475 479 1
476 508 1
476 477 4
476 478 4
477 509 5
477 479 3
478 510 2
478 479 1
479 511 3
480 482 1
480 484 5
480 481 5
480 488 5
480 496 2
481 483 3
481 485 3
481 489 3
481 497 4
482 483 4
482 486 4
482 490 4
482 498 5
483 487 5
483 491 4
483 499 2
484 486 5
484 492 2
484 500 3
484 485 5
485 487 4
485 493 1
485 501 2
486 487 4
486 494 2
486 502 5
487 495 3
487 503 1
488 489 1
488 490 1
488 492 4
488 504 1
489 491 3
489 493 2
489 505 3
490 491 5
490 494 3
490 506 2
491 495 2
491 507 1
492 493 1
492 494 2
492 508 3
493 495 3
493 509 2
494 495 4
494 510 3
495 511 3
496 497 5
496 498 5
496 504 5
496 500 2
497 499 1
497 501 1
497 505 5
498 499 4
498 502 5
498 506 4
499 503 1
499 507 4
500 501 3
500 502 1
500 508 1
501 503 2
501 509 3
502 503 2
502 510 5
503 511 5
504 505 3
504 506 2
504 508 2
505 507 3
505 509 5
506 100000 50
506 100001 50
506 100003 50
506 100004 50
506 507 4
506 510 1
507 100000 50
507 100004 50
507 511 5
508 509 4
508 510 5
509 511 1
510 100001 50
510 100002 50
510 100004 50
510 511 4
511 100002 50
511 100003 50
-2 2 50
-2 5 50
-5 1 50
-5 2 50
-5 5 50
-4 0 50
-4 1 50
-4 4 50
-3 0 50
-3 1 50
-3 4 50
-1 0 50
-1 1 50
-1 3 50
