0 8 3
0 1 3
0 2 3
0 4 1
0 16 1
1 9 4
1 3 5
1 5 4
1 17 1
2 10 3
2 3 2
2 18 2
2 6 5
3 19 5
3 11 1
3 7 5
4 20 1
4 12 3
4 5 3
4 6 1
5 21 5
5 13 3
5 7 4
6 22 2
6 14 5
6 7 5
7 23 1
7 15 4
8 9 2
8 10 2
8 12 3
8 24 2
9 11 5
9 13 1
9 25 2
10 11 4
10 26 4
10 14 5
11 27 4
11 15 3
12 28 1
12 13 4
12 14 1
13 29 4
13 15 4
14 30 1
14 15 2
15 31 3
16 17 2
16 18 2
16 20 2
16 24 3
17 19 3
17 21 3
17 25 3
18 19 5
18 26 2
18 22 2
19 27 4
19 23 2
20 28 3
20 21 2
20 22 5
21 29 2
21 23 5
22 30 5
22 23 3
23 31 1
24 26 4
24 28 1
24 25 4
25 27 1
25 29 1
26 100003 50
26 100004 50
26 27 5
26 30 5
27 100000 50
27 100002 50
27 100004 50
27 31 4
28 100001 50
28 100002 50
28 29 2
28 30 1
29 100000 50
29 100004 50
29 31 5
30 100000 50
30 100001 50
30 100003 50
30 31 1
31 100002 50
31 100003 50
-2 0 50
-2 1 50
-2 4 50
-5 2 50
-5 5 50
-4 0 50
-4 1 50
-4 2 50
-3 0 50
-3 1 50
-3 3 50
-1 1 50
-1 2 50
-1 3 50
