0 32 3
0 1 7
0 2 9
0 4 7
0 8 9
0 16 7
1 33 7
1 3 7
1 5 5
1 9 7
1 17 7
2 34 2
2 3 10
2 6 10
2 10 3
2 18 6
3 35 10
3 7 7
3 11 7
3 19 4
4 36 8
4 5 5
4 6 7
4 12 8
4 20 7
5 37 1
5 7 4
5 13 1
5 21 3
6 38 5
6 7 9
6 14 4
6 22 3
7 39 3
7 15 1
7 23 10
8 40 5
8 9 9
8 10 3
8 12 3
8 24 1
9 41 5
9 11 7
9 13 10
9 25 5
10 42 1
10 11 9
10 14 2
10 26 9
11 43 4
11 15 4
11 27 4
12 44 2
12 13 1
12 14 9
12 28 10
13 45 5
13 15 10
13 29 10
14 46 7
14 15 7
14 30 1
15 47 1
15 31 10
16 48 9
16 17 8
16 18 1
16 20 4
16 24 7
17 49 1
17 19 10
17 21 5
17 25 6
18 50 10
18 19 8
18 22 8
18 26 3
19 51 9
19 23 2
19 27 2
20 52 3
20 21 7
20 22 7
20 28 1
21 53 8
21 23 7
21 29 5
22 54 6
22 23 3
22 30 1
23 55 10
23 31 5
24 56 4
24 25 7
24 26 3
24 28 2
25 57 3
25 27 8
25 29 7
26 58 8
26 27 1
26 30 1
27 59 5
27 31 5
28 60 4
28 29 1
28 30 4
29 61 2
29 31 6
30 62 2
30 31 6
31 63 9
32 33 5
32 34 1
32 36 3
32 40 10
32 48 1
33 35 8
33 37 7
33 41 7
33 49 10
34 35 6
34 38 1
34 42 9
34 50 6
35 39 6
35 43 10
35 51 7
36 37 6
36 38 5
36 44 3
36 52 4
37 39 4
37 45 4
37 53 4
38 39 4
38 46 10
38 54 4
39 47 3
39 55 1
40 41 3
40 42 9
40 44 8
40 56 10
41 43 2
41 45 3
41 57 1
42 43 4
42 46 2
42 58 5
43 47 9
43 59 10
44 45 1
44 46 5
44 60 9
45 47 1
45 61 8
46 47 5
46 62 4
47 63 9
48 49 1
48 50 1
48 52 5
48 56 5
49 51 2
49 53 5
49 57 1
50 51 8
50 54 8
50 58 9
51 55 7
51 59 5
52 53 3
52 54 8
52 60 10
53 55 8
53 61 6
54 55 1
54 62 8
55 63 10
56 57 7
56 58 9
56 60 6
57 59 10
57 61 1
58 100000 100
58 100003 100
58 59 10
58 62 3
59 100000 100
59 100002 100
59 100003 100
59 100004 100
59 63 5
60 100000 100
60 100004 100
60 61 1
60 62 10
61 100001 100
61 100002 100
61 63 5
62 100001 100
62 63 2
63 100001 100
63 100004 100
-2 1 100
-2 2 100
-2 5 100
-5 2 100
-5 3 100
-5 5 100
-4 4 100
-4 5 100
-3 2 100
-3 3 100
-3 4 100
-1 0 100
-1 3 100
-1 5 100
