0 32 1
0 1 5
0 2 3
0 4 3
0 8 4
0 64 4
0 128 2
0 256 4
0 16 1
1 33 2
1 3 4
1 5 3
1 65 3
1 129 2
1 9 5
1 257 3
1 17 3
2 34 4
2 3 5
2 6 2
2 10 1
2 66 5
2 18 5
2 258 2
2 130 3
3 35 5
3 131 1
3 7 3
3 259 1
3 11 2
3 19 3
3 67 1
4 132 1
4 36 5
4 5 5
4 6 5
4 12 1
4 20 3
4 68 2
4 260 3
5 133 5
5 1 2
5 4 4
5 37 5
5 7 1
5 261 1
5 13 1
5 21 2
5 69 2
6 70 4
6 38 4
6 7 3
6 262 2
6 14 4
6 22 1
6 134 2
7 263 5
7 5 4
7 6 5
7 39 4
7 71 3
7 15 1
7 23 1
7 135 1
8 40 4
8 9 1
8 10 4
8 12 5
8 72 5
8 24 3
8 136 4
8 264 5
9 41 5
9 11 1
9 13 4
9 73 5
9 137 4
9 25 2
9 265 3
10 266 4
10 8 1
10 42 4
10 11 3
10 14 2
10 138 1
10 26 4
10 74 5
11 43 2
11 15 4
11 75 2
11 139 5
11 267 5
11 27 3
12 76 5
12 44 5
12 13 3
12 14 4
12 140 1
12 268 5
12 28 1
13 45 5
13 77 1
13 15 4
13 141 4
13 269 3
13 29 1
14 142 2
14 10 4
14 12 3
14 46 3
14 15 3
14 270 5
14 78 1
14 30 5
15 143 3
15 14 1
15 47 1
15 271 4
15 79 2
15 31 5
16 80 4
16 144 5
16 272 5
16 48 5
16 17 3
16 18 2
16 20 5
16 24 2
17 81 2
17 145 3
17 273 2
17 16 2
17 49 3
17 19 3
17 21 3
17 25 1
18 2 2
18 146 5
18 274 2
18 82 2
18 16 4
18 50 4
18 19 3
18 22 5
18 26 5
19 83 5
19 3 2
19 147 5
19 275 4
19 17 4
19 18 4
19 51 2
19 23 1
19 27 1
20 148 4
20 4 5
20 276 1
20 16 2
20 52 5
20 21 2
20 22 4
20 84 4
20 28 2
21 149 1
21 277 5
21 5 3
21 17 4
21 20 5
21 53 5
21 23 5
21 29 2
21 85 2
22 278 2
22 86 4
22 6 2
22 18 5
22 20 2
22 54 1
22 23 4
22 150 1
22 30 3
23 279 1
23 87 4
23 19 3
23 21 1
23 22 3
23 55 2
23 151 2
23 31 1
24 152 2
24 8 4
24 16 2
24 88 5
24 56 3
24 25 4
24 26 5
24 28 1
24 280 3
25 89 4
25 57 2
25 27 3
25 281 1
25 29 3
25 153 4
26 282 3
26 10 5
26 18 2
26 154 2
26 24 3
26 58 5
26 27 5
26 90 4
26 30 1
27 91 3
27 11 3
27 19 1
27 155 1
27 283 3
27 25 3
27 26 3
27 59 1
27 31 1
28 92 1
28 12 2
28 156 2
28 20 5
28 284 5
28 24 2
28 60 1
28 29 2
28 30 3
29 93 2
29 157 1
29 285 5
29 21 3
29 25 2
29 28 3
29 61 3
29 31 5
30 158 4
30 14 5
30 286 2
30 94 3
30 22 5
30 26 3
30 28 5
30 62 2
30 31 3
31 95 2
31 159 1
31 15 5
31 287 4
31 23 1
31 27 5
31 29 2
31 30 5
31 63 1
32 33 3
32 34 4
32 36 4
32 40 2
32 96 4
32 160 3
32 288 2
32 48 2
33 35 4
33 37 3
33 97 1
33 41 4
33 289 2
33 161 1
33 49 2
34 35 2
34 38 5
34 162 5
34 42 5
34 290 1
34 98 3
34 50 4
35 163 2
35 39 3
35 291 5
35 43 3
35 99 5
35 51 5
36 164 5
36 4 2
36 37 2
36 38 1
36 292 1
36 44 4
36 52 3
36 100 3
37 165 4
37 39 5
37 45 1
37 53 4
37 293 5
37 101 5
38 294 5
38 102 5
38 6 5
38 39 3
38 46 3
38 54 2
38 166 5
39 295 1
39 103 1
39 47 3
39 55 1
39 167 5
40 41 2
40 42 1
40 44 4
40 104 2
40 56 5
40 168 1
40 296 1
41 43 5
41 45 3
41 105 5
41 57 5
41 297 5
41 169 4
42 43 2
42 46 4
42 170 4
42 58 2
42 298 3
42 106 4
43 47 5
43 107 3
43 171 2
43 299 2
43 59 3
44 108 4
44 12 1
44 45 3
44 46 5
44 172 1
44 300 2
44 60 4
45 47 4
45 173 2
45 109 4
45 301 2
45 61 5
46 47 1
46 302 4
46 110 2
46 174 4
46 62 2
47 175 4
47 303 2
47 111 3
47 63 5
48 112 4
48 176 1
48 304 5
48 16 3
48 49 1
48 50 1
48 52 3
48 56 5
49 113 5
49 177 2
49 305 4
49 48 3
49 17 1
49 51 3
49 53 2
49 57 4
50 178 5
50 306 5
50 114 2
50 48 1
50 18 5
50 51 4
50 54 5
50 58 3
51 179 4
51 307 2
51 115 2
51 55 1
51 59 2
52 180 1
52 308 5
52 48 5
52 20 5
52 53 5
52 54 1
52 116 5
52 60 3
53 181 5
53 52 3
53 21 5
53 55 1
53 309 5
53 61 1
53 117 1
54 310 4
54 118 2
54 50 3
54 52 5
54 22 5
54 55 1
54 62 4
54 182 1
55 311 3
55 119 1
55 183 3
55 63 3
56 120 4
56 24 4
56 57 2
56 58 3
56 184 2
56 60 4
56 312 5
57 313 3
57 121 1
57 59 2
57 61 2
57 185 5
58 314 3
58 50 4
58 186 1
58 56 1
58 26 1
58 59 1
58 122 3
58 62 4
59 123 1
59 187 4
59 315 1
59 63 1
60 124 3
60 44 5
60 188 3
60 52 1
60 316 3
60 56 3
60 28 2
60 61 2
60 62 5
61 317 3
61 125 2
61 189 4
61 63 3
62 190 3
62 318 2
62 126 1
62 58 3
62 60 1
62 30 3
62 63 2
63 127 1
63 191 4
63 319 5
64 65 2
64 66 3
64 68 2
64 72 3
64 96 5
64 192 2
64 80 3
64 320 1
65 67 5
65 69 1
65 97 2
65 73 4
65 193 1
65 321 4
65 81 2
66 67 5
66 70 5
66 194 5
66 74 2
66 322 3
66 98 2
66 82 3
67 195 3
67 71 2
67 323 2
67 75 1
67 99 3
67 83 3
68 69 2
68 70 1
68 324 2
68 76 4
68 84 2
68 196 1
68 100 5
69 197 5
69 325 5
69 71 5
69 77 1
69 85 3
69 101 1
70 198 4
70 68 1
70 102 2
70 6 3
70 71 2
70 78 2
70 326 5
70 86 3
71 327 4
71 103 2
71 79 5
71 87 5
71 199 3
72 328 1
72 8 2
72 73 5
72 74 2
72 76 3
72 104 2
72 88 2
72 200 1
73 75 3
73 77 3
73 105 2
73 89 4
73 201 2
73 329 1
74 75 3
74 78 1
74 202 3
74 90 4
74 330 4
74 106 4
75 79 2
75 107 2
75 203 4
75 331 2
75 91 3
76 108 5
76 77 4
76 78 3
76 204 2
76 332 2
76 92 4
77 79 2
77 109 4
77 333 3
77 205 5
77 93 2
78 79 1
78 206 5
78 334 1
78 110 1
78 94 3
79 207 3
79 335 5
79 111 2
79 95 5
80 112 2
80 208 3
80 81 5
80 82 4
80 84 2
80 336 4
80 88 3
81 113 1
81 209 2
81 337 3
81 17 3
81 83 5
81 85 5
81 89 2
82 210 3
82 338 4
82 114 4
82 18 1
82 83 2
82 86 4
82 90 4
83 211 2
83 339 5
83 115 1
83 19 4
83 87 1
83 91 1
84 340 4
84 212 2
84 80 5
84 20 2
84 85 4
84 86 5
84 116 5
84 92 5
85 213 5
85 341 3
85 84 1
85 21 4
85 87 2
85 93 2
85 117 3
86 214 1
86 342 3
86 118 2
86 84 2
86 22 1
86 87 4
86 94 1
87 343 1
87 119 1
87 23 2
87 215 5
87 95 5
88 344 3
88 216 1
88 120 5
88 24 4
88 89 4
88 90 4
88 92 2
89 121 5
89 217 2
89 91 3
89 93 2
89 345 1
90 218 4
90 91 2
90 346 2
90 122 4
90 94 4
91 123 4
91 347 1
91 219 5
91 95 2
92 220 4
92 124 5
92 84 3
92 88 4
92 348 1
92 28 5
92 93 4
92 94 2
93 125 4
93 221 1
93 349 3
93 95 4
94 222 3
94 350 4
94 126 1
94 90 3
94 92 2
94 30 2
94 95 2
95 127 4
95 223 1
95 351 2
96 98 2
96 100 2
96 97 4
96 104 3
96 224 2
96 112 4
96 352 4
97 99 2
97 101 5
97 65 1
97 105 2
97 225 5
97 353 2
97 113 2
98 99 2
98 102 2
98 226 2
98 106 1
98 354 5
98 66 4
98 114 5
99 227 4
99 103 1
99 107 2
99 115 3
99 355 2
100 101 1
100 102 5
100 356 2
100 108 1
100 116 3
100 36 1
100 228 2
101 229 4
101 103 4
101 357 5
101 109 1
101 117 5
102 230 3
102 38 2
102 70 5
102 103 5
102 110 4
102 118 5
102 358 5
103 111 5
103 359 1
103 119 5
103 231 2
104 360 1
104 40 1
104 105 3
104 106 4
104 108 1
104 72 3
104 120 2
104 232 4
105 107 1
105 109 3
105 73 2
105 121 5
105 233 4
105 361 2
106 107 4
106 110 5
106 362 3
106 234 3
106 122 4
106 74 2
107 363 3
107 111 3
107 235 4
107 123 5
108 109 1
108 110 5
108 236 4
108 364 5
108 124 4
109 111 1
109 237 3
109 365 3
109 125 5
110 111 5
110 238 4
110 366 5
110 126 1
111 239 1
111 367 5
111 127 4
112 240 1
112 113 5
112 114 2
112 116 3
112 368 2
112 120 1
113 241 2
113 369 5
113 115 4
113 117 4
113 121 5
114 242 5
114 370 4
114 115 4
114 118 1
114 122 5
115 243 1
115 371 2
115 119 1
115 123 3
116 244 5
116 372 4
116 117 3
116 118 1
116 124 1
117 245 3
117 373 5
117 119 4
117 125 5
118 246 3
118 119 1
118 374 1
118 126 1
119 375 2
119 247 5
119 127 4
120 376 1
120 121 4
120 122 5
120 124 3
120 248 2
121 249 3
121 123 1
121 125 4
121 377 5
122 378 3
122 250 3
122 123 3
122 126 3
123 379 4
123 251 5
123 127 5
124 252 4
124 380 1
124 125 2
124 126 4
125 253 1
125 381 5
125 127 4
126 382 5
126 254 3
126 127 1
127 255 5
127 383 3
128 129 1
128 130 3
128 132 3
128 136 4
128 160 5
128 192 3
128 144 5
128 384 4
129 131 2
129 133 1
129 161 4
129 137 5
129 193 4
129 385 4
129 145 3
130 131 4
130 134 3
130 194 5
130 138 2
130 162 5
130 386 2
130 146 2
131 163 2
131 195 3
131 135 3
131 139 2
131 387 4
131 147 3
132 133 1
132 134 3
132 388 4
132 140 3
132 148 2
132 196 5
132 164 4
133 197 5
133 135 2
133 389 2
133 141 4
133 149 4
133 165 1
134 198 4
134 132 2
134 166 4
134 6 5
134 135 3
134 142 4
134 150 1
134 390 1
135 391 2
135 167 4
135 143 3
135 151 3
135 199 3
136 392 5
136 8 1
136 137 3
136 138 4
136 140 3
136 168 3
136 152 2
136 200 3
137 393 5
137 136 5
137 9 3
137 139 1
137 141 3
137 169 3
137 153 2
137 201 2
138 139 1
138 142 5
138 202 5
138 154 1
138 170 3
138 394 1
139 143 4
139 171 2
139 203 4
139 155 3
139 395 1
140 172 5
140 12 2
140 141 3
140 142 5
140 204 3
140 396 3
140 156 4
141 143 3
141 173 3
141 205 3
141 397 3
141 157 2
142 143 3
142 206 3
142 174 2
142 398 2
142 158 5
143 207 5
143 399 5
143 175 3
143 159 2
144 176 3
144 208 4
144 16 5
144 145 3
144 146 5
144 148 2
144 152 4
144 400 1
145 177 2
145 209 1
145 144 5
145 17 1
145 147 4
145 149 5
145 401 1
145 153 2
146 210 4
146 178 2
146 402 5
146 144 3
146 18 3
146 147 4
146 150 4
146 154 5
147 179 4
147 211 5
147 403 5
147 19 1
147 151 1
147 155 3
148 212 2
148 144 2
148 404 5
148 20 4
148 149 5
148 150 1
148 180 1
148 156 4
149 213 4
149 405 1
149 145 1
149 148 3
149 21 2
149 151 5
149 157 3
149 181 4
150 214 3
150 182 2
150 134 5
150 146 2
150 148 2
150 22 1
150 151 5
150 158 5
150 406 1
151 407 3
151 183 4
151 215 1
151 159 2
152 408 4
152 216 5
152 184 1
152 24 2
152 153 5
152 154 2
152 156 3
153 409 1
153 185 3
153 217 4
153 155 2
153 157 5
154 410 3
154 218 4
154 26 1
154 155 4
154 186 3
154 158 3
155 187 2
155 219 1
155 154 2
155 27 3
155 411 1
155 159 4
156 220 2
156 188 5
156 140 3
156 148 3
156 152 5
156 412 3
156 28 4
156 157 3
156 158 5
157 189 3
157 221 1
157 413 4
157 156 2
157 29 4
157 159 4
158 414 1
158 222 4
158 190 3
158 150 1
158 154 3
158 156 5
158 30 1
158 159 4
159 191 3
159 223 1
159 415 4
160 162 3
160 164 5
160 161 4
160 168 5
160 224 3
160 176 3
160 416 5
161 163 4
161 165 1
161 129 4
161 169 5
161 225 4
161 177 2
161 417 5
162 163 4
162 166 5
162 226 2
162 170 5
162 130 5
162 418 3
162 178 5
163 227 3
163 179 5
163 167 5
163 171 5
163 419 1
164 165 2
164 166 5
164 420 1
164 172 5
164 180 1
164 36 4
164 228 5
165 229 1
165 167 5
165 421 4
165 173 5
165 181 3
166 230 3
166 167 5
166 174 1
166 422 1
166 182 3
167 175 1
167 183 4
167 423 1
167 231 2
168 424 2
168 40 1
168 169 3
168 170 5
168 172 3
168 136 3
168 184 1
168 232 2
169 425 4
169 41 3
169 171 4
169 173 1
169 137 2
169 185 5
169 233 2
170 171 1
170 174 3
170 234 2
170 186 1
170 138 5
170 426 4
171 175 5
171 235 1
171 187 3
171 427 3
172 173 3
172 174 5
172 236 2
172 428 2
172 188 2
173 175 3
173 237 4
173 429 2
173 189 5
174 175 5
174 238 5
174 430 1
174 190 2
175 239 1
175 431 4
175 191 3
176 240 1
176 177 2
176 178 1
176 432 1
176 180 4
176 184 1
177 241 3
177 179 4
177 181 5
177 433 2
177 185 1
178 242 2
178 434 1
178 179 2
178 182 3
178 186 2
179 243 3
179 435 1
179 183 1
179 187 5
180 244 5
180 436 1
180 181 2
180 182 2
180 188 1
181 245 2
181 437 4
181 183 5
181 189 5
182 246 1
182 438 1
182 183 1
182 190 2
183 439 1
183 247 2
183 191 4
184 440 3
184 185 2
184 186 3
184 188 2
184 248 5
185 441 2
185 249 1
185 187 4
185 189 1
186 250 1
186 187 5
186 190 4
186 442 5
187 251 2
187 443 2
187 191 5
188 252 4
188 444 1
188 189 2
188 190 5
189 253 1
189 445 1
189 191 4
190 254 4
190 446 5
190 191 3
191 255 1
191 447 3
192 194 4
192 196 2
192 193 2
192 200 2
192 224 4
192 208 2
192 448 5
193 195 3
193 197 3
193 129 1
193 201 3
193 225 5
193 209 3
193 449 3
194 195 1
194 198 4
194 226 1
194 202 2
194 130 3
194 450 1
194 210 3
195 227 2
195 211 2
195 199 1
195 203 3
195 451 3
196 197 3
196 198 2
196 204 3
196 212 1
196 68 4
196 228 3
196 452 5
197 229 5
197 199 4
197 453 4
197 205 3
197 213 1
198 230 3
198 199 1
198 454 2
198 206 1
198 214 1
199 207 1
199 215 2
199 455 4
199 231 1
200 456 4
200 201 3
200 202 5
200 204 3
200 136 1
200 216 4
200 232 1
201 457 1
201 73 5
201 203 2
201 205 2
201 137 1
201 217 2
201 233 2
202 458 3
202 200 4
202 74 3
202 203 1
202 206 3
202 234 4
202 218 1
202 138 2
203 207 4
203 235 3
203 219 4
203 459 3
204 460 2
204 200 1
204 76 5
204 140 5
204 205 1
204 206 2
204 236 5
204 220 2
205 207 1
205 237 2
205 461 2
205 221 4
206 207 4
206 238 1
206 462 1
206 222 5
207 239 1
207 463 2
207 223 3
208 464 4
208 240 4
208 209 2
208 210 2
208 212 4
208 216 4
209 241 4
209 465 1
209 211 1
209 213 3
209 217 5
210 242 4
210 466 2
210 211 4
210 214 2
210 218 2
211 243 5
211 467 1
211 215 1
211 219 3
212 244 1
212 468 3
212 213 1
212 214 1
212 220 2
213 245 1
213 469 1
213 215 5
213 221 1
214 246 1
214 470 5
214 215 2
214 222 1
215 471 2
215 247 2
215 223 1
216 472 4
216 217 1
216 218 1
216 220 2
216 248 3
217 473 1
217 249 2
217 219 2
217 221 1
218 474 5
218 250 3
218 219 5
218 222 1
219 251 3
219 475 2
219 223 5
220 476 2
220 252 3
220 221 5
220 222 5
221 253 2
221 477 3
221 223 5
222 254 2
222 478 2
222 223 5
223 255 1
223 479 5
224 226 2
224 228 1
224 225 5
224 232 2
224 192 4
224 240 3
224 480 3
225 227 3
225 229 4
225 193 4
225 161 5
225 241 2
225 481 5
225 233 4
226 227 3
226 230 5
226 162 2
226 234 1
226 98 4
226 482 3
226 242 4
227 243 3
227 231 5
227 235 3
227 483 3
228 229 3
228 230 1
228 236 5
228 484 1
228 244 3
228 196 1
228 100 5
229 231 4
229 485 4
229 237 3
229 245 3
230 231 1
230 486 1
230 238 4
230 246 2
231 487 5
231 239 2
231 247 1
232 488 1
232 233 1
232 234 1
232 236 2
232 168 5
232 248 2
232 200 2
233 489 5
233 235 5
233 237 3
233 201 1
233 169 3
233 249 2
234 490 4
234 232 4
234 202 2
234 235 1
234 238 4
234 170 2
234 250 3
234 106 4
235 239 2
235 251 1
235 491 4
236 237 2
236 238 1
236 252 3
236 492 3
237 493 4
237 239 5
237 253 5
238 239 3
238 494 4
238 254 3
239 495 3
239 255 4
240 241 5
240 242 2
240 244 1
240 496 1
240 248 4
241 497 3
241 243 4
241 245 5
241 249 1
242 498 2
242 243 5
242 246 3
242 250 3
243 499 4
243 247 5
243 251 2
244 500 2
244 246 5
244 252 2
244 245 3
245 501 1
245 247 2
245 253 1
246 502 5
246 247 4
246 254 3
247 503 5
247 255 3
248 504 2
248 252 2
248 249 2
248 250 1
249 505 2
249 251 4
249 253 2
250 506 3
250 251 2
250 254 3
251 507 4
251 255 2
252 508 1
252 253 5
252 254 4
253 509 2
253 255 4
254 510 5
254 255 5
255 511 3
256 257 4
256 258 4
256 260 1
256 264 2
256 288 4
256 272 4
256 320 1
256 384 5
257 259 3
257 261 1
257 289 1
257 265 3
257 321 5
257 385 1
257 273 1
258 259 1
258 262 1
258 266 3
258 322 5
258 290 1
258 386 5
258 274 1
259 263 5
259 291 1
259 323 4
259 267 2
259 387 5
259 275 5
260 261 2
260 262 1
260 324 4
260 388 1
260 268 5
260 276 5
260 292 5
261 325 2
261 263 4
261 389 2
261 269 3
261 277 5
261 293 4
262 294 3
262 263 5
262 270 3
262 326 1
262 278 1
262 390 4
263 327 4
263 391 5
263 295 3
263 271 2
263 279 2
264 328 3
264 392 1
264 8 3
264 265 5
264 266 3
264 268 1
264 296 4
264 280 3
265 393 1
265 9 2
265 267 5
265 269 1
265 297 4
265 281 2
265 329 2
266 267 3
266 270 1
266 282 3
266 330 3
266 298 2
266 394 3
267 271 3
267 299 4
267 331 2
267 283 2
267 395 1
268 300 1
268 269 4
268 270 1
268 332 2
268 396 4
268 284 4
269 271 1
269 301 5
269 333 2
269 397 5
269 285 5
270 271 5
270 334 5
270 302 5
270 398 5
270 286 4
271 335 3
271 399 2
271 303 1
271 287 4
272 304 5
272 16 3
272 273 1
272 274 2
272 276 1
272 336 3
272 280 3
272 400 5
273 305 1
273 337 3
273 272 3
273 17 4
273 275 3
273 277 3
273 401 1
273 281 2
274 338 5
274 306 2
274 402 1
274 272 2
274 18 4
274 275 3
274 278 1
274 282 2
275 307 5
275 339 2
275 403 1
275 274 3
275 19 3
275 279 1
275 283 2
276 340 5
276 404 5
276 272 2
276 20 5
276 277 5
276 278 1
276 308 5
276 284 1
277 341 3
277 405 4
277 273 3
277 276 5
277 21 3
277 279 2
277 285 1
277 309 4
278 342 5
278 310 5
278 274 4
278 276 3
278 22 3
278 279 2
278 286 3
278 406 1
279 343 5
279 407 5
279 311 2
279 287 3
280 344 1
280 408 5
280 272 3
280 312 1
280 24 3
280 281 2
280 282 1
280 284 5
281 409 4
281 273 5
281 313 3
281 280 3
281 25 2
281 283 3
281 285 5
281 345 1
282 410 1
282 26 4
282 283 1
282 346 1
282 314 3
282 286 1
283 315 3
283 347 1
283 411 2
283 287 2
284 316 2
284 280 3
284 348 3
284 412 3
284 28 5
284 285 3
284 286 3
285 317 2
285 277 3
285 349 1
285 413 3
285 281 4
285 284 4
285 29 5
285 287 2
286 414 1
286 350 5
286 318 3
286 278 5
286 282 4
286 284 3
286 30 2
286 287 3
287 319 3
287 351 3
287 415 2
288 290 3
288 292 5
288 289 3
288 296 1
288 304 4
288 352 3
288 416 3
289 291 4
289 293 5
289 257 2
289 297 1
289 353 1
289 305 2
289 417 4
290 291 3
290 294 5
290 298 2
290 354 1
290 258 1
290 418 2
290 306 3
291 295 4
291 307 3
291 299 4
291 419 3
291 355 1
292 293 4
292 294 2
292 356 2
292 420 4
292 300 2
292 308 2
292 36 4
293 295 4
293 421 5
293 357 3
293 301 2
293 309 5
293 261 1
294 295 3
294 302 1
294 422 2
294 310 2
294 358 1
295 303 1
295 359 5
295 311 1
295 423 2
296 360 5
296 424 4
296 297 4
296 298 1
296 300 3
296 264 2
296 312 1
297 425 5
297 299 2
297 301 1
297 265 3
297 313 2
297 361 5
298 299 4
298 302 1
298 362 1
298 314 5
298 266 2
298 426 3
299 363 4
299 303 5
299 315 5
299 427 3
300 301 4
300 302 5
300 364 3
300 428 1
300 316 1
301 303 4
301 365 2
301 429 1
301 317 1
302 303 4
302 366 5
302 430 3
302 318 3
303 367 5
303 431 3
303 319 1
304 305 2
304 306 3
304 432 3
304 308 5
304 368 4
304 312 5
305 369 4
305 307 5
305 309 2
305 433 2
305 313 1
306 370 4
306 434 1
306 307 5
306 310 3
306 314 5
307 371 5
307 435 1
307 311 5
307 315 2
308 372 5
308 436 3
308 276 4
308 309 1
308 310 2
308 52 2
308 316 1
309 373 5
309 437 5
309 311 3
309 317 3
310 438 5
310 311 5
310 374 3
310 318 3
311 375 4
311 439 5
311 319 4
312 376 5
312 440 5
312 280 3
312 56 4
312 313 3
312 314 1
312 316 1
313 441 3
313 315 1
313 317 5
313 377 5
314 378 1
314 315 1
314 318 5
314 442 3
315 379 4
315 443 5
315 319 3
316 380 5
316 444 4
316 317 1
316 318 5
317 381 2
317 445 4
317 319 5
318 382 4
318 446 5
318 319 1
319 383 2
319 447 4
320 322 4
320 324 2
320 321 1
320 328 3
320 336 2
320 352 1
320 448 3
321 323 2
321 325 2
321 257 4
321 329 4
321 353 3
321 337 2
321 449 1
322 323 3
322 326 5
322 330 2
322 354 3
322 258 3
322 450 3
322 338 4
323 327 4
323 339 1
323 331 5
323 451 1
323 67 2
323 355 5
324 325 1
324 326 1
324 356 5
324 332 2
324 340 1
324 68 3
324 452 1
325 327 5
325 357 4
325 333 4
325 453 2
325 341 5
326 327 3
326 454 3
326 334 2
326 342 4
326 358 1
327 335 2
327 359 1
327 343 4
327 455 5
328 360 4
328 456 1
328 329 1
328 330 2
328 332 3
328 264 3
328 344 2
329 457 2
329 331 2
329 333 3
329 345 3
329 361 1
330 458 4
330 331 4
330 334 1
330 362 2
330 346 3
331 363 2
331 335 1
331 347 4
331 459 5
332 460 2
332 268 4
332 333 5
332 334 5
332 364 2
332 348 2
333 335 2
333 365 3
333 461 3
333 349 4
334 335 5
334 366 1
334 462 4
334 350 1
335 367 2
335 463 3
335 351 4
336 464 4
336 337 4
336 338 3
336 340 3
336 368 4
336 344 2
337 369 3
337 465 5
337 339 2
337 341 1
337 345 3
338 370 4
338 466 2
338 339 3
338 342 4
338 346 2
339 371 1
339 467 4
339 343 1
339 347 5
340 372 2
340 468 2
340 341 3
340 342 4
340 348 3
341 373 3
341 469 4
341 343 5
341 349 3
342 470 2
342 343 3
342 374 4
342 350 3
343 375 1
343 471 2
343 351 5
344 376 2
344 472 4
344 345 1
344 346 1
344 348 2
345 473 4
345 347 1
345 349 5
345 377 5
346 474 4
346 378 1
346 347 4
346 350 5
347 379 2
347 475 2
347 351 2
348 476 5
348 380 4
348 349 2
348 350 3
349 381 4
349 477 3
349 351 2
350 382 2
350 478 2
350 351 3
351 383 4
351 479 3
352 354 3
352 356 1
352 353 4
352 360 4
352 320 3
352 368 3
352 480 4
353 355 5
353 357 3
353 321 3
353 361 5
353 289 2
353 369 5
353 481 2
354 355 5
354 358 2
354 362 4
354 290 2
354 322 3
354 482 1
354 370 5
355 359 5
355 363 3
355 483 4
355 371 5
356 357 2
356 358 1
356 364 5
356 484 4
356 372 2
356 292 4
357 359 2
357 485 1
357 365 4
357 373 1
358 359 1
358 486 2
358 366 5
358 374 2
359 487 1
359 367 1
359 375 1
360 488 3
360 361 3
360 362 5
360 364 4
360 376 2
361 489 1
361 363 4
361 365 4
361 377 4
362 490 4
362 363 3
362 366 4
362 378 4
363 367 2
363 379 2
363 491 5
364 365 1
364 366 4
364 380 3
364 492 1
365 493 4
365 367 5
365 381 5
366 367 3
366 494 2
366 382 3
367 495 3
367 383 5
368 369 2
368 370 4
368 372 3
368 496 5
368 376 5
369 497 1
369 371 3
369 373 2
369 377 5
370 498 5
370 371 4
370 374 2
370 378 2
371 499 5
371 375 3
371 379 1
372 500 3
372 373 2
372 374 3
372 380 5
373 501 1
373 375 3
373 381 3
374 502 1
374 375 3
374 382 4
375 503 4
375 383 3
376 504 4
376 377 3
376 378 5
376 380 5
377 505 2
377 381 1
377 379 5
378 506 3
378 379 3
378 382 3
379 507 1
379 383 1
380 508 3
380 381 4
380 382 1
381 509 2
381 383 4
382 510 4
382 383 2
383 511 5
384 386 4
384 388 5
384 385 4
384 392 3
384 400 4
384 416 2
384 448 4
385 387 2
385 389 3
385 257 1
385 393 2
385 401 1
385 449 4
385 417 4
386 387 4
386 390 5
386 394 1
386 258 5
386 418 1
386 450 4
386 402 1
387 391 1
387 395 2
387 403 4
387 419 5
387 451 5
388 389 2
388 390 5
388 420 5
388 396 1
388 404 3
388 132 2
388 452 1
389 391 1
389 421 2
389 453 2
389 397 4
389 405 5
390 391 2
390 454 5
390 398 5
390 422 1
390 406 5
391 399 5
391 407 3
391 423 3
391 455 4
392 424 1
392 456 5
392 393 5
392 394 3
392 396 5
392 264 3
392 408 3
393 457 3
393 425 1
393 395 5
393 397 2
393 409 3
394 458 4
394 395 1
394 398 1
394 410 3
394 266 2
394 426 5
395 399 5
395 411 3
395 427 5
395 459 3
396 460 3
396 388 4
396 392 2
396 140 3
396 268 5
396 397 5
396 398 3
396 428 4
396 412 3
397 399 5
397 429 3
397 461 4
397 413 5
398 399 4
398 430 2
398 462 2
398 414 2
399 431 4
399 463 5
399 415 2
400 464 4
400 401 1
400 402 3
400 432 2
400 404 5
400 408 2
401 465 5
401 403 3
401 405 3
401 433 2
401 409 2
402 434 5
402 466 2
402 403 5
402 406 3
402 410 2
403 435 2
403 467 4
403 407 5
403 411 5
404 436 3
404 468 5
404 405 2
404 406 1
404 148 3
404 412 4
405 437 2
405 469 4
405 407 4
405 413 3
406 438 2
406 470 1
406 407 4
406 414 2
407 439 5
407 471 5
407 415 2
408 440 4
408 472 2
408 409 1
408 410 2
408 412 5
409 441 2
409 473 2
409 411 4
409 413 5
410 474 4
410 411 5
410 414 1
410 442 1
411 443 3
411 475 5
411 415 1
412 476 4
412 444 2
412 413 5
412 414 1
413 477 3
413 445 1
413 415 5
414 446 5
414 478 3
414 415 2
415 447 3
415 479 5
416 418 2
416 420 3
416 417 5
416 424 5
416 432 4
416 384 4
416 480 3
417 419 4
417 421 5
417 161 5
417 425 2
417 289 2
417 433 1
417 481 5
418 419 4
418 422 1
418 426 1
418 290 1
418 386 5
418 482 2
418 434 2
419 423 1
419 427 5
419 435 3
419 483 2
420 421 5
420 422 2
420 428 5
420 484 2
420 436 2
420 388 2
421 423 1
421 485 3
421 429 1
421 437 1
422 423 2
422 486 4
422 430 1
422 438 1
423 487 3
423 431 2
423 439 5
424 488 2
424 425 4
424 426 2
424 428 3
424 440 2
425 489 1
425 427 3
425 429 4
425 441 3
426 490 4
426 427 3
426 430 4
426 442 4
427 431 4
427 443 5
427 491 4
428 429 4
428 430 5
428 444 3
428 492 5
429 493 4
429 431 1
429 445 1
430 431 4
430 494 1
430 446 4
431 495 5
431 447 4
432 434 4
432 433 5
432 436 3
432 496 3
432 440 1
433 497 2
433 435 4
433 437 5
433 441 5
434 498 2
434 435 1
434 438 2
434 442 3
435 499 1
435 439 5
435 443 2
436 500 1
436 437 2
436 438 2
436 444 5
437 501 3
437 439 1
437 445 1
438 502 4
438 439 1
438 446 1
439 503 5
439 447 3
440 504 2
440 441 5
440 442 4
440 444 4
441 505 3
441 445 5
441 443 1
442 506 1
442 446 5
442 443 3
443 507 1
443 447 2
444 508 2
444 445 2
444 446 5
445 509 5
445 447 2
446 510 2
446 447 2
447 511 1
448 450 3
448 452 3
448 449 2
448 456 3
448 464 4
448 384 2
448 480 3
449 451 4
449 453 2
449 193 5
449 457 2
449 321 1
449 465 1
449 481 4
450 451 5
450 454 4
450 458 2
450 322 3
450 386 3
450 482 5
450 466 3
451 455 3
451 459 2
451 467 5
451 483 2
452 453 2
452 454 1
452 460 2
452 484 2
452 468 3
452 196 2
452 388 3
453 455 3
453 485 3
453 461 2
453 469 5
454 455 5
454 486 5
454 462 2
454 470 4
455 487 5
455 463 4
455 471 1
456 488 1
456 457 3
456 458 1
456 460 5
456 472 4
457 489 1
457 459 4
457 461 2
457 473 3
458 490 5
458 459 3
458 462 1
458 474 3
459 463 4
459 475 5
459 491 4
460 461 3
460 462 2
460 476 1
460 492 4
461 493 5
461 463 1
461 477 4
462 463 5
462 494 3
462 478 4
463 495 2
463 479 5
464 466 4
464 465 3
464 468 2
464 496 5
464 472 3
465 497 4
465 467 3
465 469 2
465 473 1
466 498 3
466 467 1
466 470 3
466 474 4
467 499 1
467 471 4
467 475 5
468 500 5
468 469 5
468 470 1
468 476 2
469 501 1
469 471 2
469 477 3
470 502 2
470 471 3
470 478 2
471 503 4
471 479 2
472 504 4
472 473 2
472 474 1
472 476 1
473 505 5
473 475 4
473 477 4
474 506 1
474 478 5
474 475 2
475 507 1
475 479 3
476 508 4
476 477 5
476 478 5
477 509 3
477 479 4
478 510 1
478 479 2
479 511 1
480 482 2
480 484 5
480 481 1
480 488 1
480 496 4
480 416 5
480 448 5
481 483 5
481 485 4
481 449 1
481 489 5
481 353 1
481 417 5
481 497 3
482 483 4
482 486 5
482 490 2
482 354 3
482 226 3
482 418 4
482 498 3
483 487 4
483 491 4
483 499 3
484 486 1
484 492 5
484 452 2
484 500 2
484 420 2
484 485 3
485 487 5
485 493 1
485 501 2
486 487 1
486 494 5
486 502 4
487 495 5
487 503 3
488 489 3
488 490 1
488 492 4
488 504 4
489 491 4
489 493 4
489 505 3
490 491 2
490 494 2
490 506 2
491 495 5
491 507 2
492 493 5
492 494 4
492 508 2
493 495 1
493 509 2
494 495 1
494 510 4
495 511 2
496 497 2
496 498 5
496 504 2
496 500 5
497 499 4
497 501 5
497 505 2
498 499 4
498 502 2
498 506 4
499 503 2
499 507 2
500 501 2
500 502 1
500 508 3
501 503 4
501 509 4
502 503 4
502 510 4
503 511 3
504 505 4
504 506 2
504 508 2
505 507 2
505 509 5
506 100001 50
506 507 4
506 510 3
507 100000 50
507 100001 50
507 100004 50
507 511 5
508 100001 50
508 100002 50
508 100003 50
508 509 1
508 510 1
509 100002 50
509 100003 50
509 100004 50
509 511 3
510 100000 50
510 511 1
511 100002 50
511 100004 50
511 100003 50
-2 1 50
-2 3 50
-2 5 50
-5 2 50
-5 5 50
-4 2 50
-4 3 50
-3 2 50
-3 4 50
-3 5 50
-1 1 50
-1 2 50
-1 5 50
