0 32 1
0 1 1
0 2 1
0 4 4
0 8 5
0 64 4
0 16 5
1 33 5
1 3 4
1 5 3
1 65 4
1 9 2
1 17 3
2 34 5
2 3 4
2 6 3
2 10 3
2 66 3
2 18 4
3 35 1
3 7 3
3 11 4
3 19 4
3 67 2
4 36 3
4 5 3
4 6 3
4 12 5
4 20 5
4 68 4
5 37 4
5 7 2
5 13 3
5 21 4
5 69 1
6 70 5
6 38 4
6 7 3
6 14 5
6 22 2
7 39 5
7 71 2
7 15 3
7 23 4
8 40 3
8 9 3
8 10 2
8 12 4
8 72 4
8 24 5
9 41 5
9 11 2
9 13 2
9 73 2
9 25 5
10 42 5
10 11 5
10 14 5
10 26 5
10 74 3
11 43 3
11 15 1
11 75 5
11 27 5
12 76 5
12 44 3
12 13 3
12 14 3
12 28 4
13 45 5
13 77 5
13 15 3
13 29 4
14 46 5
14 15 3
14 78 1
14 30 3
15 47 3
15 79 5
15 31 4
16 80 4
16 48 4
16 17 4
16 18 3
16 20 1
16 24 2
17 81 5
17 49 3
17 19 5
17 21 5
17 25 2
18 82 3
18 50 5
18 19 5
18 22 1
18 26 4
19 83 3
19 51 4
19 23 5
19 27 2
20 52 3
20 21 4
20 22 2
20 84 5
20 28 3
21 53 4
21 23 5
21 29 3
21 85 5
22 86 5
22 54 4
22 23 5
22 30 1
23 87 3
23 55 3
23 31 5
24 88 5
24 56 2
24 25 5
24 26 2
24 28 4
25 89 2
25 57 1
25 27 3
25 29 1
26 58 2
26 27 2
26 90 2
26 30 2
27 91 1
27 59 1
27 31 1
28 92 2
28 60 5
28 29 3
28 30 5
29 93 2
29 61 4
29 31 3
30 94 4
30 62 2
30 31 1
31 95 2
31 63 5
32 33 1
32 34 3
32 36 3
32 40 4
32 96 3
32 48 1
33 35 2
33 37 5
33 97 3
33 41 1
33 49 4
34 35 2
34 38 3
34 42 5
34 98 2
34 50 3
35 39 2
35 43 2
35 99 2
35 51 1
36 37 4
36 38 2
36 44 3
36 52 4
36 100 3
37 39 2
37 45 4
37 53 3
37 101 3
38 102 3
38 39 1
38 46 3
38 54 1
39 103 4
39 47 3
39 55 3
40 41 3
40 42 1
40 44 4
40 104 5
40 56 1
41 43 3
41 45 2
41 105 2
41 57 5
42 43 3
42 46 4
42 58 4
42 106 2
43 47 3
43 107 5
43 59 3
44 108 3
44 45 5
44 46 5
44 60 1
45 47 1
45 109 1
45 61 1
46 47 4
46 110 2
46 62 2
47 111 3
47 63 4
48 112 4
48 49 3
48 50 5
48 52 3
48 56 5
49 113 1
49 51 1
49 53 4
49 57 5
50 114 3
50 51 4
50 54 2
50 58 2
51 115 2
51 55 4
51 59 5
52 53 5
52 54 3
52 116 3
52 60 4
53 55 3
53 61 5
53 117 1
54 118 4
54 55 2
54 62 1
55 119 3
55 63 4
56 120 4
56 57 5
56 58 3
56 60 5
57 121 5
57 59 1
57 61 5
58 59 4
58 122 1
58 62 4
59 123 3
59 63 3
60 124 5
60 61 5
60 62 2
61 125 1
61 63 1
62 126 5
62 63 4
63 127 4
64 65 4
64 66 1
64 68 3
64 72 4
64 96 2
64 80 4
65 67 2
65 69 2
65 97 3
65 73 3
65 81 5
66 67 5
66 70 5
66 74 1
66 98 5
66 82 3
67 71 5
67 75 3
67 99 2
67 83 4
68 69 3
68 70 3
68 76 3
68 84 5
68 100 1
69 71 3
69 77 3
69 85 3
69 101 1
70 102 2
70 71 3
70 78 3
70 86 5
71 103 3
71 79 3
71 87 4
72 73 2
72 74 2
72 76 5
72 104 5
72 88 1
73 75 4
73 77 3
73 105 1
73 89 5
74 75 2
74 78 1
74 90 4
74 106 4
75 79 4
75 107 2
75 91 4
76 108 2
76 77 4
76 78 1
76 92 2
77 79 5
77 109 2
77 93 2
78 79 3
78 110 4
78 94 1
79 111 3
79 95 3
80 112 3
80 81 1
80 82 3
80 84 3
80 88 5
81 113 5
81 83 3
81 85 2
81 89 4
82 114 4
82 83 1
82 86 2
82 90 5
83 115 2
83 87 4
83 91 4
84 85 3
84 86 1
84 116 5
84 92 3
85 87 3
85 93 5
85 117 2
86 118 2
86 87 1
86 94 4
87 119 1
87 95 5
88 120 3
88 89 1
88 90 4
88 92 5
89 121 1
89 91 1
89 93 2
90 91 5
90 122 4
90 94 3
91 123 3
91 95 3
92 124 2
92 93 1
92 94 1
93 125 3
93 95 1
94 126 4
94 95 1
95 127 2
96 98 4
96 100 1
96 97 3
96 104 3
96 112 4
97 99 4
97 101 5
97 105 4
97 113 1
98 99 1
98 102 4
98 106 3
98 114 3
99 103 4
99 107 1
99 115 3
100 101 1
100 102 1
100 108 3
100 116 5
101 103 4
101 109 4
101 117 4
102 103 4
102 110 3
102 118 3
103 111 3
103 119 1
104 105 5
104 106 4
104 108 1
104 120 4
105 107 3
105 109 5
105 121 4
106 107 2
106 110 1
106 122 1
107 111 1
107 123 3
108 109 1
108 110 5
108 124 1
109 111 2
109 125 3
110 111 2
110 126 4
111 127 3
112 113 1
112 114 1
112 116 2
112 120 3
113 115 1
113 117 2
113 121 4
114 115 1
114 118 5
114 122 5
115 119 4
115 123 3
116 117 1
116 118 1
116 124 2
117 119 3
117 125 2
118 119 4
118 126 3
119 127 3
120 121 4
120 122 3
120 124 5
121 123 3
121 125 5
122 100002 50
122 100003 50
122 123 1
122 126 4
123 100000 50
123 100004 50
123 127 5
124 100000 50
124 100001 50
124 100003 50
124 125 4
124 126 4
125 100001 50
125 100002 50
125 100004 50
125 127 5
126 100001 50
126 127 5
127 100000 50
127 100002 50
-2 1 50
-2 2 50
-2 5 50
-5 1 50
-5 2 50
-5 3 50
-4 1 50
-4 2 50
-4 3 50
-3 0 50
-3 3 50
-3 5 50
-1 0 50
-1 4 50
-1 5 50
