0 32 1
0 1 1
0 2 1
0 4 4
0 8 1
0 16 5
1 33 1
1 3 3
1 5 4
1 9 1
1 17 2
2 34 3
2 3 3
2 6 3
2 10 3
2 18 1
3 35 5
3 7 2
3 11 3
3 19 5
4 36 4
4 5 1
4 6 5
4 12 1
4 20 1
5 37 2
5 7 1
5 13 2
5 21 1
6 38 1
6 7 3
6 14 2
6 22 4
7 39 4
7 15 2
7 23 5
8 40 5
8 9 2
8 10 2
8 12 4
8 24 2
9 41 2
9 11 5
9 13 4
9 25 4
10 42 3
10 11 3
10 14 4
10 26 2
11 43 2
11 15 3
11 27 3
12 44 1
12 13 1
12 14 3
12 28 1
13 45 1
13 15 3
13 29 4
14 46 4
14 15 5
14 30 2
15 47 3
15 31 1
16 48 4
16 17 3
16 18 5
16 20 4
16 24 2
17 49 1
17 19 5
17 21 3
17 25 3
18 50 4
18 19 3
18 22 2
18 26 5
19 51 4
19 23 1
19 27 2
20 52 2
20 21 3
20 22 4
20 28 3
21 53 4
21 23 3
21 29 2
22 54 4
22 23 3
22 30 2
23 55 3
23 31 4
24 56 5
24 25 4
24 26 3
24 28 3
25 57 2
25 27 5
25 29 1
26 58 2
26 27 4
26 30 2
27 59 5
27 31 2
28 60 2
28 29 3
28 30 3
29 61 4
29 31 3
30 62 2
30 31 3
31 63 2
32 33 4
32 34 4
32 36 2
32 40 4
32 48 1
33 35 4
33 37 4
33 41 2
33 49 3
34 35 3
34 38 1
34 42 2
34 50 3
35 39 4
35 43 4
35 51 4
36 37 4
36 38 5
36 44 5
36 52 1
37 39 4
37 45 4
37 53 4
38 39 1
38 46 1
38 54 5
39 47 4
39 55 1
40 41 4
40 42 3
40 44 4
40 56 4
41 43 1
41 45 4
41 57 2
42 43 3
42 46 4
42 58 2
43 47 4
43 59 2
44 45 3
44 46 4
44 60 4
45 47 1
45 61 2
46 47 4
46 62 3
47 63 3
48 49 4
48 50 5
48 52 4
48 56 5
49 51 3
49 53 3
49 57 2
50 51 5
50 54 4
50 58 4
51 55 1
51 59 1
52 53 3
52 54 2
52 60 3
53 55 5
53 61 1
54 55 1
54 62 1
55 63 3
56 57 2
56 58 3
56 60 4
57 59 4
57 61 4
58 100000 50
58 100001 50
58 100002 50
58 100003 50
58 100004 50
58 59 2
58 62 4
59 63 1
60 100000 50
60 100001 50
60 61 5
60 62 5
61 100002 50
61 100003 50
61 100004 50
61 63 5
62 100002 50
62 100004 50
62 63 5
63 100001 50
-2 2 50
-2 3 50
-2 4 50
-5 5 50
-4 2 50
-4 4 50
-4 5 50
-3 3 50
-3 4 50
-1 0 50
