0 8 5
0 1 3
0 2 1
0 4 5
1 9 4
1 3 3
1 5 1
2 10 4
2 3 4
2 6 4
3 11 2
3 7 5
4 12 3
4 5 3
4 6 4
5 13 1
5 7 1
6 14 2
6 7 5
7 15 2
8 9 1
8 10 3
8 12 3
9 11 2
9 13 5
10 100000 50
10 100001 50
10 100003 50
10 11 1
10 100002 50
10 14 5
11 100002 50
11 100004 50
11 15 2
12 100000 50
12 13 1
12 14 4
13 100002 50
13 100004 50
13 15 3
14 100000 50
14 100001 50
14 100003 50
14 100004 50
14 15 2
15 100003 50
-1 0 50
-1 3 50
-1 4 50
-5 2 50
-5 3 50
-5 5 50
-4 0 50
-4 2 50
-4 3 50
-3 0 50
-3 2 50
-3 3 50
-2 0 50
-2 2 50
-2 5 50
