0 32 7
0 1 3
0 2 4
0 4 2
0 8 10
0 16 10
1 33 6
1 3 9
1 5 6
1 9 6
1 17 7
2 34 8
2 3 6
2 6 9
2 10 1
2 18 10
3 35 7
3 7 7
3 11 2
3 19 8
4 36 8
4 5 4
4 6 4
4 12 5
4 20 7
5 37 8
5 7 1
5 13 1
5 21 7
6 38 2
6 7 1
6 14 9
6 22 4
7 39 1
7 15 4
7 23 4
8 40 1
8 9 5
8 10 5
8 12 5
8 24 5
9 41 3
9 11 5
9 13 1
9 25 10
10 42 8
10 11 9
10 14 4
10 26 5
11 43 8
11 15 6
11 27 10
12 44 10
12 13 9
12 14 6
12 28 3
13 45 5
13 15 4
13 29 2
14 46 4
14 15 4
14 30 1
15 47 8
15 31 4
16 48 10
16 17 2
16 18 4
16 20 10
16 24 3
17 49 4
17 19 4
17 21 5
17 25 10
18 50 4
18 19 10
18 22 5
18 26 6
19 51 5
19 23 4
19 27 9
20 52 10
20 21 7
20 22 10
20 28 5
21 53 3
21 23 3
21 29 9
22 54 5
22 23 8
22 30 1
23 55 6
23 31 1
24 56 5
24 25 2
24 26 6
24 28 9
25 57 7
25 27 6
25 29 6
26 58 9
26 27 5
26 30 2
27 59 2
27 31 2
28 60 10
28 29 9
28 30 7
29 61 1
29 31 6
30 62 7
30 31 2
31 63 7
32 33 4
32 34 5
32 36 9
32 40 1
32 48 3
33 35 8
33 37 9
33 41 1
33 49 2
34 35 9
34 38 1
34 42 9
34 50 5
35 39 5
35 43 5
35 51 4
36 37 10
36 38 2
36 44 6
36 52 2
37 39 1
37 45 5
37 53 4
38 39 3
38 46 6
38 54 1
39 47 1
39 55 1
40 41 3
40 42 6
40 44 7
40 56 9
41 43 5
41 45 1
41 57 10
42 43 6
42 46 6
42 58 10
43 47 5
43 59 4
44 45 6
44 46 3
44 60 6
45 47 9
45 61 1
46 47 2
46 62 9
47 63 5
48 49 5
48 50 8
48 52 9
48 56 1
49 51 7
49 53 9
49 57 7
50 51 6
50 54 6
50 58 1
51 55 9
51 59 10
52 53 9
52 54 1
52 60 10
53 55 10
53 61 7
54 55 2
54 62 4
55 63 2
56 57 3
56 58 1
56 60 7
57 59 5
57 61 9
58 100000 100
58 100001 100
58 100003 100
58 59 6
58 62 6
59 100001 100
59 100002 100
59 63 6
60 100000 100
60 100003 100
60 61 1
60 62 9
61 100001 100
61 100004 100
61 63 1
62 100002 100
62 100003 100
62 63 6
63 100000 100
-2 0 100
-2 1 100
-5 2 100
-5 3 100
-4 0 100
-4 3 100
-4 5 100
-3 0 100
-3 3 100
-3 5 100
-1 0 100
-1 1 100
-1 5 100
