0 32 2
0 1 5
0 2 1
0 4 2
0 8 2
0 64 3
0 128 3
0 16 2
1 33 3
1 3 5
1 5 3
1 65 5
1 129 1
1 9 1
1 17 3
2 34 1
2 3 2
2 6 5
2 10 1
2 66 2
2 18 5
2 130 3
3 35 2
3 131 2
3 7 3
3 11 5
3 19 2
3 67 5
4 132 1
4 36 4
4 5 4
4 6 4
4 12 1
4 20 5
4 68 3
5 133 1
5 37 4
5 7 5
5 13 1
5 21 4
5 69 5
6 70 2
6 38 4
6 7 3
6 14 3
6 22 1
6 134 5
7 39 4
7 71 2
7 15 3
7 23 4
7 135 5
8 40 4
8 9 2
8 10 4
8 12 5
8 72 4
8 24 2
8 136 1
9 41 2
9 11 4
9 13 2
9 73 4
9 137 3
9 25 5
10 42 4
10 11 3
10 14 4
10 138 5
10 26 4
10 74 3
11 43 2
11 15 5
11 75 4
11 139 5
11 27 4
12 76 4
12 44 3
12 13 5
12 14 2
12 140 4
12 28 3
13 45 2
13 77 2
13 15 5
13 141 5
13 29 2
14 142 1
14 46 3
14 15 3
14 78 5
14 30 2
15 143 1
15 47 5
15 79 4
15 31 5
16 80 1
16 144 1
16 48 2
16 17 2
16 18 1
16 20 5
16 24 2
17 81 4
17 145 5
17 49 2
17 19 1
17 21 4
17 25 3
18 146 5
18 82 4
18 50 1
18 19 3
18 22 3
18 26 4
19 83 3
19 147 2
19 51 3
19 23 3
19 27 4
20 148 1
20 52 3
20 21 3
20 22 1
20 84 3
20 28 2
21 149 1
21 53 1
21 23 2
21 29 3
21 85 5
22 86 2
22 54 3
22 23 3
22 150 4
22 30 4
23 87 1
23 55 4
23 151 4
23 31 5
24 152 5
24 88 5
24 56 4
24 25 1
24 26 4
24 28 3
25 89 1
25 57 3
25 27 5
25 29 3
25 153 4
26 154 5
26 58 2
26 27 2
26 90 1
26 30 2
27 91 2
27 155 3
27 59 1
27 31 3
28 92 5
28 156 1
28 60 1
28 29 2
28 30 5
29 93 5
29 157 5
29 61 2
29 31 1
30 158 2
30 94 1
30 62 1
30 31 2
31 95 5
31 159 1
31 63 1
32 33 2
32 34 1
32 36 1
32 40 5
32 96 4
32 160 5
32 48 5
33 35 3
33 37 4
33 97 5
33 41 4
33 161 4
33 49 1
34 35 5
34 38 5
34 162 4
34 42 4
34 98 5
34 50 2
35 163 1
35 39 2
35 43 4
35 99 3
35 51 4
36 164 3
36 37 2
36 38 4
36 44 2
36 52 3
36 100 3
37 165 5
37 39 3
37 45 1
37 53 5
37 101 3
38 102 2
38 39 5
38 46 2
38 54 2
38 166 1
39 103 2
39 47 5
39 55 5
39 167 4
40 41 1
40 42 3
40 44 1
40 104 2
40 56 3
40 168 2
41 43 4
41 45 5
41 105 5
41 57 3
41 169 4
42 43 5
42 46 2
42 170 2
42 58 4
42 106 2
43 47 4
43 107 4
43 171 4
43 59 1
44 108 4
44 45 5
44 46 3
44 172 3
44 60 1
45 47 3
45 173 3
45 109 5
45 61 5
46 47 4
46 110 1
46 174 1
46 62 4
47 175 3
47 111 4
47 63 1
48 112 3
48 176 4
48 49 2
48 50 2
48 52 1
48 56 4
49 113 4
49 177 1
49 51 1
49 53 4
49 57 1
50 178 2
50 114 5
50 51 1
50 54 1
50 58 4
51 179 2
51 115 3
51 55 1
51 59 1
52 180 1
52 53 3
52 54 2
52 116 1
52 60 2
53 181 2
53 55 1
53 61 2
53 117 5
54 118 1
54 55 1
54 62 1
54 182 1
55 119 5
55 183 2
55 63 1
56 120 3
56 57 3
56 58 1
56 184 1
56 60 1
57 121 2
57 59 3
57 61 3
57 185 5
58 186 2
58 59 5
58 122 5
58 62 4
59 123 3
59 187 3
59 63 3
60 124 5
60 188 2
60 61 3
60 62 4
61 125 2
61 189 4
61 63 4
62 190 1
62 126 3
62 63 2
63 127 1
63 191 4
64 65 3
64 66 4
64 68 4
64 72 1
64 96 3
64 192 5
64 80 4
65 67 2
65 69 4
65 97 2
65 73 3
65 193 4
65 81 4
66 67 3
66 70 2
66 194 4
66 74 4
66 98 2
66 82 4
67 195 3
67 71 5
67 75 5
67 99 5
67 83 5
68 69 2
68 70 4
68 76 5
68 84 1
68 196 2
68 100 2
69 197 3
69 71 3
69 77 5
69 85 4
69 101 2
70 198 2
70 102 3
70 71 3
70 78 2
70 86 4
71 103 4
71 79 2
71 87 5
71 199 2
72 73 3
72 74 3
72 76 2
72 104 1
72 88 5
72 200 3
73 75 4
73 77 4
73 105 5
73 89 2
73 201 3
74 75 1
74 78 4
74 202 2
74 90 1
74 106 4
75 79 4
75 107 1
75 203 5
75 91 5
76 108 3
76 77 1
76 78 3
76 204 2
76 92 3
77 79 5
77 109 3
77 205 3
77 93 1
78 79 2
78 206 1
78 110 2
78 94 4
79 207 3
79 111 2
79 95 5
80 112 1
80 208 2
80 81 3
80 82 2
80 84 2
80 88 5
81 113 3
81 209 4
81 83 4
81 85 3
81 89 4
82 210 4
82 114 2
82 83 1
82 86 3
82 90 1
83 211 3
83 115 4
83 87 4
83 91 5
84 212 2
84 85 1
84 86 2
84 116 1
84 92 3
85 213 5
85 87 4
85 93 4
85 117 4
86 214 5
86 118 1
86 87 5
86 94 2
87 119 4
87 215 5
87 95 5
88 216 1
88 120 4
88 89 1
88 90 3
88 92 5
89 121 2
89 217 3
89 91 5
89 93 3
90 218 3
90 91 1
90 122 1
90 94 4
91 123 5
91 219 2
91 95 2
92 220 4
92 124 5
92 93 1
92 94 3
93 125 4
93 221 2
93 95 3
94 222 5
94 126 1
94 95 1
95 127 1
95 223 3
96 98 1
96 100 3
96 97 3
96 104 4
96 224 2
96 112 2
97 99 1
97 101 1
97 105 5
97 225 5
97 113 1
98 99 3
98 102 1
98 226 2
98 106 2
98 114 4
99 227 2
99 103 5
99 107 3
99 115 3
100 101 4
100 102 4
100 108 5
100 116 5
100 228 2
101 229 1
101 103 2
101 109 1
101 117 5
102 230 3
102 103 2
102 110 4
102 118 1
103 111 2
103 119 4
103 231 1
104 105 1
104 106 1
104 108 4
104 120 2
104 232 2
105 107 1
105 109 4
105 121 2
105 233 2
106 107 3
106 110 2
106 234 2
106 122 3
107 111 3
107 235 3
107 123 4
108 109 3
108 110 1
108 236 4
108 124 2
109 111 3
109 237 5
109 125 2
110 111 3
110 238 5
110 126 5
111 239 4
111 127 5
112 240 1
112 113 5
112 114 5
112 116 2
112 120 3
113 241 3
113 115 5
113 117 5
113 121 2
114 242 5
114 115 1
114 118 5
114 122 2
115 243 3
115 119 2
115 123 4
116 244 4
116 117 3
116 118 3
116 124 3
117 245 3
117 119 1
117 125 2
118 246 5
118 119 1
118 126 4
119 247 1
119 127 2
120 121 1
120 122 5
120 124 1
120 248 5
121 249 2
121 123 1
121 125 3
122 250 4
122 123 4
122 126 4
123 251 2
123 127 5
124 252 3
124 125 2
124 126 3
125 253 3
125 127 5
126 254 4
126 127 1
127 255 3
128 129 1
128 130 1
128 132 5
128 136 4
128 160 2
128 192 5
128 144 2
129 131 5
129 133 1
129 161 3
129 137 2
129 193 5
129 145 2
130 131 5
130 134 3
130 194 3
130 138 1
130 162 1
130 146 2
131 163 4
131 195 3
131 135 5
131 139 4
131 147 5
132 133 5
132 134 4
132 140 1
132 148 4
132 196 1
132 164 2
133 197 3
133 135 5
133 141 4
133 149 3
133 165 4
134 198 1
134 166 2
134 135 2
134 142 3
134 150 2
135 167 5
135 143 5
135 151 3
135 199 4
136 137 4
136 138 2
136 140 2
136 168 4
136 152 3
136 200 4
137 139 2
137 141 4
137 169 1
137 153 1
137 201 2
138 139 3
138 142 4
138 202 5
138 154 5
138 170 5
139 143 4
139 171 4
139 203 2
139 155 2
140 172 3
140 141 2
140 142 5
140 204 2
140 156 2
141 143 4
141 173 5
141 205 4
141 157 3
142 143 3
142 206 3
142 174 3
142 158 3
143 207 5
143 175 4
143 159 5
144 176 2
144 208 1
144 145 4
144 146 3
144 148 2
144 152 1
145 177 2
145 209 1
145 147 2
145 149 2
145 153 2
146 210 2
146 178 4
146 147 5
146 150 5
146 154 2
147 179 2
147 211 2
147 151 5
147 155 2
148 212 3
148 149 3
148 150 4
148 180 2
148 156 4
149 213 4
149 151 1
149 157 3
149 181 3
150 214 5
150 182 2
150 151 4
150 158 1
151 183 1
151 215 4
151 159 1
152 216 3
152 184 3
152 153 3
152 154 1
152 156 2
153 185 3
153 217 5
153 155 3
153 157 3
154 218 4
154 155 1
154 186 1
154 158 5
155 187 5
155 219 2
155 159 5
156 220 4
156 188 4
156 157 1
156 158 5
157 189 1
157 221 3
157 159 5
158 222 3
158 190 5
158 159 1
159 191 4
159 223 2
160 162 1
160 164 2
160 161 5
160 168 2
160 224 1
160 176 4
161 163 4
161 165 2
161 169 2
161 225 5
161 177 3
162 163 2
162 166 4
162 226 1
162 170 4
162 178 2
163 227 1
163 179 1
163 167 2
163 171 3
164 165 2
164 166 5
164 172 1
164 180 5
164 228 5
165 229 4
165 167 3
165 173 3
165 181 4
166 230 4
166 167 4
166 174 4
166 182 2
167 175 2
167 183 5
167 231 5
168 169 2
168 170 5
168 172 1
168 184 3
168 232 5
169 171 3
169 173 5
169 185 2
169 233 1
170 171 1
170 174 3
170 234 2
170 186 3
171 175 2
171 235 4
171 187 5
172 173 1
172 174 4
172 236 3
172 188 3
173 175 4
173 237 4
173 189 5
174 175 4
174 238 1
174 190 5
175 239 4
175 191 5
176 240 3
176 177 1
176 178 4
176 180 5
176 184 2
177 241 1
177 179 3
177 181 5
177 185 3
178 242 3
178 179 1
178 182 4
178 186 5
179 243 2
179 183 4
179 187 2
180 244 1
180 181 4
180 182 5
180 188 1
181 245 1
181 183 2
181 189 5
182 246 5
182 183 1
182 190 1
183 247 2
183 191 1
184 185 5
184 186 2
184 188 2
184 248 3
185 249 1
185 187 5
185 189 1
186 250 1
186 187 1
186 190 2
187 251 3
187 191 1
188 252 5
188 189 3
188 190 1
189 253 2
189 191 1
190 254 4
190 191 1
191 255 2
192 194 1
192 196 5
192 193 3
192 200 5
192 224 4
192 208 1
193 195 5
193 197 1
193 201 2
193 225 1
193 209 5
194 195 4
194 198 4
194 226 5
194 202 5
194 210 5
195 227 3
195 211 3
195 199 1
195 203 5
196 197 5
196 198 3
196 204 2
196 212 3
196 228 4
197 229 1
197 199 2
197 205 5
197 213 4
198 230 4
198 199 2
198 206 4
198 214 3
199 207 5
199 215 4
199 231 1
200 201 5
200 202 4
200 204 5
200 216 1
200 232 5
201 203 1
201 205 1
201 217 5
201 233 4
202 203 2
202 206 1
202 234 5
202 218 5
203 207 1
203 235 2
203 219 5
204 205 3
204 206 5
204 236 4
204 220 1
205 207 1
205 237 4
205 221 4
206 207 3
206 238 1
206 222 5
207 239 1
207 223 3
208 240 3
208 209 1
208 210 5
208 212 2
208 216 2
209 241 1
209 211 2
209 213 5
209 217 5
210 242 2
210 211 1
210 214 2
210 218 2
211 243 1
211 215 4
211 219 2
212 244 4
212 213 2
212 214 5
212 220 4
213 245 4
213 215 5
213 221 4
214 246 1
214 215 1
214 222 5
215 247 4
215 223 4
216 217 1
216 218 5
216 220 4
216 248 3
217 249 4
217 219 5
217 221 3
218 250 3
218 219 1
218 222 1
219 251 4
219 223 5
220 252 4
220 221 2
220 222 2
221 253 1
221 223 3
222 254 1
222 223 3
223 255 1
224 226 1
224 228 5
224 225 1
224 232 2
224 240 2
225 227 2
225 229 3
225 241 2
225 233 1
226 227 2
226 230 2
226 234 1
226 242 2
227 243 5
227 231 5
227 235 3
228 229 4
228 230 4
228 236 4
228 244 2
229 231 1
229 237 2
229 245 1
230 231 1
230 238 5
230 246 1
231 239 2
231 247 2
232 233 3
232 234 5
232 236 2
232 248 5
233 235 2
233 237 2
233 249 3
234 235 2
234 238 1
234 250 2
235 239 4
235 251 4
236 237 3
236 238 2
236 252 5
237 239 5
237 253 3
238 239 4
238 254 3
239 255 4
240 241 1
240 242 1
240 244 1
240 248 4
241 243 3
241 245 3
241 249 4
242 243 1
242 246 5
242 250 2
243 247 1
243 251 4
244 246 5
244 252 1
244 245 5
245 247 2
245 253 1
246 247 2
246 254 2
247 255 4
248 252 1
248 249 5
248 250 5
249 251 4
249 253 5
250 100001 50
250 100004 50
250 251 2
250 254 3
251 100002 50
251 255 1
252 100000 50
252 100001 50
252 253 5
252 254 1
253 100000 50
253 100001 50
253 100003 50
253 255 2
254 100000 50
254 100002 50
254 100004 50
254 255 1
255 100003 50
255 100004 50
-2 0 50
-2 1 50
-2 5 50
-5 0 50
-5 4 50
-4 0 50
-4 1 50
-3 0 50
-3 2 50
-1 0 50
-1 1 50
-1 2 50
