0 8 4
0 1 4
0 2 5
0 4 5
0 16 1
1 9 1
1 3 4
1 5 1
1 17 1
2 10 4
2 3 3
2 18 1
2 6 5
3 19 2
3 1 5
3 2 1
3 11 2
3 7 2
4 0 4
4 20 5
4 12 3
4 5 1
4 6 5
5 1 1
5 21 3
5 4 3
5 13 3
5 7 1
6 2 4
6 4 4
6 22 4
6 14 4
6 7 5
7 23 1
7 3 2
7 5 2
7 6 4
7 15 2
8 9 4
8 10 5
8 12 3
8 24 4
9 11 5
9 13 2
9 25 4
10 11 2
10 26 5
10 14 4
11 27 3
11 9 1
11 10 2
11 3 4
11 15 5
12 8 5
12 28 2
12 4 5
12 13 3
12 14 5
13 29 5
13 12 3
13 5 2
13 15 1
14 12 3
14 30 3
14 6 4
14 15 2
15 31 1
15 11 3
15 13 2
15 14 1
15 7 3
16 0 2
16 17 2
16 18 3
16 20 4
16 24 5
17 16 2
17 1 2
17 19 4
17 21 5
17 25 3
18 16 4
18 2 5
18 19 3
18 26 4
18 22 3
19 27 5
19 17 2
19 18 2
19 3 5
19 23 4
20 16 2
20 28 5
20 4 4
20 21 4
20 22 1
21 17 1
21 29 5
21 20 1
21 5 2
21 23 4
22 18 4
22 20 4
22 30 4
22 6 5
22 23 4
23 31 4
23 19 5
23 21 5
23 22 3
23 7 4
24 16 3
24 26 5
24 28 5
24 25 1
25 9 5
25 27 1
25 29 2
25 17 3
26 100000 50
26 100001 50
26 100004 50
26 18 1
26 24 1
26 27 2
26 30 3
27 100000 50
27 100002 50
27 100003 50
27 31 4
28 100003 50
28 12 2
28 20 2
28 24 2
28 29 3
28 30 2
29 100001 50
29 100002 50
29 100003 50
29 100004 50
29 21 4
29 25 2
29 28 4
29 31 1
30 100000 50
30 100002 50
30 100004 50
30 22 3
30 26 3
30 28 4
30 31 1
-2 2 50
-2 3 50
-2 4 50
-5 0 50
-5 3 50
-5 5 50
-4 2 50
-4 4 50
-4 5 50
-3 0 50
-3 3 50
-3 5 50
-1 2 50
-1 4 50
-1 5 50
