0 32 1
0 1 6
0 2 7
0 4 5
0 8 2
0 64 1
0 128 7
0 256 9
0 16 4
1 33 6
1 3 8
1 5 7
1 65 4
1 129 3
1 9 4
1 257 2
1 17 3
2 34 6
2 3 9
2 6 6
2 10 1
2 66 2
2 18 10
2 258 5
2 130 4
3 35 1
3 131 1
3 7 1
3 259 7
3 11 10
3 19 10
3 67 9
4 0 5
4 132 1
4 36 3
4 5 9
4 6 2
4 12 10
4 20 6
4 68 10
4 260 8
5 133 2
5 1 8
5 4 6
5 37 4
5 7 5
5 261 9
5 13 3
5 21 9
5 69 6
6 2 10
6 4 6
6 70 8
6 38 4
6 7 1
6 262 1
6 14 10
6 22 9
6 134 2
7 263 5
7 3 2
7 5 7
7 6 2
7 39 6
7 71 8
7 15 7
7 23 1
7 135 10
8 0 9
8 40 1
8 9 4
8 10 6
8 12 5
8 72 6
8 24 6
8 136 1
8 264 3
9 1 8
9 8 8
9 41 5
9 11 6
9 13 10
9 73 8
9 137 6
9 25 1
9 265 6
10 2 5
10 266 7
10 8 9
10 42 6
10 11 10
10 14 9
10 138 3
10 26 9
10 74 1
11 3 3
11 9 6
11 10 2
11 43 8
11 15 2
11 75 9
11 139 1
11 267 10
11 27 7
12 4 7
12 8 2
12 76 8
12 44 6
12 13 1
12 14 8
12 140 9
12 268 5
12 28 4
13 5 9
13 9 1
13 12 3
13 45 8
13 77 8
13 15 10
13 141 5
13 269 3
13 29 5
14 6 2
14 142 8
14 10 8
14 12 4
14 46 2
14 15 3
14 270 10
14 78 7
14 30 1
15 7 5
15 11 1
15 143 5
15 13 5
15 14 4
15 47 9
15 271 8
15 79 10
15 31 7
16 0 8
16 80 7
16 144 1
16 272 9
16 48 2
16 17 2
16 18 4
16 20 10
16 24 1
17 1 3
17 81 10
17 145 3
17 273 7
17 16 4
17 49 5
17 19 2
17 21 3
17 25 4
18 2 3
18 146 5
18 274 6
18 82 3
18 16 1
18 50 10
18 19 5
18 22 7
18 26 1
19 83 9
19 3 5
19 147 4
19 275 4
19 17 7
19 18 10
19 51 9
19 23 5
19 27 4
20 148 1
20 4 2
20 276 6
20 16 3
20 52 3
20 21 5
20 22 7
20 84 3
20 28 1
21 149 5
21 277 3
21 5 8
21 17 9
21 20 6
21 53 2
21 23 8
21 29 4
21 85 1
22 278 9
22 86 5
22 6 3
22 18 2
22 20 1
22 54 9
22 23 8
22 150 7
22 30 3
23 279 7
23 7 8
23 87 9
23 19 10
23 21 2
23 22 4
23 55 8
23 151 4
23 31 8
24 152 7
24 8 6
24 16 5
24 88 4
24 56 2
24 25 9
24 26 2
24 28 8
24 280 6
25 9 2
25 17 4
25 89 9
25 24 10
25 57 3
25 27 3
25 281 8
25 29 4
25 153 4
26 282 2
26 10 5
26 18 5
26 154 7
26 24 3
26 58 8
26 27 7
26 90 9
26 30 5
27 91 9
27 11 1
27 19 3
27 155 8
27 283 2
27 25 2
27 26 1
27 59 4
27 31 7
28 92 4
28 12 2
28 156 2
28 20 6
28 284 5
28 24 9
28 60 2
28 29 6
28 30 3
29 13 2
29 93 1
29 157 4
29 285 8
29 21 5
29 25 7
29 28 7
29 61 9
29 31 2
30 158 6
30 14 3
30 286 3
30 94 7
30 22 1
30 26 4
30 28 6
30 62 8
30 31 8
31 95 8
31 159 4
31 15 3
31 287 1
31 23 2
31 27 6
31 29 1
31 30 9
31 63 1
32 33 10
32 34 6
32 36 7
32 40 7
32 96 7
32 160 10
32 288 1
32 48 4
33 35 8
33 37 10
33 97 9
33 41 4
33 289 2
33 161 9
33 49 7
34 35 6
34 38 6
34 162 5
34 42 2
34 290 6
34 98 1
34 50 8
35 163 7
35 39 1
35 291 10
35 43 5
35 99 5
35 51 8
36 32 6
36 164 7
36 4 1
36 37 9
36 38 8
36 292 1
36 44 9
36 52 9
36 100 6
37 33 4
37 36 2
37 5 2
37 165 10
37 39 8
37 45 3
37 53 2
37 293 6
37 101 7
38 34 2
38 294 9
38 36 4
38 102 6
38 6 9
38 39 10
38 46 6
38 54 4
38 166 1
39 295 9
39 35 1
39 37 1
39 38 8
39 7 7
39 103 9
39 47 9
39 55 9
39 167 10
40 32 5
40 8 1
40 41 8
40 42 10
40 44 10
40 104 10
40 56 9
40 168 5
40 296 4
41 33 9
41 40 6
41 9 4
41 43 9
41 45 4
41 105 9
41 57 4
41 297 6
41 169 1
42 34 10
42 40 2
42 10 1
42 43 4
42 46 3
42 170 6
42 58 8
42 298 6
42 106 7
43 35 3
43 41 8
43 42 2
43 11 10
43 47 9
43 107 8
43 171 7
43 299 3
43 59 3
44 36 4
44 40 6
44 108 9
44 12 10
44 45 8
44 46 3
44 172 5
44 300 10
44 60 2
45 37 3
45 41 6
45 44 1
45 13 5
45 47 10
45 173 1
45 109 9
45 301 7
45 61 7
46 38 9
46 42 10
46 44 3
46 14 7
46 47 6
46 302 10
46 110 10
46 174 2
46 62 10
47 175 7
47 39 9
47 43 8
47 45 4
47 46 9
47 15 2
47 303 1
47 111 2
47 63 1
48 32 5
48 112 2
48 176 1
48 304 9
48 16 1
48 49 2
48 50 3
48 52 5
48 56 10
49 33 1
49 113 1
49 177 2
49 305 6
49 48 2
49 17 10
49 51 5
49 53 4
49 57 7
50 34 9
50 178 7
50 306 6
50 114 3
50 48 3
50 18 4
50 51 8
50 54 1
50 58 6
51 35 4
51 179 5
51 307 7
51 115 7
51 49 9
51 50 5
51 19 6
51 55 1
51 59 7
52 180 6
52 36 4
52 308 10
52 48 9
52 20 4
52 53 7
52 54 1
52 116 8
52 60 5
53 181 9
53 37 9
53 49 3
53 52 4
53 21 2
53 55 5
53 309 1
53 61 10
53 117 3
54 310 2
54 118 5
54 38 3
54 50 2
54 52 6
54 22 2
54 55 5
54 62 1
54 182 3
55 311 1
55 39 6
55 119 3
55 51 7
55 53 8
55 54 2
55 23 3
55 183 7
55 63 7
56 40 6
56 48 7
56 120 5
56 24 7
56 57 8
56 58 4
56 184 6
56 60 3
56 312 7
57 41 3
57 49 6
57 313 10
57 121 5
57 56 10
57 25 4
57 59 2
57 61 6
57 185 3
58 314 3
58 42 4
58 50 3
58 186 4
58 56 5
58 26 8
58 59 10
58 122 1
58 62 4
59 123 7
59 43 9
59 51 1
59 187 3
59 57 1
59 58 9
59 27 7
59 315 3
59 63 10
60 124 9
60 44 4
60 188 6
60 52 5
60 316 8
60 56 7
60 28 2
60 61 10
60 62 10
61 317 1
61 45 9
61 125 10
61 189 10
61 53 8
61 57 4
61 60 1
61 29 7
61 63 2
62 46 7
62 190 8
62 318 8
62 126 6
62 54 3
62 58 8
62 60 8
62 30 6
62 63 4
63 127 1
63 191 10
63 47 5
63 319 1
63 55 1
63 59 3
63 61 8
63 62 1
63 31 8
64 65 2
64 66 1
64 68 6
64 72 5
64 96 9
64 192 3
64 80 8
64 320 3
65 67 10
65 69 1
65 97 6
65 73 6
65 193 5
65 321 6
65 81 3
66 67 3
66 70 6
66 194 7
66 74 10
66 322 4
66 98 8
66 82 10
67 195 4
67 71 7
67 323 3
67 75 4
67 99 8
67 83 10
68 64 4
68 4 7
68 69 9
68 70 2
68 324 6
68 76 6
68 84 5
68 196 8
68 100 9
69 65 3
69 197 9
69 68 2
69 5 7
69 325 2
69 71 1
69 77 8
69 85 2
69 101 8
70 198 1
70 66 10
70 68 5
70 102 5
70 6 6
70 71 7
70 78 2
70 326 8
70 86 10
71 327 9
71 67 4
71 69 7
71 70 8
71 7 4
71 103 2
71 79 5
71 87 7
71 199 8
72 64 9
72 328 2
72 8 7
72 73 7
72 74 8
72 76 10
72 104 7
72 88 4
72 200 5
73 65 1
73 72 4
73 9 4
73 75 4
73 77 9
73 105 5
73 89 10
73 201 3
73 329 2
74 66 10
74 72 6
74 10 1
74 75 7
74 78 7
74 202 9
74 90 5
74 330 10
74 106 3
75 67 1
75 73 7
75 74 4
75 11 8
75 79 5
75 107 1
75 203 3
75 331 6
75 91 10
76 68 3
76 72 5
76 108 8
76 12 1
76 77 5
76 78 6
76 204 6
76 332 6
76 92 5
77 69 3
77 73 2
77 76 1
77 13 10
77 79 4
77 109 6
77 333 2
77 205 2
77 93 5
78 70 1
78 74 2
78 76 8
78 14 7
78 79 9
78 206 8
78 334 2
78 110 2
78 94 8
79 207 6
79 71 4
79 75 1
79 77 10
79 78 9
79 15 4
79 335 3
79 111 5
79 95 3
80 64 8
80 112 5
80 208 3
80 16 1
80 81 2
80 82 9
80 84 3
80 336 1
80 88 2
81 65 1
81 113 8
81 209 10
81 337 5
81 80 2
81 17 2
81 83 3
81 85 2
81 89 1
82 66 9
82 210 8
82 338 2
82 114 10
82 80 6
82 18 3
82 83 6
82 86 6
82 90 2
83 67 6
83 211 2
83 339 5
83 115 1
83 81 6
83 82 10
83 19 6
83 87 10
83 91 5
84 68 8
84 340 10
84 212 4
84 80 4
84 20 2
84 85 3
84 86 7
84 116 10
84 92 2
85 213 9
85 69 2
85 341 1
85 81 1
85 84 7
85 21 5
85 87 2
85 93 6
85 117 7
86 214 6
86 342 6
86 118 8
86 70 5
86 82 5
86 84 7
86 22 5
86 87 4
86 94 1
87 343 8
87 71 8
87 119 10
87 83 10
87 85 1
87 86 1
87 23 3
87 215 10
87 95 1
88 344 6
88 72 1
88 216 8
88 80 4
88 120 4
88 24 8
88 89 9
88 90 9
88 92 5
89 73 7
89 81 9
89 121 5
89 88 3
89 25 1
89 217 6
89 91 2
89 93 8
89 345 7
90 74 10
90 82 8
90 88 3
90 218 2
90 26 1
90 91 6
90 346 7
90 122 8
90 94 10
91 123 5
91 75 1
91 347 4
91 83 3
91 219 4
91 89 7
91 90 10
91 27 5
91 95 9
92 220 4
92 124 5
92 76 7
92 84 3
92 88 1
92 348 5
92 28 1
92 93 9
92 94 5
93 77 4
93 125 2
93 221 1
93 85 4
93 349 9
93 89 5
93 92 10
93 29 2
93 95 9
94 78 8
94 222 4
94 350 9
94 126 9
94 86 6
94 90 5
94 92 8
94 30 2
94 95 7
95 127 5
95 223 7
95 79 2
95 351 7
95 87 10
95 91 8
95 93 7
95 94 10
95 31 6
96 98 6
96 100 5
96 97 6
96 104 7
96 224 4
96 112 7
96 352 6
97 99 1
97 101 10
97 65 9
97 105 5
97 225 9
97 353 3
97 113 5
98 99 9
98 102 9
98 226 8
98 106 7
98 354 4
98 66 3
98 114 5
99 227 9
99 103 6
99 107 1
99 115 10
99 35 1
99 355 4
100 96 5
100 68 9
100 101 7
100 102 10
100 356 2
100 108 8
100 116 6
100 36 10
100 228 3
101 97 8
101 229 10
101 100 7
101 37 2
101 103 5
101 357 5
101 109 2
101 117 1
101 69 7
102 230 10
102 98 1
102 100 4
102 38 8
102 70 10
102 103 3
102 110 9
102 118 8
102 358 4
103 99 7
103 101 1
103 102 6
103 71 6
103 39 3
103 111 3
103 359 4
103 119 10
103 231 5
104 96 10
104 360 5
104 40 10
104 105 6
104 106 3
104 108 8
104 72 9
104 120 5
104 232 7
105 97 7
105 104 2
105 41 8
105 107 3
105 109 3
105 73 2
105 121 1
105 233 7
105 361 1
106 98 8
106 104 10
106 42 3
106 107 6
106 110 5
106 362 1
106 234 7
106 122 1
106 74 1
107 99 2
107 363 5
107 105 6
107 106 3
107 75 4
107 111 1
107 43 5
107 235 7
107 123 8
108 100 3
108 104 3
108 44 10
108 76 5
108 109 10
108 110 2
108 236 3
108 364 6
108 124 3
109 101 8
109 105 2
109 108 9
109 45 1
109 77 10
109 111 5
109 237 9
109 365 1
109 125 3
110 102 5
110 106 9
110 108 3
110 78 1
110 111 4
110 238 7
110 366 1
110 46 2
110 126 8
111 103 4
111 107 8
111 239 6
111 109 6
111 110 2
111 79 8
111 367 3
111 47 6
111 127 3
112 96 9
112 80 1
112 240 2
112 48 5
112 113 2
112 114 7
112 116 4
112 368 7
112 120 1
113 97 3
113 81 6
113 241 6
113 369 10
113 112 6
113 49 1
113 115 5
113 117 7
113 121 6
114 98 7
114 242 7
114 370 5
114 82 5
114 112 10
114 50 9
114 115 4
114 118 5
114 122 7
115 51 6
115 99 8
115 243 3
115 371 4
115 113 9
115 114 10
115 83 9
115 119 4
115 123 7
116 100 8
116 244 2
116 372 4
116 112 7
116 84 5
116 117 6
116 118 3
116 52 1
116 124 10
117 245 9
117 101 5
117 373 4
117 113 8
117 116 10
117 53 1
117 119 4
117 125 10
117 85 5
118 246 10
118 54 7
118 102 1
118 114 8
118 116 9
118 86 2
118 119 8
118 374 10
118 126 5
119 375 3
119 103 3
119 55 8
119 115 7
119 117 6
119 118 2
119 87 1
119 247 9
119 127 9
120 376 4
120 104 6
120 112 4
120 88 7
120 56 2
120 121 9
120 122 4
120 124 4
120 248 4
121 249 4
121 105 3
121 113 7
121 89 5
121 120 3
121 57 7
121 123 1
121 125 6
121 377 6
122 378 6
122 106 1
122 114 8
122 120 5
122 250 7
122 58 8
122 123 10
122 90 10
122 126 9
123 379 9
123 107 1
123 115 9
123 251 2
123 121 10
123 122 8
123 91 3
123 127 2
124 60 10
124 108 8
124 116 8
124 252 2
124 120 6
124 380 10
124 92 3
124 125 4
124 126 4
125 109 2
125 93 3
125 253 2
125 117 9
125 381 8
125 121 6
125 124 9
125 61 3
125 127 4
126 382 9
126 110 5
126 254 6
126 62 5
126 118 3
126 122 10
126 124 10
126 94 6
126 127 6
127 255 5
127 111 9
127 383 6
127 119 7
127 123 6
127 125 3
127 126 7
127 95 8
128 129 1
128 130 3
128 132 7
128 136 6
128 160 3
128 192 1
128 144 8
128 384 1
129 131 9
129 133 2
129 161 3
129 137 9
129 193 9
129 385 1
129 145 1
130 2 4
130 131 1
130 134 10
130 194 8
130 138 3
130 162 7
130 386 7
130 146 9
131 163 5
131 195 7
131 135 2
131 139 4
131 387 8
131 147 5
132 128 1
132 4 4
132 133 9
132 134 1
132 388 3
132 140 4
132 148 9
132 196 10
132 164 7
133 129 6
133 197 3
133 132 2
133 5 6
133 135 8
133 389 10
133 141 8
133 149 3
133 165 3
134 198 1
134 130 7
134 132 6
134 166 7
134 6 10
134 135 7
134 142 3
134 150 10
134 390 1
135 131 10
135 391 2
135 133 2
135 134 2
135 7 2
135 167 9
135 143 6
135 151 2
135 199 10
136 128 4
136 392 7
136 8 2
136 137 2
136 138 9
136 140 5
136 168 2
136 152 5
136 200 8
137 393 2
137 129 7
137 136 3
137 9 2
137 139 5
137 141 8
137 169 10
137 153 7
137 201 2
138 130 9
138 136 4
138 10 6
138 139 2
138 142 8
138 202 10
138 154 9
138 170 9
138 394 2
139 137 5
139 138 4
139 11 2
139 143 8
139 171 8
139 203 4
139 155 7
139 395 10
140 132 2
140 136 6
140 172 6
140 12 7
140 141 5
140 142 2
140 204 1
140 396 2
140 156 2
141 133 6
141 137 2
141 140 6
141 13 9
141 143 9
141 173 7
141 205 7
141 397 5
141 157 8
142 134 8
142 138 7
142 140 2
142 14 9
142 143 8
142 206 7
142 174 5
142 398 2
142 158 5
143 207 7
143 135 4
143 139 4
143 141 8
143 142 5
143 15 6
143 399 4
143 175 1
143 159 9
144 128 8
144 176 1
144 208 9
144 16 6
144 145 1
144 146 10
144 148 6
144 152 9
144 400 10
145 129 2
145 177 1
145 209 9
145 144 1
145 17 1
145 147 7
145 149 7
145 401 10
145 153 6
146 130 4
146 210 4
146 178 10
146 402 9
146 144 4
146 18 2
146 147 9
146 150 2
146 154 9
147 131 6
147 179 10
147 211 3
147 403 10
147 145 9
147 146 4
147 19 3
147 151 8
147 155 3
148 132 7
148 212 2
148 144 7
148 404 2
148 20 9
148 149 5
148 150 2
148 180 6
148 156 8
149 213 9
149 133 4
149 405 3
149 145 1
149 148 5
149 21 5
149 151 6
149 157 10
149 181 5
150 214 6
150 182 2
150 134 9
150 146 10
150 148 1
150 22 5
150 151 4
150 158 10
150 406 3
151 407 9
151 135 4
151 183 10
151 147 10
151 149 10
151 150 8
151 23 9
151 215 7
151 159 5
152 408 10
152 136 3
152 216 9
152 144 3
152 184 8
152 24 2
152 153 9
152 154 7
152 156 6
153 409 9
153 137 10
153 145 3
153 185 8
153 152 7
153 25 7
153 217 6
153 155 10
153 157 2
154 138 3
154 146 6
154 410 5
154 152 5
154 218 4
154 26 8
154 155 6
154 186 2
154 158 9
155 187 8
155 139 2
155 147 1
155 219 2
155 153 10
155 154 2
155 27 4
155 411 10
155 159 2
156 220 7
156 188 5
156 140 6
156 148 3
156 152 7
156 412 5
156 28 9
156 157 8
156 158 3
157 141 7
157 189 6
157 221 9
157 149 6
157 413 8
157 153 9
157 156 5
157 29 5
157 159 2
158 142 2
158 414 8
158 222 2
158 190 9
158 150 8
158 154 7
158 156 3
158 30 6
158 159 7
159 191 10
159 223 9
159 143 10
159 415 9
159 151 10
159 155 10
159 157 3
159 158 9
159 31 1
160 162 3
160 164 1
160 161 5
160 168 10
160 224 10
160 176 6
160 416 2
161 33 6
161 163 6
161 165 5
161 129 5
161 169 9
161 225 8
161 177 5
161 417 6
162 163 8
162 166 9
162 226 6
162 170 6
162 130 1
162 418 7
162 178 5
163 227 4
163 179 2
163 167 1
163 171 7
163 419 2
163 131 4
164 132 5
164 165 2
164 166 5
164 420 4
164 172 8
164 180 7
164 36 9
164 228 10
165 161 5
165 229 9
165 164 9
165 37 1
165 167 3
165 421 2
165 173 7
165 181 10
165 133 5
166 230 1
166 162 2
166 164 1
166 38 7
166 134 2
166 167 7
166 174 10
166 422 6
166 182 6
167 163 7
167 165 3
167 166 4
167 135 6
167 39 4
167 175 4
167 183 9
167 423 8
167 231 1
168 160 10
168 424 1
168 40 2
168 169 3
168 170 7
168 172 7
168 136 8
168 184 2
168 232 8
169 161 9
169 425 4
169 168 5
169 41 10
169 171 7
169 173 9
169 137 3
169 185 2
169 233 7
170 162 2
170 168 2
170 42 2
170 171 5
170 174 9
170 234 9
170 186 3
170 138 5
170 426 6
171 169 9
171 170 7
171 43 7
171 175 9
171 163 1
171 235 1
171 187 2
171 427 8
172 164 3
172 168 5
172 44 7
172 140 4
172 173 3
172 174 10
172 236 9
172 428 2
172 188 8
173 165 2
173 169 9
173 172 1
173 45 4
173 175 2
173 141 10
173 237 5
173 429 9
173 189 7
174 166 10
174 170 4
174 172 10
174 142 5
174 175 2
174 238 6
174 46 6
174 430 9
174 190 8
175 167 8
175 171 3
175 239 3
175 173 9
175 174 10
175 143 7
175 431 2
175 47 1
175 191 1
176 160 2
176 144 4
176 240 9
176 48 4
176 177 2
176 178 10
176 432 1
176 180 2
176 184 2
177 161 1
177 145 1
177 241 10
177 176 9
177 49 1
177 179 9
177 181 3
177 433 10
177 185 9
178 162 4
178 242 1
178 146 6
178 434 2
178 176 3
178 50 2
178 179 2
178 182 8
178 186 7
179 147 9
179 243 3
179 435 4
179 177 10
179 178 1
179 51 3
179 183 4
179 187 4
180 164 6
180 244 4
180 436 7
180 176 9
180 148 1
180 181 4
180 182 10
180 52 7
180 188 1
181 245 10
181 165 8
181 437 9
181 177 5
181 180 3
181 53 3
181 183 7
181 189 1
181 149 8
182 246 8
182 54 10
182 166 4
182 438 3
182 178 2
182 180 5
182 150 3
182 183 3
182 190 2
183 439 1
183 167 10
183 55 4
183 179 4
183 181 10
183 182 7
183 151 7
183 247 6
183 191 2
184 440 2
184 168 9
184 176 4
184 152 9
184 56 7
184 185 3
184 186 2
184 188 8
184 248 5
185 441 9
185 249 3
185 169 9
185 177 1
185 153 7
185 184 4
185 57 7
185 187 4
185 189 8
186 170 7
186 178 8
186 184 2
186 250 5
186 58 7
186 187 1
186 154 10
186 190 9
186 442 9
187 179 1
187 251 2
187 185 5
187 186 1
187 59 9
187 443 4
187 191 8
188 60 6
188 172 10
188 180 7
188 252 3
188 184 3
188 444 4
188 156 6
188 189 4
188 190 3
189 173 1
189 157 4
189 253 9
189 181 10
189 185 10
189 188 1
189 61 9
189 445 3
189 191 10
190 174 8
190 254 10
190 62 4
190 182 6
190 446 10
190 186 5
190 188 7
190 158 2
190 191 2
191 63 4
191 255 1
191 175 5
191 447 10
191 183 7
191 187 2
191 189 3
191 190 6
191 159 5
192 194 2
192 196 5
192 193 6
192 200 7
192 224 10
192 208 2
192 448 6
193 65 8
193 195 6
193 197 8
193 129 10
193 201 4
193 225 1
193 209 9
193 449 6
194 195 7
194 198 7
194 226 8
194 202 2
194 130 10
194 450 7
194 210 6
195 227 2
195 211 10
195 199 6
195 203 10
195 451 10
195 131 6
196 192 10
196 132 7
196 197 5
196 198 1
196 204 2
196 212 10
196 68 3
196 228 9
196 452 10
197 193 2
197 229 6
197 196 10
197 69 2
197 199 9
197 453 4
197 205 3
197 213 1
197 133 4
198 230 3
198 194 4
198 196 5
198 70 10
198 134 3
198 199 8
198 454 6
198 206 10
198 214 4
199 195 5
199 197 5
199 198 9
199 135 8
199 71 9
199 207 9
199 215 10
199 455 4
199 231 3
200 192 1
200 456 4
200 72 4
200 201 10
200 202 1
200 204 10
200 136 7
200 216 8
200 232 8
201 193 10
201 457 9
201 200 4
201 73 2
201 203 2
201 205 4
201 137 10
201 217 2
201 233 2
202 458 4
202 194 9
202 200 4
202 74 9
202 203 4
202 206 5
202 234 9
202 218 4
202 138 7
203 139 9
203 201 9
203 202 4
203 75 3
203 207 6
203 195 10
203 235 7
203 219 9
203 459 1
204 460 10
204 196 1
204 200 3
204 76 1
204 140 9
204 205 9
204 206 6
204 236 7
204 220 8
205 197 9
205 201 9
205 204 2
205 77 5
205 207 6
205 141 1
205 237 1
205 461 3
205 221 5
206 198 5
206 202 10
206 204 7
206 142 10
206 207 2
206 238 6
206 78 3
206 462 2
206 222 8
207 199 10
207 203 1
207 239 4
207 205 3
207 206 1
207 143 4
207 463 5
207 79 5
207 223 4
208 192 2
208 144 1
208 464 10
208 240 1
208 80 4
208 209 5
208 210 5
208 212 9
208 216 4
209 193 10
209 145 4
209 241 6
209 208 8
209 81 8
209 465 2
209 211 6
209 213 10
209 217 8
210 194 2
210 242 6
210 146 5
210 208 5
210 466 5
210 82 8
210 211 9
210 214 2
210 218 4
211 147 2
211 243 10
211 467 10
211 209 6
211 210 3
211 83 2
211 215 9
211 219 3
212 196 10
212 244 9
212 468 7
212 208 2
212 148 6
212 213 3
212 214 7
212 84 8
212 220 4
213 245 3
213 197 6
213 469 6
213 209 6
213 212 10
213 85 9
213 215 10
213 221 2
213 149 5
214 246 2
214 86 10
214 198 9
214 470 4
214 210 1
214 212 2
214 150 9
214 215 3
214 222 3
215 471 7
215 199 7
215 87 1
215 211 2
215 213 9
215 214 6
215 151 6
215 247 3
215 223 10
216 472 10
216 200 2
216 208 3
216 152 8
216 88 9
216 217 6
216 218 4
216 220 7
216 248 10
217 473 6
217 249 1
217 201 4
217 209 2
217 153 5
217 216 10
217 89 10
217 219 6
217 221 3
218 474 5
218 202 6
218 210 4
218 216 4
218 250 8
218 90 8
218 219 4
218 154 6
218 222 2
219 155 9
219 203 8
219 211 6
219 251 2
219 217 7
219 218 6
219 91 10
219 475 8
219 223 1
220 92 8
220 204 4
220 476 9
220 212 2
220 252 8
220 216 8
220 156 3
220 221 4
220 222 7
221 205 7
221 157 6
221 253 7
221 213 4
221 217 3
221 477 5
221 220 8
221 93 4
221 223 1
222 206 1
222 254 1
222 94 2
222 214 8
222 478 7
222 218 9
222 220 8
222 158 8
222 223 4
223 255 8
223 207 7
223 479 2
223 215 9
223 219 2
223 221 8
223 222 10
223 159 6
224 226 8
224 228 9
224 225 8
224 232 3
224 192 2
224 240 3
224 480 8
225 227 6
225 229 3
225 193 1
225 161 10
225 241 9
225 481 4
225 233 7
226 227 2
226 230 5
226 162 1
226 234 6
226 98 8
226 482 5
226 242 6
227 243 1
227 195 5
227 231 5
227 235 9
227 483 5
227 163 7
228 229 2
228 230 4
228 236 10
228 484 10
228 244 8
228 196 3
228 100 8
229 197 6
229 165 8
229 231 7
229 485 10
229 237 4
229 245 8
229 101 2
230 166 8
230 198 9
230 231 10
230 486 8
230 238 6
230 246 3
230 102 5
231 487 8
231 229 2
231 230 6
231 167 5
231 199 9
231 239 5
231 247 7
231 103 8
232 224 1
232 488 6
232 104 5
232 233 10
232 234 2
232 236 8
232 168 2
232 248 4
232 200 10
233 225 1
233 489 8
233 232 1
233 105 2
233 235 6
233 237 8
233 201 7
233 169 2
233 249 7
234 490 3
234 226 6
234 232 1
234 202 2
234 235 4
234 238 7
234 170 2
234 250 8
234 106 3
235 171 1
235 233 10
235 234 10
235 107 8
235 239 7
235 227 9
235 203 9
235 251 8
235 491 5
236 228 5
236 232 9
236 108 5
236 172 6
236 237 8
236 238 9
236 204 2
236 252 5
236 492 4
237 229 6
237 493 4
237 233 2
237 236 4
237 205 1
237 109 1
237 173 9
237 239 8
237 253 4
238 230 1
238 234 8
238 236 5
238 110 9
238 206 8
238 239 4
238 174 4
238 494 3
238 254 5
239 235 9
239 237 7
239 238 8
239 175 6
239 495 5
239 111 10
239 207 9
239 255 1
240 224 8
240 176 1
240 208 9
240 112 3
240 241 6
240 242 2
240 244 6
240 496 6
240 248 1
241 497 4
241 225 6
241 209 3
241 177 7
241 240 1
241 113 3
241 243 1
241 245 1
241 249 5
242 226 1
242 178 6
242 114 8
242 240 9
242 498 3
242 210 1
242 243 5
242 246 5
242 250 1
243 499 8
243 241 4
243 242 4
243 115 7
243 247 2
243 251 2
244 228 8
244 500 3
244 240 4
244 180 8
244 212 6
244 246 9
244 116 5
244 252 2
244 245 2
245 501 5
245 241 3
245 244 2
245 213 1
245 247 1
245 253 1
245 117 10
246 502 8
246 242 3
246 244 9
246 214 6
246 247 5
246 118 1
246 254 7
247 503 6
247 231 9
247 215 5
247 243 8
247 245 9
247 246 5
247 183 7
247 119 9
247 255 9
248 504 5
248 232 2
248 252 1
248 240 7
248 184 1
248 120 1
248 249 10
248 250 8
248 216 1
249 505 1
249 233 6
249 241 6
249 217 6
249 248 5
249 121 4
249 251 6
249 253 2
249 185 10
250 506 10
250 234 3
250 242 2
250 186 3
250 248 2
250 218 7
250 251 4
250 122 2
250 254 3
251 235 4
251 243 8
251 219 7
251 249 2
251 250 4
251 123 1
251 507 4
251 255 7
252 220 1
252 124 7
252 236 9
252 508 1
252 244 8
252 248 2
252 188 8
252 253 1
252 254 2
253 237 6
253 125 9
253 189 10
253 245 4
253 249 3
253 509 4
253 252 2
253 221 8
253 255 7
254 126 5
254 238 2
254 190 6
254 246 10
254 510 1
254 250 3
254 252 9
254 222 10
254 255 6
255 511 5
255 247 1
255 251 7
255 253 4
255 254 10
255 191 5
256 0 7
256 257 3
256 258 8
256 260 9
256 264 2
256 288 3
256 272 9
256 320 1
256 384 9
257 256 4
257 1 1
257 259 9
257 261 6
257 289 3
257 265 3
257 321 7
257 385 7
257 273 4
258 256 3
258 2 6
258 259 7
258 262 3
258 266 3
258 322 3
258 290 4
258 386 3
258 274 3
259 257 1
259 258 10
259 3 1
259 263 3
259 291 8
259 323 7
259 267 1
259 387 3
259 275 5
260 256 6
260 4 5
260 261 2
260 262 7
260 324 5
260 388 8
260 268 9
260 276 7
260 292 7
261 257 2
261 260 3
261 5 4
261 325 10
261 263 4
261 389 3
261 269 8
261 277 5
261 293 9
262 258 5
262 260 5
262 294 9
262 6 2
262 263 3
262 270 6
262 326 6
262 278 7
262 390 9
263 327 9
263 259 6
263 391 2
263 261 7
263 262 4
263 7 3
263 295 10
263 271 1
263 279 1
264 256 2
264 328 4
264 392 10
264 8 6
264 265 2
264 266 7
264 268 2
264 296 1
264 280 8
265 393 6
265 257 6
265 264 5
265 9 2
265 267 8
265 269 8
265 297 3
265 281 9
265 329 5
266 258 8
266 264 3
266 10 10
266 267 1
266 270 4
266 282 3
266 330 1
266 298 8
266 394 4
267 259 10
267 265 3
267 266 4
267 11 5
267 271 5
267 299 7
267 331 3
267 283 10
267 395 9
268 260 10
268 264 1
268 300 10
268 12 4
268 269 9
268 270 7
268 332 3
268 396 4
268 284 1
269 261 4
269 265 4
269 268 3
269 13 1
269 271 7
269 301 3
269 333 5
269 397 4
269 285 6
270 262 10
270 266 10
270 268 4
270 14 7
270 271 3
270 334 2
270 302 10
270 398 5
270 286 9
271 263 7
271 267 9
271 269 5
271 270 7
271 15 4
271 335 9
271 399 3
271 303 8
271 287 3
272 256 2
272 304 8
272 16 6
272 273 9
272 274 4
272 276 2
272 336 4
272 280 5
272 400 2
273 257 2
273 305 5
273 337 3
273 272 3
273 17 7
273 275 3
273 277 9
273 401 1
273 281 8
274 258 10
274 338 2
274 306 7
274 402 4
274 272 10
274 18 5
274 275 5
274 278 9
274 282 5
275 259 10
275 307 7
275 339 3
275 403 3
275 273 5
275 274 7
275 19 1
275 279 6
275 283 10
276 260 3
276 340 9
276 404 3
276 272 5
276 20 8
276 277 10
276 278 9
276 308 9
276 284 3
277 261 8
277 341 8
277 405 4
277 273 10
277 276 6
277 21 6
277 279 9
277 285 6
277 309 2
278 342 8
278 310 9
278 262 3
278 274 3
278 276 1
278 22 4
278 279 10
278 286 3
278 406 8
279 343 2
279 407 5
279 263 1
279 311 4
279 275 4
279 277 9
279 278 6
279 23 5
279 287 5
280 344 5
280 408 8
280 264 2
280 272 5
280 312 6
280 24 8
280 281 9
280 282 7
280 284 3
281 409 8
281 265 8
281 273 9
281 313 1
281 280 5
281 25 2
281 283 2
281 285 1
281 345 2
282 266 4
282 274 1
282 410 6
282 280 9
282 26 10
282 283 2
282 346 3
282 314 8
282 286 8
283 315 1
283 267 1
283 347 7
283 275 3
283 281 3
283 282 2
283 27 5
283 411 6
283 287 5
284 316 2
284 268 1
284 276 2
284 280 5
284 348 7
284 412 8
284 28 10
284 285 10
284 286 3
285 269 9
285 317 1
285 277 5
285 349 8
285 413 10
285 281 6
285 284 2
285 29 3
285 287 9
286 270 7
286 414 10
286 350 3
286 318 5
286 278 7
286 282 7
286 284 5
286 30 9
286 287 3
287 271 8
287 319 6
287 351 1
287 415 4
287 279 5
287 283 9
287 285 4
287 286 4
287 31 8
288 256 7
288 290 7
288 292 6
288 289 1
288 296 7
288 304 2
288 352 2
288 416 4
289 288 7
289 33 5
289 291 9
289 293 8
289 257 2
289 297 6
289 353 6
289 305 4
289 417 2
290 288 3
290 34 7
290 291 3
290 294 1
290 298 5
290 354 7
290 258 7
290 418 7
290 306 2
291 289 1
291 290 9
291 259 2
291 295 3
291 307 9
291 299 7
291 419 1
291 35 4
291 355 8
292 288 8
292 260 7
292 293 3
292 294 2
292 356 6
292 420 6
292 300 10
292 308 10
292 36 2
293 289 8
293 292 7
293 37 10
293 295 2
293 421 8
293 357 7
293 301 1
293 309 4
293 261 9
294 290 10
294 292 4
294 38 8
294 262 9
294 295 3
294 302 10
294 422 2
294 310 7
294 358 4
295 291 2
295 293 10
295 294 8
295 263 1
295 39 2
295 303 8
295 359 2
295 311 5
295 423 6
296 288 5
296 360 1
296 424 8
296 40 10
296 297 9
296 298 5
296 300 9
296 264 3
296 312 4
297 289 4
297 425 10
297 296 5
297 41 10
297 299 5
297 301 6
297 265 1
297 313 9
297 361 10
298 290 4
298 296 8
298 42 9
298 299 6
298 302 1
298 362 1
298 314 6
298 266 10
298 426 4
299 291 5
299 363 3
299 297 9
299 298 10
299 267 10
299 303 9
299 43 4
299 315 8
299 427 1
300 292 9
300 296 10
300 44 8
300 268 3
300 301 7
300 302 4
300 364 2
300 428 6
300 316 1
301 293 10
301 297 7
301 300 6
301 45 3
301 303 8
301 269 7
301 365 10
301 429 6
301 317 9
302 294 9
302 298 10
302 300 2
302 270 6
302 303 3
302 366 3
302 46 7
302 430 10
302 318 10
303 295 6
303 299 9
303 301 2
303 302 4
303 271 3
303 367 4
303 431 7
303 47 2
303 319 6
304 288 3
304 272 2
304 48 8
304 305 5
304 306 1
304 432 4
304 308 1
304 368 3
304 312 3
305 289 10
305 273 1
305 369 6
305 304 10
305 49 2
305 307 10
305 309 9
305 433 6
305 313 9
306 290 9
306 370 2
306 274 3
306 434 4
306 304 3
306 50 5
306 307 8
306 310 4
306 314 5
307 51 10
307 291 7
307 371 4
307 435 5
307 305 8
307 306 9
307 275 2
307 311 8
307 315 1
308 292 6
308 372 8
308 436 5
308 304 8
308 276 2
308 309 2
308 310 6
308 52 9
308 316 1
309 293 4
309 373 10
309 437 6
309 305 7
309 308 6
309 53 3
309 311 5
309 317 6
309 277 7
310 54 2
310 294 4
310 438 6
310 306 2
310 308 4
310 278 1
310 311 4
310 374 5
310 318 8
311 375 5
311 439 5
311 295 8
311 55 9
311 307 1
311 309 1
311 310 8
311 279 6
311 319 7
312 376 8
312 440 3
312 296 4
312 304 6
312 280 1
312 56 6
312 313 2
312 314 9
312 316 10
313 441 1
313 297 5
313 305 2
313 281 9
313 312 10
313 57 5
313 315 1
313 317 5
313 377 6
314 378 9
314 298 7
314 306 1
314 312 3
314 58 1
314 315 4
314 282 5
314 318 8
314 442 7
315 59 2
315 379 2
315 299 6
315 307 5
315 313 1
315 314 7
315 283 6
315 443 10
315 319 6
316 60 5
316 300 8
316 308 7
316 312 5
316 380 1
316 444 10
316 284 3
316 317 7
316 318 6
317 301 10
317 285 8
317 309 1
317 381 3
317 313 7
317 316 3
317 61 8
317 445 8
317 319 1
318 382 9
318 302 5
318 62 3
318 310 1
318 446 10
318 314 8
318 316 7
318 286 4
318 319 6
319 63 4
319 303 10
319 383 4
319 447 10
319 311 5
319 315 7
319 317 9
319 318 6
319 287 1
320 256 2
320 322 10
320 324 9
320 321 5
320 328 3
320 336 1
320 352 8
320 448 1
321 320 4
321 65 8
321 323 3
321 325 5
321 257 7
321 329 1
321 353 9
321 337 1
321 449 7
322 320 1
322 66 1
322 323 9
322 326 3
322 330 6
322 354 7
322 258 2
322 450 6
322 338 8
323 321 7
323 322 1
323 259 3
323 327 2
323 339 2
323 331 3
323 451 9
323 67 2
323 355 9
324 320 8
324 260 1
324 325 9
324 326 1
324 356 8
324 332 2
324 340 3
324 68 6
324 452 6
325 321 8
325 324 10
325 69 10
325 327 7
325 357 9
325 333 6
325 453 9
325 341 9
325 261 6
326 322 5
326 324 5
326 70 3
326 262 8
326 327 4
326 454 3
326 334 4
326 342 4
326 358 1
327 323 4
327 325 7
327 326 9
327 263 9
327 71 6
327 335 9
327 359 9
327 343 1
327 455 9
328 320 6
328 360 2
328 456 7
328 72 2
328 329 8
328 330 7
328 332 5
328 264 2
328 344 7
329 321 1
329 457 3
329 328 4
329 73 10
329 331 3
329 333 9
329 265 9
329 345 7
329 361 5
330 458 1
330 322 6
330 328 2
330 74 2
330 331 10
330 334 5
330 362 3
330 346 5
330 266 10
331 323 4
331 363 1
331 329 6
331 330 1
331 267 4
331 335 9
331 75 9
331 347 8
331 459 1
332 460 8
332 324 3
332 328 4
332 76 3
332 268 2
332 333 4
332 334 7
332 364 5
332 348 10
333 325 2
333 329 7
333 332 8
333 77 8
333 335 1
333 269 2
333 365 10
333 461 5
333 349 5
334 326 2
334 330 10
334 332 1
334 270 1
334 335 3
334 366 8
334 78 4
334 462 1
334 350 8
335 327 9
335 331 5
335 333 3
335 334 8
335 271 1
335 367 1
335 463 9
335 79 6
335 351 3
336 320 5
336 272 1
336 464 8
336 80 3
336 337 7
336 338 4
336 340 1
336 368 7
336 344 1
337 321 9
337 273 10
337 369 5
337 336 5
337 81 7
337 465 9
337 339 5
337 341 6
337 345 2
338 322 9
338 370 3
338 274 8
338 336 9
338 466 5
338 82 7
338 339 2
338 342 2
338 346 4
339 83 9
339 323 5
339 371 9
339 467 4
339 337 4
339 338 7
339 275 10
339 343 8
339 347 3
340 324 10
340 372 9
340 468 10
340 336 7
340 276 6
340 341 1
340 342 3
340 84 10
340 348 6
341 325 3
341 373 1
341 469 5
341 337 6
341 340 10
341 85 8
341 343 4
341 349 4
341 277 8
342 86 10
342 326 3
342 470 10
342 338 10
342 340 5
342 278 5
342 343 9
342 374 8
342 350 1
343 375 6
343 471 3
343 327 2
343 87 1
343 339 5
343 341 5
343 342 3
343 279 10
343 351 1
344 376 5
344 472 5
344 328 2
344 336 9
344 280 2
344 88 9
344 345 3
344 346 6
344 348 8
345 473 9
345 329 6
345 337 8
345 281 6
345 344 6
345 89 1
345 347 2
345 349 8
345 377 10
346 474 9
346 378 10
346 330 10
346 338 2
346 344 1
346 90 3
346 347 3
346 282 6
346 350 10
347 379 9
347 331 2
347 339 8
347 345 5
347 346 3
347 283 2
347 475 4
347 351 7
348 92 9
348 332 5
348 476 9
348 340 10
348 344 2
348 380 9
348 284 5
348 349 1
348 350 8
349 333 6
349 285 5
349 341 3
349 381 4
349 345 1
349 477 7
349 348 1
349 93 10
349 351 10
350 382 5
350 334 3
350 94 10
350 342 6
350 478 5
350 346 3
350 348 9
350 286 10
350 351 7
351 95 3
351 335 5
351 383 3
351 479 6
351 343 2
351 347 4
351 349 6
351 350 10
351 287 8
352 354 10
352 356 10
352 353 7
352 360 9
352 320 1
352 368 5
352 480 7
353 97 7
353 355 6
353 357 5
353 321 5
353 361 6
353 289 8
353 369 8
353 481 8
354 355 9
354 358 9
354 362 6
354 290 10
354 322 6
354 482 8
354 370 4
355 291 9
355 359 4
355 363 3
355 483 2
355 99 5
355 323 7
355 371 8
356 352 3
356 100 5
356 324 3
356 357 6
356 358 7
356 364 10
356 484 9
356 372 4
356 292 10
357 353 5
357 356 2
357 101 7
357 359 8
357 485 2
357 365 1
357 373 9
357 293 1
357 325 9
358 354 3
358 356 3
358 294 9
358 326 5
358 359 4
358 486 2
358 366 8
358 374 10
358 102 8
359 355 5
359 487 2
359 357 10
359 358 10
359 327 7
359 295 3
359 367 2
359 375 2
359 103 8
360 328 1
360 352 9
360 488 10
360 104 3
360 361 3
360 362 8
360 364 1
360 296 7
360 376 5
361 353 10
361 489 8
361 360 7
361 105 5
361 363 2
361 365 3
361 329 3
361 377 3
361 297 6
362 490 10
362 354 10
362 360 1
362 106 4
362 363 2
362 366 10
362 378 4
362 298 9
362 330 4
363 355 3
363 361 3
363 362 7
363 299 3
363 367 3
363 107 8
363 331 1
363 379 7
363 491 10
364 356 2
364 360 3
364 300 2
364 332 3
364 365 6
364 366 6
364 108 6
364 380 8
364 492 2
365 357 6
365 493 8
365 361 10
365 364 6
365 109 2
365 333 3
365 301 5
365 367 6
365 381 5
366 358 4
366 362 3
366 364 2
366 110 9
366 334 3
366 367 9
366 302 2
366 494 7
366 382 2
367 359 3
367 363 8
367 365 1
367 366 4
367 335 4
367 495 2
367 111 10
367 303 3
367 383 2
368 352 10
368 304 1
368 112 5
368 369 5
368 370 6
368 372 6
368 496 7
368 336 9
368 376 2
369 497 1
369 353 7
369 337 6
369 305 1
369 368 10
369 113 9
369 371 10
369 373 4
369 377 8
370 354 4
370 306 2
370 338 5
370 368 7
370 498 3
370 114 5
370 371 5
370 374 3
370 378 2
371 339 8
371 499 3
371 115 10
371 369 4
371 370 7
371 307 2
371 375 7
371 379 5
372 116 2
372 356 3
372 500 7
372 368 4
372 340 8
372 373 1
372 374 5
372 308 10
372 380 1
373 357 1
373 501 7
373 369 9
373 372 10
373 117 6
373 375 7
373 309 9
373 381 1
373 341 8
374 310 9
374 358 7
374 502 9
374 370 7
374 372 4
374 342 7
374 375 1
374 118 8
374 382 7
375 503 5
375 359 7
375 311 10
375 371 8
375 373 10
375 374 3
375 343 2
375 119 6
375 383 8
376 344 10
376 504 3
376 360 2
376 368 7
376 312 6
376 120 2
376 377 6
376 378 5
376 380 5
377 505 8
377 361 10
377 381 9
377 369 3
377 345 1
377 376 1
377 121 7
377 379 4
377 313 3
378 506 8
378 379 10
378 362 1
378 370 3
378 376 3
378 122 5
378 314 10
378 346 8
378 382 5
379 363 9
379 123 1
379 371 4
379 377 10
379 378 10
379 315 1
379 507 6
379 383 4
380 316 4
380 364 9
380 124 4
380 508 7
380 372 5
380 376 6
380 348 6
380 381 1
380 382 4
381 317 10
381 365 4
381 349 4
381 373 6
381 377 3
381 509 7
381 380 7
381 125 5
381 383 7
382 126 3
382 366 8
382 318 5
382 374 7
382 510 4
382 378 7
382 380 9
382 350 4
382 383 9
383 379 3
383 127 10
383 367 2
383 511 8
383 375 2
383 319 5
383 381 2
383 382 3
383 351 6
384 128 4
384 256 6
384 386 1
384 388 6
384 385 8
384 392 8
384 400 1
384 416 4
384 448 4
385 384 7
385 129 6
385 387 2
385 389 8
385 257 8
385 393 5
385 401 2
385 449 8
385 417 2
386 384 4
386 130 8
386 387 6
386 390 7
386 394 10
386 258 7
386 418 1
386 450 1
386 402 8
387 385 7
387 386 1
387 259 3
387 391 2
387 395 1
387 403 10
387 419 5
387 451 5
387 131 9
388 384 3
388 260 3
388 389 9
388 390 7
388 420 4
388 396 3
388 404 9
388 132 7
388 452 6
389 385 1
389 388 7
389 133 7
389 391 3
389 421 6
389 453 9
389 397 4
389 405 8
389 261 8
390 386 5
390 388 8
390 134 4
390 262 6
390 391 3
390 454 9
390 398 7
390 422 8
390 406 4
391 387 10
391 389 1
391 390 6
391 263 5
391 135 3
391 399 7
391 407 1
391 423 10
391 455 2
392 384 8
392 424 7
392 456 2
392 136 3
392 393 9
392 394 2
392 396 7
392 264 1
392 408 7
393 385 10
393 457 3
393 425 4
393 392 6
393 137 9
393 395 1
393 397 8
393 265 8
393 409 8
394 458 9
394 386 6
394 392 8
394 138 8
394 395 8
394 398 7
394 410 6
394 266 2
394 426 4
395 139 8
395 393 2
395 394 9
395 267 1
395 399 5
395 387 5
395 411 7
395 427 9
395 459 7
396 460 5
396 388 6
396 392 6
396 140 6
396 268 5
396 397 10
396 398 2
396 428 2
396 412 1
397 389 3
397 393 9
397 396 8
397 141 2
397 399 3
397 269 8
397 429 8
397 461 4
397 413 6
398 390 9
398 394 8
398 396 2
398 270 1
398 399 1
398 142 4
398 430 1
398 462 1
398 414 9
399 391 7
399 395 5
399 397 2
399 398 3
399 271 7
399 431 1
399 463 7
399 143 10
399 415 3
400 384 6
400 272 6
400 464 3
400 144 4
400 401 10
400 402 10
400 432 10
400 404 9
400 408 4
401 385 3
401 273 2
401 400 4
401 145 1
401 465 2
401 403 4
401 405 4
401 433 3
401 409 8
402 386 5
402 274 7
402 434 6
402 400 3
402 466 7
402 146 8
402 403 10
402 406 2
402 410 4
403 387 3
403 147 9
403 435 3
403 467 2
403 401 10
403 402 6
403 275 2
403 407 7
403 411 10
404 388 8
404 436 7
404 468 8
404 400 9
404 276 8
404 405 3
404 406 6
404 148 7
404 412 7
405 389 8
405 437 4
405 469 9
405 401 10
405 404 9
405 149 7
405 407 10
405 413 9
405 277 9
406 150 6
406 390 1
406 438 2
406 470 10
406 402 5
406 404 9
406 278 2
406 407 7
406 414 2
407 439 6
407 471 1
407 391 5
407 151 7
407 403 4
407 405 9
407 406 4
407 279 5
407 415 2
408 440 8
408 472 8
408 392 2
408 400 1
408 280 3
408 152 9
408 409 10
408 410 6
408 412 1
409 441 4
409 473 8
409 393 8
409 401 6
409 281 9
409 408 9
409 153 5
409 411 6
409 413 2
410 474 10
410 394 4
410 402 5
410 408 6
410 154 6
410 411 10
410 282 1
410 414 7
410 442 9
411 155 4
411 395 9
411 403 9
411 409 2
411 410 8
411 283 3
411 443 6
411 475 4
411 415 1
412 156 1
412 396 1
412 476 7
412 404 7
412 408 7
412 444 2
412 284 9
412 413 2
412 414 4
413 397 9
413 285 10
413 405 3
413 409 10
413 477 6
413 412 3
413 157 10
413 445 4
413 415 1
414 398 4
414 158 1
414 406 6
414 446 8
414 478 10
414 410 7
414 412 7
414 286 2
414 415 3
415 159 5
415 399 7
415 447 2
415 479 5
415 407 1
415 411 10
415 413 8
415 414 9
415 287 4
416 288 6
416 418 3
416 420 10
416 417 7
416 424 7
416 432 4
416 384 1
416 480 8
417 385 7
417 419 10
417 421 5
417 161 9
417 425 4
417 289 1
417 433 4
417 481 8
418 416 5
418 162 10
418 419 3
418 422 2
418 426 4
418 290 5
418 386 9
418 482 8
418 434 8
419 418 6
419 291 9
419 423 9
419 427 6
419 387 2
419 435 1
419 483 4
419 163 9
420 416 7
420 164 8
420 292 9
420 421 3
420 422 5
420 428 10
420 484 2
420 436 8
420 388 4
421 417 4
421 420 7
421 389 6
421 423 10
421 485 8
421 429 9
421 437 9
421 293 1
421 165 2
422 418 10
422 420 10
422 166 10
422 294 1
422 423 8
422 486 8
422 430 8
422 438 6
422 390 9
423 419 4
423 487 1
423 421 9
423 422 2
423 295 1
423 391 1
423 431 1
423 439 8
423 167 7
424 416 2
424 392 10
424 488 1
424 168 4
424 425 3
424 426 10
424 428 6
424 296 9
424 440 10
425 417 3
425 489 10
425 424 9
425 393 7
425 427 2
425 429 3
425 169 6
425 441 5
425 297 10
426 490 2
426 418 7
426 424 3
426 170 10
426 427 9
426 430 9
426 442 1
426 298 9
426 394 2
427 171 6
427 425 6
427 426 3
427 299 7
427 431 10
427 419 5
427 443 1
427 395 9
427 491 4
428 420 7
428 424 5
428 396 1
428 300 6
428 429 1
428 430 6
428 172 10
428 444 9
428 492 6
429 421 10
429 493 6
429 425 4
429 428 4
429 397 2
429 173 8
429 301 4
429 431 8
429 445 3
430 422 5
430 426 10
430 428 5
430 302 10
430 431 3
430 174 2
430 398 10
430 494 8
430 446 5
431 175 6
431 423 1
431 427 4
431 429 2
431 430 8
431 303 9
431 495 6
431 399 8
431 447 2
432 416 10
432 304 10
432 434 3
432 176 7
432 433 5
432 400 10
432 436 10
432 496 5
432 440 7
433 497 9
433 417 7
433 177 3
433 305 10
433 432 6
433 401 4
433 435 8
433 437 10
433 441 3
434 418 10
434 306 6
434 402 9
434 432 8
434 498 4
434 178 10
434 435 7
434 438 5
434 442 1
435 179 5
435 403 2
435 499 4
435 433 4
435 434 5
435 307 8
435 439 9
435 443 4
436 180 5
436 420 2
436 500 9
436 432 1
436 308 9
436 437 1
436 438 8
436 404 8
436 444 7
437 421 6
437 501 9
437 433 5
437 436 2
437 405 8
437 439 10
437 309 9
437 445 6
437 181 3
438 182 4
438 422 4
438 502 7
438 434 10
438 436 5
438 310 6
438 439 2
438 446 8
438 406 8
439 503 7
439 423 2
439 407 3
439 435 2
439 437 10
439 438 5
439 311 8
439 183 10
439 447 7
440 408 2
440 504 4
440 424 6
440 432 2
440 312 6
440 184 3
440 441 3
440 442 2
440 444 9
441 505 7
441 425 3
441 445 1
441 433 1
441 185 4
441 440 5
441 409 7
441 443 8
441 313 8
442 506 3
442 426 2
442 434 7
442 446 1
442 440 1
442 186 10
442 443 2
442 314 6
442 410 7
443 187 3
443 427 4
443 507 5
443 435 9
443 441 10
443 442 7
443 315 9
443 411 7
443 447 8
444 412 7
444 428 9
444 508 4
444 188 7
444 436 1
444 440 1
444 316 3
444 445 9
444 446 5
445 317 10
445 429 4
445 189 4
445 437 1
445 441 8
445 509 3
445 444 7
445 413 4
445 447 6
446 430 8
446 414 8
446 190 9
446 438 3
446 510 5
446 442 10
446 444 8
446 318 3
446 447 8
447 511 1
447 191 6
447 431 9
447 415 9
447 439 3
447 443 9
447 445 4
447 446 8
447 319 2
448 450 7
448 452 4
448 449 2
448 456 5
448 464 6
448 384 10
448 480 3
449 385 6
449 451 4
449 453 3
449 193 4
449 457 5
449 321 5
449 465 5
449 481 4
450 194 10
450 451 9
450 454 4
450 458 5
450 322 5
450 386 2
450 482 2
450 466 8
451 450 3
451 323 2
451 455 10
451 459 1
451 387 5
451 467 4
451 483 8
451 195 5
452 448 6
452 324 4
452 453 10
452 454 7
452 460 8
452 484 3
452 468 7
452 196 10
452 388 7
453 449 4
453 452 6
453 389 10
453 325 2
453 455 9
453 485 10
453 461 9
453 469 6
453 197 10
454 450 1
454 452 3
454 198 6
454 326 9
454 455 3
454 486 8
454 462 4
454 470 8
454 390 10
455 451 9
455 487 9
455 453 2
455 454 7
455 327 1
455 391 4
455 463 10
455 471 4
455 199 4
456 448 3
456 392 2
456 488 8
456 200 7
456 457 2
456 458 9
456 460 2
456 328 4
456 472 10
457 449 8
457 489 8
457 456 5
457 393 5
457 459 1
457 461 2
457 201 2
457 473 9
457 329 4
458 490 7
458 450 6
458 456 1
458 202 3
458 459 1
458 462 6
458 474 4
458 330 8
458 394 3
459 203 8
459 457 4
459 458 4
459 331 6
459 463 4
459 451 9
459 475 10
459 395 3
459 491 7
460 452 2
460 456 10
460 396 3
460 332 10
460 461 1
460 462 8
460 204 3
460 476 4
460 492 10
461 453 10
461 493 6
461 457 3
461 460 1
461 397 10
461 205 10
461 333 8
461 463 6
461 477 2
462 454 7
462 458 8
462 460 4
462 334 8
462 463 10
462 206 8
462 398 4
462 494 7
462 478 2
463 455 8
463 459 3
463 461 4
463 207 2
463 335 8
463 462 4
463 495 10
463 399 10
463 479 1
464 448 4
464 336 8
464 466 10
464 208 7
464 465 3
464 400 8
464 468 2
464 496 4
464 472 3
465 497 3
465 449 3
465 209 2
465 337 9
465 464 3
465 401 1
465 467 9
465 469 9
465 473 2
466 450 8
466 338 5
466 402 6
466 464 6
466 498 2
466 210 10
466 467 9
466 470 6
466 474 8
467 211 9
467 403 8
467 499 4
467 465 8
467 466 7
467 339 7
467 471 4
467 475 6
468 212 2
468 452 7
468 500 9
468 464 8
468 340 2
468 469 3
468 470 9
468 404 3
468 476 9
469 453 10
469 341 4
469 501 2
469 465 10
469 468 4
469 405 4
469 471 3
469 477 9
469 213 4
470 214 1
470 454 2
470 502 6
470 466 7
470 468 9
470 342 3
470 471 6
470 478 6
470 406 10
471 503 3
471 455 2
471 407 9
471 467 4
471 469 9
471 470 8
471 343 2
471 215 2
471 479 5
472 408 3
472 504 7
472 456 10
472 464 9
472 344 9
472 216 4
472 473 6
472 474 9
472 476 5
473 505 1
473 457 10
473 465 5
473 217 5
473 472 6
473 409 4
473 475 3
473 477 7
473 345 6
474 506 1
474 458 9
474 466 6
474 478 9
474 472 1
474 218 5
474 475 6
474 346 8
474 410 10
475 219 8
475 459 1
475 507 1
475 467 2
475 473 6
475 474 4
475 347 4
475 411 8
475 479 4
476 220 10
476 412 2
476 460 8
476 508 3
476 468 3
476 472 2
476 348 3
476 477 10
476 478 7
477 461 4
477 221 1
477 469 9
477 349 8
477 473 4
477 509 7
477 476 1
477 413 1
477 479 6
478 462 8
478 414 2
478 222 10
478 470 9
478 510 9
478 474 3
478 476 3
478 350 6
478 479 1
479 511 9
479 223 7
479 463 6
479 415 6
479 471 1
479 475 7
479 477 5
479 478 10
479 351 6
480 482 5
480 484 3
480 481 2
480 488 3
480 496 10
480 416 7
480 448 7
481 483 7
481 485 8
481 449 10
481 489 9
481 353 1
481 417 7
481 497 5
482 483 6
482 486 10
482 490 6
482 354 2
482 226 9
482 418 4
482 498 7
483 487 8
483 491 1
483 419 10
483 451 9
483 499 10
483 227 3
484 480 9
484 356 3
484 228 1
484 486 5
484 492 6
484 452 3
484 500 10
484 420 3
484 485 4
485 484 3
485 421 6
485 357 1
485 487 4
485 493 1
485 501 7
485 453 1
486 482 6
486 484 6
486 358 7
486 454 9
486 422 4
486 487 9
486 494 8
486 502 2
487 455 10
487 359 1
487 486 4
487 423 1
487 495 9
487 503 10
487 231 3
488 480 9
488 424 5
488 456 10
488 232 8
488 489 8
488 490 10
488 492 10
488 360 7
488 504 7
489 481 3
489 425 9
489 488 6
489 233 1
489 491 3
489 493 9
489 457 8
489 505 9
489 361 6
490 482 10
490 488 2
490 458 6
490 491 3
490 494 6
490 362 3
490 506 5
490 234 3
490 426 5
491 235 8
491 489 9
491 490 2
491 363 6
491 495 6
491 483 9
491 507 10
491 427 9
491 459 6
492 484 1
492 488 2
492 428 5
492 364 4
492 493 10
492 494 10
492 236 6
492 460 7
492 508 7
493 489 9
493 492 4
493 429 5
493 461 4
493 237 3
493 365 9
493 495 7
493 509 7
494 490 6
494 492 9
494 462 3
494 495 3
494 238 8
494 366 8
494 430 2
494 510 2
495 491 4
495 239 5
495 493 9
495 494 1
495 367 7
495 463 5
495 431 4
495 511 9
496 480 8
496 368 5
496 240 1
496 497 3
496 498 9
496 432 8
496 464 9
496 504 3
496 500 2
497 465 4
497 369 2
497 496 9
497 241 5
497 499 9
497 501 6
497 433 3
497 505 9
498 370 8
498 242 4
498 434 3
498 496 1
498 466 1
498 499 2
498 502 9
498 506 5
499 503 10
499 507 10
500 484 2
500 244 9
500 468 2
500 496 1
500 372 10
500 501 9
500 502 10
500 436 8
500 508 8
501 485 10
501 373 2
501 497 8
501 500 2
501 437 7
501 503 5
501 509 7
501 469 6
502 374 4
502 486 7
502 438 7
502 498 4
502 500 7
502 470 9
502 503 5
502 510 8
503 511 5
503 247 7
504 440 5
504 472 5
504 488 6
504 496 3
504 376 6
504 248 6
504 505 9
504 506 3
504 508 8
505 441 6
505 489 3
505 497 10
505 473 10
505 504 1
505 249 5
505 507 5
505 509 7
505 377 2
506 100000 100
506 100003 100
506 490 2
506 498 7
506 378 9
506 504 7
506 474 4
506 507 9
506 250 4
506 510 9
506 442 2
507 100001 100
507 100002 100
507 100004 100
507 491 4
507 499 9
507 505 4
507 506 5
507 379 1
507 443 1
507 475 7
507 511 9
508 100002 100
508 444 5
508 492 1
508 476 4
508 500 4
508 252 6
508 504 9
508 380 5
508 509 8
508 510 7
509 100000 100
509 100001 100
509 100004 100
509 477 9
509 253 7
509 501 3
509 381 8
509 505 10
509 508 6
509 445 2
509 511 4
510 100002 100
510 100003 100
510 100004 100
510 254 3
510 382 6
510 502 4
510 446 3
510 506 3
510 508 8
510 478 10
510 511 8
-2 3 100
-2 5 100
-5 1 100
-4 2 100
-4 5 100
-3 0 100
-3 4 100
-3 5 100
-1 0 100
-1 1 100
-1 2 100
