0 32 5
0 1 4
0 2 5
0 4 1
0 8 5
0 64 4
0 16 3
1 33 1
1 3 3
1 5 5
1 65 3
1 9 1
1 17 4
2 34 2
2 3 3
2 6 4
2 10 1
2 66 1
2 18 1
3 35 3
3 7 5
3 11 5
3 19 2
3 67 2
4 36 4
4 5 1
4 6 2
4 12 4
4 20 1
4 68 2
5 37 5
5 7 3
5 13 5
5 21 2
5 69 1
6 70 4
6 38 4
6 7 5
6 14 1
6 22 1
7 39 1
7 71 2
7 15 2
7 23 2
8 40 5
8 9 5
8 10 5
8 12 3
8 72 5
8 24 5
9 41 5
9 11 3
9 13 3
9 73 2
9 25 1
10 42 4
10 11 4
10 14 2
10 26 3
10 74 5
11 43 2
11 15 1
11 75 3
11 27 5
12 76 2
12 44 4
12 13 4
12 14 1
12 28 3
13 45 5
13 77 3
13 15 1
13 29 4
14 46 1
14 15 2
14 78 5
14 30 5
15 47 4
15 79 4
15 31 4
16 80 2
16 48 4
16 17 1
16 18 5
16 20 3
16 24 1
17 81 5
17 49 2
17 19 5
17 21 1
17 25 2
18 82 3
18 50 4
18 19 1
18 22 2
18 26 5
19 83 4
19 51 2
19 23 4
19 27 5
20 52 5
20 21 1
20 22 4
20 84 2
20 28 4
21 53 2
21 23 4
21 29 3
21 85 1
22 86 4
22 54 3
22 23 3
22 30 4
23 87 5
23 55 2
23 31 5
24 88 4
24 56 2
24 25 5
24 26 1
24 28 1
25 89 5
25 57 3
25 27 3
25 29 4
26 58 2
26 27 1
26 90 5
26 30 2
27 91 1
27 59 5
27 31 5
28 92 2
28 60 4
28 29 3
28 30 3
29 93 2
29 61 3
29 31 1
30 94 2
30 62 2
30 31 5
31 95 1
31 63 5
32 33 4
32 34 1
32 36 5
32 40 2
32 96 2
32 48 5
33 35 4
33 37 5
33 97 2
33 41 2
33 49 4
34 35 5
34 38 5
34 42 4
34 98 3
34 50 5
35 39 5
35 43 2
35 99 3
35 51 1
36 37 1
36 38 3
36 44 2
36 52 5
36 100 5
37 39 2
37 45 4
37 53 5
37 101 1
38 102 3
38 39 5
38 46 1
38 54 4
39 103 4
39 47 3
39 55 2
40 41 1
40 42 5
40 44 5
40 104 1
40 56 2
41 43 1
41 45 5
41 105 4
41 57 2
42 43 1
42 46 1
42 58 1
42 106 3
43 47 5
43 107 1
43 59 2
44 108 2
44 45 4
44 46 5
44 60 3
45 47 3
45 109 5
45 61 1
46 47 5
46 110 3
46 62 4
47 111 3
47 63 5
48 112 4
48 49 1
48 50 4
48 52 5
48 56 4
49 113 4
49 51 4
49 53 4
49 57 3
50 114 3
50 51 5
50 54 1
50 58 1
51 115 4
51 55 4
51 59 1
52 53 3
52 54 3
52 116 3
52 60 4
53 55 3
53 61 5
53 117 2
54 118 1
54 55 2
54 62 4
55 119 2
55 63 5
56 120 2
56 57 3
56 58 3
56 60 5
57 121 1
57 59 4
57 61 5
58 59 1
58 122 2
58 62 3
59 123 2
59 63 4
60 124 2
60 61 2
60 62 5
61 125 1
61 63 2
62 126 5
62 63 4
63 127 1
64 65 3
64 66 3
64 68 4
64 72 3
64 96 3
64 80 3
65 67 4
65 69 2
65 97 1
65 73 2
65 81 2
66 67 4
66 70 1
66 74 5
66 98 5
66 82 2
67 71 1
67 75 2
67 99 1
67 83 3
68 69 3
68 70 3
68 76 3
68 84 2
68 100 5
69 71 2
69 77 5
69 85 5
69 101 5
70 102 5
70 71 3
70 78 3
70 86 1
71 103 2
71 79 2
71 87 2
72 73 1
72 74 2
72 76 3
72 104 4
72 88 3
73 75 3
73 77 5
73 105 5
73 89 5
74 75 2
74 78 5
74 90 3
74 106 3
75 79 4
75 107 2
75 91 1
76 108 1
76 77 4
76 78 3
76 92 2
77 79 4
77 109 2
77 93 3
78 79 4
78 110 2
78 94 4
79 111 4
79 95 1
80 112 2
80 81 5
80 82 4
80 84 1
80 88 5
81 113 2
81 83 5
81 85 4
81 89 2
82 114 5
82 83 3
82 86 1
82 90 4
83 115 3
83 87 3
83 91 2
84 85 4
84 86 2
84 116 4
84 92 2
85 87 1
85 93 3
85 117 2
86 118 2
86 87 5
86 94 1
87 119 2
87 95 4
88 120 5
88 89 3
88 90 4
88 92 1
89 121 4
89 91 5
89 93 1
90 91 4
90 122 3
90 94 5
91 123 1
91 95 3
92 124 2
92 93 4
92 94 3
93 125 3
93 95 3
94 126 3
94 95 1
95 127 3
96 98 5
96 100 4
96 97 1
96 104 2
96 112 1
97 99 5
97 101 2
97 105 5
97 113 2
98 99 2
98 102 5
98 106 1
98 114 5
99 103 1
99 107 1
99 115 1
100 101 4
100 102 3
100 108 3
100 116 3
101 103 3
101 109 4
101 117 5
102 103 3
102 110 5
102 118 1
103 111 4
103 119 4
104 105 2
104 106 1
104 108 4
104 120 2
105 107 5
105 109 2
105 121 3
106 107 2
106 110 1
106 122 1
107 111 2
107 123 4
108 109 1
108 110 2
108 124 3
109 111 4
109 125 3
110 111 1
110 126 4
111 127 3
112 113 1
112 114 2
112 116 4
112 120 3
113 115 3
113 117 3
113 121 2
114 115 2
114 118 2
114 122 5
115 119 1
115 123 1
116 117 5
116 118 4
116 124 2
117 119 5
117 125 3
118 119 5
118 126 3
119 127 5
120 121 5
120 122 3
120 124 5
121 123 3
121 125 4
122 100001 50
122 100002 50
122 123 1
122 126 2
123 100000 50
123 100003 50
123 127 2
124 100001 50
124 100003 50
124 100004 50
124 125 3
124 126 3
125 127 3
126 100000 50
126 100002 50
126 127 3
127 100000 50
127 100003 50
127 100004 50
-2 1 50
-2 4 50
-2 5 50
-5 0 50
-5 1 50
-5 2 50
-4 0 50
-4 5 50
-3 0 50
-3 1 50
-3 5 50
-1 1 50
-1 2 50
-1 5 50
