0 32 6
0 1 7
0 2 10
0 4 3
0 8 1
0 64 9
0 16 1
1 33 3
1 3 10
1 5 1
1 65 4
1 9 1
1 17 3
2 34 7
2 3 3
2 6 3
2 10 9
2 66 8
2 18 3
3 35 9
3 7 9
3 11 4
3 19 1
3 67 5
4 0 4
4 36 2
4 5 5
4 6 4
4 12 6
4 20 1
4 68 9
5 4 1
5 37 7
5 7 10
5 13 5
5 21 9
5 69 10
6 2 3
6 4 6
6 70 1
6 38 10
6 7 6
6 14 8
6 22 7
7 6 10
7 39 1
7 71 2
7 15 3
7 23 4
8 0 6
8 40 9
8 9 8
8 10 8
8 12 9
8 72 10
8 24 2
9 1 9
9 8 8
9 41 9
9 11 10
9 13 7
9 73 3
9 25 10
10 2 6
10 8 9
10 42 9
10 11 4
10 14 2
10 26 8
10 74 1
11 3 6
11 9 2
11 10 6
11 43 3
11 15 2
11 75 7
11 27 9
12 4 7
12 8 9
12 76 8
12 44 4
12 13 7
12 14 6
12 28 3
13 5 9
13 9 1
13 12 9
13 45 7
13 77 10
13 15 5
13 29 5
14 6 1
14 10 3
14 12 1
14 46 9
14 15 2
14 78 3
14 30 4
15 7 6
15 11 4
15 13 1
15 14 2
15 47 10
15 79 8
15 31 9
16 0 7
16 80 1
16 48 2
16 17 10
16 18 3
16 20 10
16 24 4
17 1 8
17 81 6
17 16 2
17 49 3
17 19 5
17 21 7
17 25 2
18 2 7
18 82 8
18 16 2
18 50 4
18 19 7
18 22 7
18 26 7
19 83 5
19 3 7
19 17 3
19 18 5
19 51 2
19 23 9
19 27 6
20 4 6
20 16 8
20 52 1
20 21 8
20 22 3
20 84 6
20 28 8
21 5 10
21 17 10
21 20 2
21 53 6
21 23 9
21 29 8
21 85 10
22 86 7
22 6 4
22 18 8
22 20 8
22 54 8
22 23 8
22 30 3
23 7 5
23 87 1
23 19 3
23 21 10
23 22 1
23 55 8
23 31 6
24 8 4
24 16 8
24 88 2
24 56 4
24 25 6
24 26 6
24 28 1
25 9 6
25 17 2
25 89 9
25 24 4
25 57 1
25 27 7
25 29 10
26 10 1
26 18 8
26 24 5
26 58 10
26 27 6
26 90 6
26 30 2
27 91 5
27 11 7
27 19 2
27 25 5
27 26 1
27 59 5
27 31 2
28 92 8
28 12 1
28 20 4
28 24 10
28 60 3
28 29 10
28 30 2
29 13 7
29 93 7
29 21 6
29 25 9
29 28 8
29 61 4
29 31 5
30 14 8
30 94 7
30 22 5
30 26 6
30 28 2
30 62 4
30 31 8
31 95 9
31 15 3
31 23 3
31 27 3
31 29 1
31 30 6
31 63 4
32 33 10
32 34 7
32 36 1
32 40 7
32 96 1
32 48 9
33 35 9
33 37 1
33 97 9
33 41 9
33 49 5
34 35 3
34 38 5
34 42 6
34 98 4
34 50 6
35 39 5
35 43 5
35 99 7
35 51 8
36 32 7
36 4 2
36 37 1
36 38 5
36 44 1
36 52 8
36 100 3
37 36 3
37 5 6
37 39 8
37 45 3
37 53 10
37 101 3
38 36 5
38 102 4
38 6 1
38 39 10
38 46 10
38 54 9
39 103 7
39 47 4
39 55 8
40 32 7
40 8 3
40 41 3
40 42 7
40 44 3
40 104 3
40 56 1
41 33 8
41 40 8
41 9 1
41 43 9
41 45 6
41 105 6
41 57 10
42 34 7
42 40 8
42 10 10
42 43 8
42 46 8
42 58 2
42 106 10
43 35 7
43 41 7
43 42 7
43 11 5
43 47 3
43 107 8
43 59 3
44 36 1
44 40 1
44 108 6
44 12 7
44 45 5
44 46 7
44 60 4
45 37 3
45 41 5
45 44 5
45 13 10
45 47 1
45 109 9
45 61 4
46 38 9
46 42 5
46 44 5
46 14 2
46 47 10
46 110 10
46 62 10
47 43 1
47 45 5
47 46 8
47 15 2
47 111 6
47 63 3
48 32 4
48 112 2
48 16 9
48 49 7
48 50 3
48 52 2
48 56 5
49 33 4
49 113 4
49 48 9
49 17 7
49 51 7
49 53 8
49 57 1
50 34 4
50 114 7
50 48 4
50 18 8
50 51 10
50 54 2
50 58 8
51 35 4
51 115 4
51 49 10
51 50 7
51 19 8
51 55 3
51 59 10
52 36 2
52 48 10
52 20 3
52 53 1
52 54 4
52 116 7
52 60 8
53 37 10
53 49 1
53 52 1
53 21 5
53 55 9
53 61 7
53 117 10
54 118 3
54 38 10
54 50 10
54 52 6
54 22 1
54 55 7
54 62 10
55 39 8
55 119 8
55 51 4
55 53 8
55 54 10
55 23 2
55 63 2
56 40 6
56 48 7
56 120 5
56 24 5
56 57 4
56 58 1
56 60 9
57 41 8
57 49 6
57 121 2
57 56 7
57 25 10
57 59 7
57 61 10
58 42 9
58 50 6
58 56 5
58 26 8
58 59 5
58 122 6
58 62 2
59 123 7
59 43 2
59 51 9
59 57 2
59 58 2
59 27 8
59 63 10
60 124 2
60 44 4
60 52 5
60 56 3
60 28 1
60 61 3
60 62 10
61 45 7
61 125 3
61 53 6
61 57 3
61 60 8
61 29 3
61 63 5
62 46 8
62 126 10
62 54 6
62 58 3
62 60 5
62 30 1
62 63 6
63 127 7
63 47 2
63 55 5
63 59 6
63 61 1
63 62 5
63 31 5
64 65 10
64 66 5
64 68 3
64 72 4
64 96 6
64 80 4
65 67 7
65 69 1
65 97 10
65 73 1
65 81 4
66 67 7
66 70 4
66 74 6
66 98 9
66 82 7
67 71 7
67 75 8
67 99 3
67 83 8
68 4 10
68 69 6
68 70 2
68 76 4
68 84 5
68 100 9
69 68 7
69 5 6
69 71 4
69 77 4
69 85 4
69 101 3
70 68 2
70 102 8
70 6 6
70 71 8
70 78 6
70 86 8
71 103 3
71 79 2
71 87 9
72 64 5
72 8 8
72 73 10
72 74 8
72 76 7
72 104 5
72 88 5
73 65 7
73 72 7
73 9 5
73 75 2
73 77 9
73 105 8
73 89 7
74 66 2
74 72 4
74 10 5
74 75 4
74 78 2
74 90 5
74 106 8
75 67 8
75 73 9
75 74 2
75 11 6
75 79 3
75 107 4
75 91 10
76 68 8
76 72 9
76 108 5
76 12 8
76 77 1
76 78 6
76 92 4
77 69 4
77 73 10
77 76 9
77 13 5
77 79 9
77 109 9
77 93 2
78 70 3
78 74 5
78 76 5
78 14 10
78 79 1
78 110 7
78 94 6
79 75 10
79 77 2
79 78 8
79 15 6
79 111 3
79 95 10
80 64 6
80 112 6
80 16 1
80 81 6
80 82 4
80 84 6
80 88 2
81 65 6
81 113 6
81 80 5
81 17 5
81 83 4
81 85 4
81 89 4
82 66 9
82 114 10
82 80 7
82 18 5
82 83 2
82 86 8
82 90 6
83 67 5
83 115 9
83 81 9
83 82 6
83 19 7
83 87 2
83 91 2
84 68 9
84 80 6
84 20 3
84 85 2
84 86 8
84 116 9
84 92 10
85 69 7
85 81 1
85 84 9
85 21 1
85 87 9
85 93 7
85 117 5
86 118 3
86 70 4
86 82 9
86 84 3
86 22 9
86 87 8
86 94 5
87 71 7
87 119 6
87 83 1
87 85 9
87 86 8
87 23 2
87 95 7
88 72 3
88 80 5
88 120 8
88 24 3
88 89 10
88 90 2
88 92 3
89 73 9
89 81 2
89 121 9
89 88 1
89 25 9
89 91 2
89 93 1
90 74 3
90 82 6
90 88 4
90 26 4
90 91 2
90 122 5
90 94 2
91 123 6
91 75 4
91 83 10
91 89 8
91 90 5
91 27 2
91 95 3
92 124 1
92 76 7
92 84 7
92 88 8
92 28 9
92 93 4
92 94 5
93 77 9
93 125 1
93 85 1
93 89 1
93 92 8
93 29 6
93 95 7
94 78 4
94 126 5
94 86 9
94 90 10
94 92 8
94 30 7
94 95 1
95 127 10
95 79 6
95 87 9
95 91 2
95 93 6
95 94 6
95 31 7
96 98 8
96 100 2
96 97 1
96 104 10
96 112 10
97 99 7
97 101 5
97 65 6
97 105 8
97 113 2
98 99 1
98 102 1
98 106 3
98 66 4
98 114 3
99 103 5
99 107 3
99 115 8
99 35 10
100 101 1
100 102 4
100 108 8
100 116 7
100 36 10
101 37 6
101 103 2
101 109 10
101 117 9
101 69 7
102 38 7
102 70 6
102 103 3
102 110 10
102 118 8
103 111 5
103 119 2
104 40 1
104 105 6
104 106 5
104 108 6
104 72 10
104 120 5
105 41 1
105 107 10
105 109 2
105 73 10
105 121 7
106 104 5
106 42 1
106 107 2
106 110 1
106 122 9
106 74 9
107 106 5
107 75 1
107 111 10
107 43 6
107 123 5
108 100 2
108 104 1
108 44 1
108 76 5
108 109 7
108 110 8
108 124 4
109 108 1
109 45 2
109 77 6
109 111 9
109 125 1
110 108 6
110 78 9
110 111 5
110 46 7
110 126 10
111 127 8
112 96 6
112 80 2
112 48 5
112 113 6
112 114 10
112 116 1
112 120 1
113 97 1
113 81 2
113 112 9
113 49 8
113 115 10
113 117 4
113 121 3
114 98 7
114 82 6
114 112 4
114 50 8
114 115 1
114 118 8
114 122 7
115 51 1
115 99 8
115 113 6
115 114 9
115 83 3
115 119 2
115 123 8
116 100 3
116 112 7
116 84 1
116 117 6
116 118 7
116 52 6
116 124 1
117 101 2
117 113 2
117 116 2
117 53 6
117 119 8
117 125 5
117 85 1
118 54 5
118 102 3
118 114 3
118 116 2
118 86 2
118 119 2
118 126 2
119 55 10
119 115 5
119 117 2
119 118 7
119 87 9
119 127 7
120 104 6
120 112 9
120 88 10
120 56 8
120 121 9
120 122 6
120 124 4
121 105 5
121 113 4
121 89 4
121 120 10
121 57 4
121 123 10
121 125 6
122 100000 100
122 100003 100
122 100004 100
122 106 2
122 114 2
122 120 7
122 58 10
122 123 8
122 90 6
122 126 10
123 100000 100
123 100001 100
123 115 4
123 121 9
123 122 1
123 91 1
123 127 9
124 100004 100
124 60 1
124 108 8
124 116 7
124 120 5
124 92 7
124 125 4
124 126 4
125 100000 100
125 100001 100
125 100002 100
125 100004 100
125 93 9
125 117 1
125 121 5
125 124 5
125 61 8
125 127 7
126 100001 100
126 100002 100
126 100003 100
126 62 9
126 118 4
126 122 8
126 124 10
126 94 6
126 127 9
-2 0 100
-2 2 100
-5 3 100
-5 5 100
-4 1 100
-4 2 100
-4 3 100
-3 3 100
-3 4 100
-1 0 100
-1 2 100
-1 5 100
