0 32 3
0 1 5
0 2 9
0 4 9
0 8 1
0 64 3
0 128 3
0 256 10
0 16 2
1 33 4
1 3 2
1 5 10
1 65 5
1 129 7
1 9 9
1 257 3
1 17 9
2 34 1
2 3 8
2 6 9
2 10 3
2 66 10
2 18 9
2 258 10
2 130 4
3 35 5
3 131 6
3 7 5
3 259 5
3 11 2
3 19 3
3 67 2
4 132 4
4 36 1
4 5 8
4 6 3
4 12 3
4 20 2
4 68 8
4 260 2
5 133 6
5 37 3
5 7 10
5 261 3
5 13 1
5 21 7
5 69 7
6 70 3
6 38 7
6 7 8
6 262 3
6 14 6
6 22 6
6 134 8
7 263 9
7 39 10
7 71 3
7 15 5
7 23 3
7 135 2
8 40 10
8 9 8
8 10 7
8 12 7
8 72 8
8 24 3
8 136 9
8 264 10
9 41 4
9 11 6
9 13 2
9 73 4
9 137 9
9 25 7
9 265 10
10 266 4
10 42 10
10 11 6
10 14 8
10 138 10
10 26 2
10 74 10
11 43 3
11 15 8
11 75 3
11 139 10
11 267 1
11 27 1
12 76 2
12 44 3
12 13 2
12 14 2
12 140 3
12 268 5
12 28 5
13 45 6
13 77 7
13 15 6
13 141 10
13 269 9
13 29 7
14 142 5
14 46 2
14 15 4
14 270 8
14 78 3
14 30 6
15 143 5
15 47 9
15 271 7
15 79 6
15 31 1
16 80 7
16 144 5
16 272 3
16 48 4
16 17 6
16 18 5
16 20 7
16 24 5
17 81 10
17 145 3
17 273 1
17 49 9
17 19 7
17 21 8
17 25 4
18 146 5
18 274 5
18 82 10
18 50 8
18 19 9
18 22 1
18 26 6
19 83 3
19 147 7
19 275 1
19 51 6
19 23 3
19 27 9
20 148 1
20 276 4
20 52 5
20 21 6
20 22 8
20 84 2
20 28 9
21 149 3
21 277 8
21 53 2
21 23 4
21 29 2
21 85 5
22 278 10
22 86 9
22 54 9
22 23 2
22 150 6
22 30 2
23 279 6
23 87 7
23 55 6
23 151 6
23 31 2
24 152 5
24 88 4
24 56 3
24 25 2
24 26 7
24 28 10
24 280 3
25 89 7
25 57 4
25 27 2
25 281 1
25 29 6
25 153 6
26 282 8
26 154 5
26 58 3
26 27 5
26 90 9
26 30 2
27 91 4
27 155 3
27 283 10
27 59 8
27 31 1
28 92 5
28 156 7
28 284 8
28 60 7
28 29 7
28 30 5
29 93 9
29 157 5
29 285 6
29 61 3
29 31 3
30 158 4
30 286 1
30 94 6
30 62 2
30 31 8
31 95 8
31 159 8
31 287 5
31 63 8
32 33 9
32 34 6
32 36 6
32 40 9
32 96 8
32 160 5
32 288 10
32 48 8
33 35 6
33 37 2
33 97 4
33 41 3
33 289 4
33 161 6
33 49 10
34 35 8
34 38 9
34 162 3
34 42 3
34 290 8
34 98 2
34 50 10
35 163 10
35 39 9
35 291 9
35 43 1
35 99 9
35 51 10
36 164 4
36 37 7
36 38 10
36 292 1
36 44 7
36 52 3
36 100 5
37 165 7
37 39 4
37 45 4
37 53 7
37 293 7
37 101 5
38 294 3
38 102 2
38 39 4
38 46 2
38 54 9
38 166 9
39 295 1
39 103 5
39 47 5
39 55 8
39 167 10
40 41 4
40 42 9
40 44 9
40 104 4
40 56 8
40 168 3
40 296 2
41 43 6
41 45 4
41 105 2
41 57 3
41 297 6
41 169 10
42 43 2
42 46 4
42 170 2
42 58 3
42 298 8
42 106 8
43 47 6
43 107 9
43 171 3
43 299 7
43 59 10
44 108 10
44 45 3
44 46 10
44 172 10
44 300 2
44 60 4
45 47 1
45 173 4
45 109 6
45 301 4
45 61 8
46 47 6
46 302 10
46 110 10
46 174 5
46 62 2
47 175 2
47 303 9
47 111 3
47 63 8
48 112 4
48 176 2
48 304 3
48 49 4
48 50 5
48 52 5
48 56 8
49 113 5
49 177 2
49 305 1
49 51 8
49 53 2
49 57 5
50 178 8
50 306 10
50 114 4
50 51 7
50 54 10
50 58 8
51 179 10
51 307 2
51 115 7
51 55 6
51 59 6
52 180 6
52 308 3
52 53 9
52 54 10
52 116 10
52 60 3
53 181 1
53 55 9
53 309 4
53 61 5
53 117 5
54 310 8
54 118 9
54 55 4
54 62 10
54 182 10
55 311 6
55 119 5
55 183 5
55 63 10
56 120 10
56 57 4
56 58 8
56 184 7
56 60 9
56 312 10
57 313 1
57 121 4
57 59 9
57 61 10
57 185 9
58 314 2
58 186 8
58 59 9
58 122 9
58 62 9
59 123 10
59 187 5
59 315 4
59 63 6
60 124 10
60 188 6
60 316 10
60 61 2
60 62 2
61 317 10
61 125 8
61 189 8
61 63 1
62 190 6
62 318 5
62 126 1
62 63 7
63 127 9
63 191 8
63 319 7
64 65 3
64 66 3
64 68 10
64 72 5
64 96 10
64 192 9
64 80 5
64 320 8
65 67 4
65 69 8
65 97 2
65 73 3
65 193 7
65 321 2
65 81 4
66 67 8
66 70 4
66 194 7
66 74 6
66 322 8
66 98 5
66 82 5
67 195 6
67 71 2
67 323 7
67 75 5
67 99 3
67 83 6
68 69 9
68 70 3
68 324 2
68 76 1
68 84 4
68 196 2
68 100 10
69 197 9
69 325 8
69 71 5
69 77 1
69 85 10
69 101 1
70 198 5
70 102 10
70 71 2
70 78 7
70 326 9
70 86 1
71 327 1
71 103 9
71 79 6
71 87 6
71 199 6
72 328 10
72 73 2
72 74 9
72 76 9
72 104 2
72 88 3
72 200 2
73 75 2
73 77 6
73 105 9
73 89 4
73 201 5
73 329 4
74 75 2
74 78 1
74 202 7
74 90 3
74 330 2
74 106 2
75 79 1
75 107 10
75 203 6
75 331 7
75 91 9
76 108 6
76 77 4
76 78 5
76 204 6
76 332 6
76 92 3
77 79 10
77 109 4
77 333 10
77 205 4
77 93 5
78 79 1
78 206 5
78 334 5
78 110 5
78 94 2
79 207 8
79 335 10
79 111 1
79 95 9
80 112 5
80 208 6
80 81 1
80 82 7
80 84 1
80 336 4
80 88 3
81 113 9
81 209 10
81 337 10
81 83 2
81 85 4
81 89 3
82 210 9
82 338 3
82 114 2
82 83 2
82 86 9
82 90 1
83 211 8
83 339 2
83 115 4
83 87 4
83 91 9
84 340 7
84 212 5
84 85 1
84 86 9
84 116 10
84 92 3
85 213 1
85 341 3
85 87 8
85 93 6
85 117 10
86 214 5
86 342 6
86 118 3
86 87 2
86 94 5
87 343 10
87 119 4
87 215 5
87 95 5
88 344 1
88 216 3
88 120 10
88 89 1
88 90 6
88 92 1
89 121 4
89 217 10
89 91 8
89 93 8
89 345 7
90 218 8
90 91 1
90 346 10
90 122 5
90 94 3
91 123 6
91 347 8
91 219 2
91 95 10
92 220 9
92 124 3
92 348 5
92 93 6
92 94 1
93 125 10
93 221 3
93 349 6
93 95 1
94 222 9
94 350 8
94 126 8
94 95 2
95 127 8
95 223 5
95 351 10
96 98 5
96 100 6
96 97 6
96 104 6
96 224 8
96 112 4
96 352 3
97 99 2
97 101 5
97 105 4
97 225 9
97 353 9
97 113 9
98 99 2
98 102 8
98 226 8
98 106 10
98 354 1
98 114 5
99 227 5
99 103 2
99 107 6
99 115 2
99 355 7
100 101 7
100 102 6
100 356 4
100 108 4
100 116 6
100 228 3
101 229 2
101 103 4
101 357 10
101 109 9
101 117 9
102 230 4
102 103 6
102 110 8
102 118 5
102 358 1
103 111 5
103 359 5
103 119 1
103 231 6
104 360 6
104 105 6
104 106 5
104 108 6
104 120 9
104 232 3
105 107 5
105 109 7
105 121 5
105 233 9
105 361 1
106 107 5
106 110 1
106 362 2
106 234 3
106 122 2
107 363 10
107 111 4
107 235 2
107 123 8
108 109 10
108 110 5
108 236 4
108 364 1
108 124 8
109 111 9
109 237 9
109 365 3
109 125 6
110 111 5
110 238 1
110 366 3
110 126 1
111 239 7
111 367 6
111 127 7
112 240 6
112 113 2
112 114 9
112 116 4
112 368 4
112 120 2
113 241 9
113 369 2
113 115 3
113 117 7
113 121 4
114 242 7
114 370 5
114 115 8
114 118 4
114 122 4
115 243 3
115 371 7
115 119 2
115 123 5
116 244 3
116 372 5
116 117 10
116 118 5
116 124 9
117 245 6
117 373 8
117 119 5
117 125 6
118 246 9
118 119 2
118 374 1
118 126 4
119 375 10
119 247 10
119 127 3
120 376 4
120 121 9
120 122 4
120 124 2
120 248 5
121 249 4
121 123 6
121 125 4
121 377 9
122 378 6
122 250 2
122 123 5
122 126 2
123 379 5
123 251 7
123 127 10
124 252 2
124 380 5
124 125 10
124 126 4
125 253 7
125 381 8
125 127 7
126 382 3
126 254 3
126 127 7
127 255 8
127 383 3
128 129 8
128 130 2
128 132 5
128 136 6
128 160 7
128 192 2
128 144 3
128 384 2
129 131 8
129 133 1
129 161 6
129 137 6
129 193 9
129 385 9
129 145 3
130 131 5
130 134 5
130 194 1
130 138 8
130 162 9
130 386 2
130 146 3
131 163 2
131 195 6
131 135 4
131 139 2
131 387 5
131 147 6
132 133 8
132 134 6
132 388 7
132 140 10
132 148 10
132 196 9
132 164 4
133 197 9
133 135 3
133 389 4
133 141 8
133 149 6
133 165 2
134 198 5
134 166 2
134 135 3
134 142 7
134 150 2
134 390 7
135 391 5
135 167 5
135 143 10
135 151 10
135 199 7
136 392 5
136 137 6
136 138 8
136 140 6
136 168 8
136 152 3
136 200 10
137 393 1
137 139 9
137 141 10
137 169 2
137 153 6
137 201 8
138 139 8
138 142 2
138 202 5
138 154 6
138 170 6
138 394 9
139 143 7
139 171 5
139 203 1
139 155 8
139 395 7
140 172 6
140 141 7
140 142 9
140 204 2
140 396 4
140 156 5
141 143 1
141 173 4
141 205 7
141 397 6
141 157 2
142 143 4
142 206 9
142 174 2
142 398 9
142 158 2
143 207 2
143 399 8
143 175 2
143 159 2
144 176 8
144 208 5
144 145 2
144 146 7
144 148 4
144 152 7
144 400 5
145 177 7
145 209 6
145 147 3
145 149 10
145 401 8
145 153 9
146 210 8
146 178 1
146 402 8
146 147 4
146 150 3
146 154 8
147 179 10
147 211 5
147 403 9
147 151 4
147 155 5
148 212 1
148 404 6
148 149 1
148 150 3
148 180 9
148 156 9
149 213 2
149 405 9
149 151 2
149 157 5
149 181 1
150 214 4
150 182 3
150 151 7
150 158 7
150 406 8
151 407 2
151 183 8
151 215 2
151 159 5
152 408 7
152 216 2
152 184 2
152 153 6
152 154 4
152 156 10
153 409 5
153 185 6
153 217 10
153 155 4
153 157 7
154 410 4
154 218 5
154 155 8
154 186 6
154 158 4
155 187 8
155 219 9
155 411 2
155 159 2
156 220 6
156 188 3
156 412 4
156 157 9
156 158 6
157 189 8
157 221 4
157 413 6
157 159 10
158 414 5
158 222 8
158 190 3
158 159 9
159 191 3
159 223 8
159 415 6
160 162 4
160 164 7
160 161 6
160 168 10
160 224 7
160 176 2
160 416 1
161 163 9
161 165 6
161 169 3
161 225 5
161 177 7
161 417 6
162 163 2
162 166 2
162 226 6
162 170 1
162 418 2
162 178 4
163 227 2
163 179 3
163 167 8
163 171 10
163 419 6
164 165 10
164 166 1
164 420 10
164 172 10
164 180 4
164 228 2
165 229 6
165 167 3
165 421 8
165 173 1
165 181 2
166 230 2
166 167 1
166 174 3
166 422 10
166 182 8
167 175 10
167 183 10
167 423 5
167 231 7
168 424 10
168 169 7
168 170 8
168 172 8
168 184 6
168 232 9
169 425 8
169 171 2
169 173 1
169 185 5
169 233 1
170 171 9
170 174 9
170 234 3
170 186 6
170 426 4
171 175 1
171 235 5
171 187 9
171 427 8
172 173 2
172 174 1
172 236 3
172 428 7
172 188 6
173 175 10
173 237 6
173 429 4
173 189 10
174 175 8
174 238 1
174 430 7
174 190 8
175 239 9
175 431 5
175 191 3
176 240 2
176 177 3
176 178 4
176 432 7
176 180 1
176 184 2
177 241 5
177 179 8
177 181 8
177 433 5
177 185 9
178 242 7
178 434 3
178 179 6
178 182 7
178 186 3
179 243 2
179 435 4
179 183 9
179 187 2
180 244 6
180 436 9
180 181 1
180 182 8
180 188 7
181 245 5
181 437 9
181 183 8
181 189 7
182 246 1
182 438 5
182 183 9
182 190 3
183 439 2
183 247 7
183 191 7
184 440 5
184 185 5
184 186 1
184 188 10
184 248 9
185 441 6
185 249 10
185 187 5
185 189 6
186 250 2
186 187 5
186 190 7
186 442 7
187 251 1
187 443 4
187 191 3
188 252 10
188 444 4
188 189 10
188 190 6
189 253 3
189 445 4
189 191 7
190 254 3
190 446 1
190 191 6
191 255 6
191 447 8
192 194 8
192 196 10
192 193 3
192 200 4
192 224 10
192 208 10
192 448 5
193 195 1
193 197 2
193 201 3
193 225 4
193 209 9
193 449 3
194 195 9
194 198 10
194 226 4
194 202 6
194 450 5
194 210 4
195 227 1
195 211 3
195 199 3
195 203 5
195 451 6
196 197 4
196 198 10
196 204 3
196 212 10
196 228 9
196 452 6
197 229 10
197 199 3
197 453 5
197 205 4
197 213 3
198 230 10
198 199 1
198 454 10
198 206 9
198 214 2
199 207 7
199 215 9
199 455 10
199 231 4
200 456 1
200 201 7
200 202 9
200 204 9
200 216 5
200 232 7
201 457 10
201 203 7
201 205 1
201 217 9
201 233 3
202 458 10
202 203 7
202 206 7
202 234 8
202 218 10
203 207 2
203 235 3
203 219 7
203 459 7
204 460 7
204 205 3
204 206 5
204 236 1
204 220 3
205 207 2
205 237 6
205 461 2
205 221 9
206 207 2
206 238 3
206 462 2
206 222 9
207 239 4
207 463 6
207 223 3
208 464 10
208 240 6
208 209 5
208 210 4
208 212 4
208 216 3
209 241 1
209 465 3
209 211 4
209 213 5
209 217 8
210 242 10
210 466 4
210 211 4
210 214 7
210 218 2
211 243 5
211 467 1
211 215 5
211 219 6
212 244 1
212 468 5
212 213 5
212 214 7
212 220 1
213 245 7
213 469 1
213 215 3
213 221 6
214 246 8
214 470 4
214 215 5
214 222 1
215 471 1
215 247 8
215 223 4
216 472 6
216 217 1
216 218 10
216 220 1
216 248 9
217 473 8
217 249 1
217 219 5
217 221 7
218 474 7
218 250 10
218 219 9
218 222 5
219 251 10
219 475 7
219 223 8
220 476 9
220 252 5
220 221 2
220 222 3
221 253 2
221 477 10
221 223 8
222 254 2
222 478 2
222 223 3
223 255 6
223 479 5
224 226 8
224 228 4
224 225 5
224 232 3
224 240 7
224 480 1
225 227 9
225 229 4
225 241 3
225 481 7
225 233 7
226 227 7
226 230 6
226 234 8
226 482 7
226 242 6
227 243 1
227 231 1
227 235 1
227 483 9
228 229 7
228 230 4
228 236 4
228 484 6
228 244 3
229 231 8
229 485 3
229 237 4
229 245 3
230 231 7
230 486 6
230 238 1
230 246 1
231 487 5
231 239 2
231 247 3
232 488 1
232 233 3
232 234 2
232 236 4
232 248 2
233 489 10
233 235 2
233 237 5
233 249 5
234 490 1
234 235 9
234 238 3
234 250 10
235 239 2
235 251 4
235 491 9
236 237 4
236 238 9
236 252 7
236 492 4
237 493 10
237 239 4
237 253 10
238 239 8
238 494 3
238 254 10
239 495 9
239 255 4
240 241 1
240 242 7
240 244 2
240 496 7
240 248 9
241 497 8
241 243 3
241 245 8
241 249 3
242 498 6
242 243 4
242 246 9
242 250 2
243 499 10
243 247 7
243 251 3
244 500 3
244 246 3
244 252 10
244 245 8
245 501 5
245 247 3
245 253 1
246 502 4
246 247 2
246 254 6
247 503 1
247 255 7
248 504 5
248 252 3
248 249 7
248 250 6
249 505 3
249 251 4
249 253 1
250 506 5
250 251 5
250 254 2
251 507 4
251 255 10
252 508 5
252 253 5
252 254 5
253 509 9
253 255 7
254 510 4
254 255 6
255 511 5
256 257 10
256 258 10
256 260 7
256 264 7
256 288 4
256 272 10
256 320 5
256 384 2
257 259 6
257 261 8
257 289 6
257 265 1
257 321 8
257 385 9
257 273 3
258 259 2
258 262 2
258 266 10
258 322 2
258 290 4
258 386 10
258 274 4
259 263 10
259 291 2
259 323 10
259 267 4
259 387 9
259 275 6
260 261 3
260 262 9
260 324 10
260 388 10
260 268 9
260 276 1
260 292 9
261 325 8
261 263 6
261 389 3
261 269 2
261 277 3
261 293 2
262 294 6
262 263 10
262 270 9
262 326 4
262 278 4
262 390 7
263 327 2
263 391 9
263 295 9
263 271 1
263 279 1
264 328 4
264 392 7
264 265 4
264 266 9
264 268 4
264 296 2
264 280 2
265 393 5
265 267 1
265 269 2
265 297 6
265 281 2
265 329 4
266 267 2
266 270 2
266 282 3
266 330 4
266 298 3
266 394 7
267 271 8
267 299 6
267 331 9
267 283 2
267 395 2
268 300 4
268 269 6
268 270 8
268 332 4
268 396 9
268 284 9
269 271 4
269 301 4
269 333 7
269 397 8
269 285 10
270 271 7
270 334 6
270 302 7
270 398 8
270 286 3
271 335 6
271 399 2
271 303 7
271 287 1
272 304 6
272 273 3
272 274 2
272 276 4
272 336 8
272 280 2
272 400 8
273 305 8
273 337 8
273 275 7
273 277 8
273 401 1
273 281 7
274 338 2
274 306 10
274 402 7
274 275 7
274 278 3
274 282 7
275 307 2
275 339 6
275 403 10
275 279 4
275 283 3
276 340 8
276 404 8
276 277 8
276 278 2
276 308 2
276 284 2
277 341 1
277 405 10
277 279 9
277 285 10
277 309 6
278 342 4
278 310 1
278 279 4
278 286 7
278 406 5
279 343 5
279 407 4
279 311 7
279 287 5
280 344 5
280 408 5
280 312 9
280 281 2
280 282 5
280 284 10
281 409 6
281 313 6
281 283 9
281 285 3
281 345 9
282 410 9
282 283 6
282 346 8
282 314 1
282 286 5
283 315 7
283 347 10
283 411 7
283 287 7
284 316 4
284 348 1
284 412 2
284 285 2
284 286 9
285 317 1
285 349 4
285 413 4
285 287 10
286 414 8
286 350 9
286 318 4
286 287 8
287 319 5
287 351 10
287 415 3
288 290 7
288 292 1
288 289 9
288 296 6
288 304 4
288 352 10
288 416 9
289 291 7
289 293 6
289 297 3
289 353 9
289 305 8
289 417 4
290 291 8
290 294 2
290 298 9
290 354 7
290 418 1
290 306 7
291 295 1
291 307 9
291 299 7
291 419 8
291 355 8
292 293 7
292 294 2
292 356 2
292 420 4
292 300 2
292 308 10
293 295 1
293 421 7
293 357 8
293 301 6
293 309 8
294 295 2
294 302 7
294 422 7
294 310 7
294 358 5
295 303 6
295 359 4
295 311 4
295 423 1
296 360 5
296 424 8
296 297 10
296 298 8
296 300 9
296 312 9
297 425 1
297 299 4
297 301 2
297 313 9
297 361 9
298 299 10
298 302 8
298 362 9
298 314 3
298 426 2
299 363 9
299 303 6
299 315 3
299 427 6
300 301 7
300 302 4
300 364 5
300 428 6
300 316 10
301 303 9
301 365 8
301 429 5
301 317 1
302 303 4
302 366 7
302 430 3
302 318 8
303 367 7
303 431 10
303 319 8
304 305 4
304 306 5
304 432 4
304 308 8
304 368 4
304 312 6
305 369 8
305 307 8
305 309 8
305 433 1
305 313 1
306 370 5
306 434 5
306 307 3
306 310 2
306 314 6
307 371 4
307 435 3
307 311 2
307 315 8
308 372 4
308 436 9
308 309 9
308 310 7
308 316 7
309 373 4
309 437 9
309 311 7
309 317 4
310 438 5
310 311 7
310 374 4
310 318 1
311 375 5
311 439 4
311 319 9
312 376 9
312 440 8
312 313 5
312 314 3
312 316 8
313 441 7
313 315 1
313 317 4
313 377 6
314 378 8
314 315 8
314 318 1
314 442 3
315 379 8
315 443 1
315 319 5
316 380 9
316 444 6
316 317 7
316 318 7
317 381 3
317 445 9
317 319 9
318 382 2
318 446 3
318 319 9
319 383 4
319 447 8
320 322 6
320 324 3
320 321 7
320 328 3
320 336 2
320 352 5
320 448 8
321 323 2
321 325 8
321 329 1
321 353 8
321 337 8
321 449 7
322 323 7
322 326 8
322 330 3
322 354 6
322 450 1
322 338 10
323 327 3
323 339 10
323 331 1
323 451 10
323 355 2
324 325 1
324 326 5
324 356 8
324 332 6
324 340 2
324 452 5
325 327 1
325 357 6
325 333 6
325 453 8
325 341 6
326 327 9
326 454 6
326 334 9
326 342 1
326 358 7
327 335 6
327 359 2
327 343 5
327 455 8
328 360 9
328 456 8
328 329 1
328 330 4
328 332 1
328 344 8
329 457 6
329 331 6
329 333 1
329 345 8
329 361 4
330 458 4
330 331 4
330 334 3
330 362 1
330 346 3
331 363 6
331 335 9
331 347 7
331 459 4
332 460 2
332 333 9
332 334 8
332 364 10
332 348 10
333 335 10
333 365 9
333 461 10
333 349 6
334 335 5
334 366 1
334 462 8
334 350 10
335 367 9
335 463 10
335 351 9
336 464 8
336 337 2
336 338 10
336 340 10
336 368 2
336 344 2
337 369 5
337 465 10
337 339 5
337 341 2
337 345 1
338 370 3
338 466 9
338 339 5
338 342 8
338 346 5
339 371 1
339 467 10
339 343 2
339 347 9
340 372 1
340 468 3
340 341 4
340 342 1
340 348 1
341 373 3
341 469 5
341 343 5
341 349 6
342 470 4
342 343 5
342 374 2
342 350 3
343 375 8
343 471 9
343 351 8
344 376 10
344 472 8
344 345 8
344 346 2
344 348 10
345 473 7
345 347 6
345 349 1
345 377 4
346 474 9
346 378 1
346 347 9
346 350 3
347 379 7
347 475 8
347 351 8
348 476 9
348 380 8
348 349 9
348 350 3
349 381 3
349 477 8
349 351 5
350 382 6
350 478 6
350 351 1
351 383 5
351 479 1
352 354 9
352 356 3
352 353 9
352 360 10
352 368 2
352 480 2
353 355 2
353 357 8
353 361 10
353 369 9
353 481 1
354 355 6
354 358 7
354 362 4
354 482 7
354 370 7
355 359 3
355 363 1
355 483 10
355 371 1
356 357 2
356 358 4
356 364 2
356 484 8
356 372 1
357 359 7
357 485 9
357 365 4
357 373 9
358 359 3
358 486 7
358 366 3
358 374 6
359 487 7
359 367 9
359 375 9
360 488 9
360 361 9
360 362 9
360 364 3
360 376 9
361 489 2
361 363 10
361 365 7
361 377 6
362 490 1
362 363 9
362 366 7
362 378 8
363 367 2
363 379 6
363 491 4
364 365 10
364 366 10
364 380 6
364 492 10
365 493 3
365 367 7
365 381 1
366 367 2
366 494 5
366 382 5
367 495 4
367 383 2
368 369 3
368 370 10
368 372 10
368 496 8
368 376 9
369 497 9
369 371 9
369 373 8
369 377 7
370 498 6
370 371 3
370 374 1
370 378 5
371 499 8
371 375 9
371 379 3
372 500 6
372 373 9
372 374 2
372 380 3
373 501 7
373 375 3
373 381 8
374 502 4
374 375 5
374 382 10
375 503 9
375 383 1
376 504 8
376 377 3
376 378 4
376 380 2
377 505 4
377 381 10
377 379 7
378 506 10
378 379 1
378 382 8
379 507 1
379 383 6
380 508 2
380 381 2
380 382 8
381 509 7
381 383 10
382 510 9
382 383 3
383 511 10
384 386 1
384 388 2
384 385 10
384 392 8
384 400 9
384 416 5
384 448 3
385 387 2
385 389 3
385 393 1
385 401 7
385 449 4
385 417 6
386 387 7
386 390 1
386 394 9
386 418 8
386 450 1
386 402 3
387 391 3
387 395 9
387 403 7
387 419 9
387 451 9
388 389 7
388 390 1
388 420 4
388 396 2
388 404 3
388 452 2
389 391 5
389 421 10
389 453 6
389 397 3
389 405 8
390 391 4
390 454 7
390 398 8
390 422 1
390 406 5
391 399 4
391 407 6
391 423 9
391 455 10
392 424 8
392 456 8
392 393 1
392 394 10
392 396 2
392 408 5
393 457 4
393 425 2
393 395 1
393 397 6
393 409 3
394 458 7
394 395 9
394 398 9
394 410 5
394 426 1
395 399 5
395 411 8
395 427 6
395 459 9
396 460 6
396 397 9
396 398 6
396 428 10
396 412 5
397 399 7
397 429 6
397 461 3
397 413 4
398 399 6
398 430 10
398 462 3
398 414 3
399 431 2
399 463 3
399 415 7
400 464 8
400 401 1
400 402 1
400 432 1
400 404 3
400 408 9
401 465 4
401 403 2
401 405 7
401 433 3
401 409 10
402 434 8
402 466 9
402 403 4
402 406 7
402 410 3
403 435 5
403 467 3
403 407 4
403 411 4
404 436 10
404 468 3
404 405 6
404 406 7
404 412 10
405 437 1
405 469 5
405 407 1
405 413 3
406 438 8
406 470 5
406 407 7
406 414 6
407 439 8
407 471 4
407 415 6
408 440 2
408 472 2
408 409 7
408 410 1
408 412 2
409 441 9
409 473 10
409 411 3
409 413 6
410 474 5
410 411 7
410 414 6
410 442 10
411 443 7
411 475 5
411 415 9
412 476 4
412 444 4
412 413 7
412 414 10
413 477 1
413 445 6
413 415 4
414 446 1
414 478 3
414 415 8
415 447 4
415 479 3
416 418 6
416 420 7
416 417 5
416 424 4
416 432 2
416 480 6
417 419 10
417 421 10
417 425 2
417 433 8
417 481 7
418 419 9
418 422 8
418 426 7
418 482 8
418 434 6
419 423 4
419 427 1
419 435 10
419 483 1
420 421 1
420 422 4
420 428 4
420 484 5
420 436 6
421 423 9
421 485 8
421 429 1
421 437 5
422 423 9
422 486 2
422 430 4
422 438 10
423 487 4
423 431 2
423 439 9
424 488 1
424 425 6
424 426 7
424 428 10
424 440 4
425 489 3
425 427 5
425 429 1
425 441 10
426 490 8
426 427 6
426 430 3
426 442 6
427 431 1
427 443 1
427 491 5
428 429 1
428 430 3
428 444 7
428 492 7
429 493 2
429 431 10
429 445 9
430 431 8
430 494 6
430 446 9
431 495 5
431 447 7
432 434 4
432 433 7
432 436 2
432 496 7
432 440 8
433 497 3
433 435 4
433 437 4
433 441 5
434 498 8
434 435 6
434 438 7
434 442 4
435 499 7
435 439 6
435 443 9
436 500 3
436 437 1
436 438 7
436 444 1
437 501 8
437 439 2
437 445 4
438 502 8
438 439 7
438 446 2
439 503 7
439 447 9
440 504 5
440 441 5
440 442 10
440 444 7
441 505 3
441 445 4
441 443 1
442 506 8
442 446 10
442 443 7
443 507 5
443 447 5
444 508 6
444 445 3
444 446 7
445 509 2
445 447 7
446 510 1
446 447 1
447 511 7
448 450 2
448 452 8
448 449 6
448 456 4
448 464 9
448 480 6
449 451 9
449 453 9
449 457 4
449 465 8
449 481 9
450 451 7
450 454 4
450 458 3
450 482 10
450 466 4
451 455 4
451 459 7
451 467 7
451 483 5
452 453 2
452 454 10
452 460 3
452 484 1
452 468 1
453 455 8
453 485 2
453 461 5
453 469 1
454 455 2
454 486 7
454 462 7
454 470 2
455 487 1
455 463 3
455 471 10
456 488 2
456 457 10
456 458 2
456 460 10
456 472 9
457 489 8
457 459 2
457 461 8
457 473 3
458 490 10
458 459 1
458 462 3
458 474 3
459 463 6
459 475 1
459 491 5
460 461 3
460 462 10
460 476 1
460 492 8
461 493 10
461 463 10
461 477 2
462 463 9
462 494 5
462 478 6
463 495 4
463 479 4
464 466 5
464 465 3
464 468 3
464 496 1
464 472 1
465 497 9
465 467 9
465 469 9
465 473 9
466 498 1
466 467 6
466 470 3
466 474 6
467 499 6
467 471 10
467 475 4
468 500 5
468 469 6
468 470 3
468 476 10
469 501 6
469 471 1
469 477 2
470 502 2
470 471 7
470 478 3
471 503 7
471 479 1
472 504 9
472 473 8
472 474 2
472 476 10
473 505 9
473 475 7
473 477 5
474 506 9
474 478 5
474 475 2
475 507 9
475 479 10
476 508 5
476 477 4
476 478 10
477 509 6
477 479 9
478 510 5
478 479 8
479 511 3
480 482 2
480 484 7
480 481 9
480 488 5
480 496 3
481 483 6
481 485 4
481 489 3
481 497 4
482 483 4
482 486 9
482 490 3
482 498 1
483 487 4
483 491 1
483 499 6
484 486 9
484 492 1
484 500 7
484 485 5
485 487 8
485 493 10
485 501 9
486 487 5
486 494 7
486 502 3
487 495 10
487 503 10
488 489 7
488 490 8
488 492 4
488 504 10
489 491 3
489 493 4
489 505 2
490 491 5
490 494 8
490 506 2
491 495 6
491 507 5
492 493 3
492 494 8
492 508 1
493 495 1
493 509 8
494 495 8
494 510 3
495 511 5
496 497 2
496 498 4
496 504 1
496 500 5
497 499 7
497 501 9
497 505 2
498 499 6
498 502 2
498 506 4
499 503 2
499 507 9
500 501 3
500 502 5
500 508 1
501 503 8
501 509 8
502 503 5
502 510 8
503 511 1
504 505 1
504 506 5
504 508 6
505 507 5
505 509 1
506 100001 100
506 100002 100
506 100003 100
506 100004 100
506 507 7
506 510 4
507 511 5
508 100000 100
508 100001 100
508 100002 100
508 509 3
508 510 8
509 100001 100
509 100003 100
509 511 7
510 100002 100
510 100003 100
510 100004 100
510 511 6
511 100000 100
511 100004 100
-2 1 100
-2 2 100
-2 4 100
-5 1 100
-5 5 100
-4 0 100
-4 3 100
-4 5 100
-3 0 100
-3 4 100
-1 1 100
-1 2 100
-1 3 100
