0 32 10
0 1 2
0 2 4
0 4 10
0 8 5
0 64 7
0 128 7
0 16 8
1 33 4
1 3 5
1 5 3
1 65 4
1 129 3
1 9 5
1 17 5
2 34 2
2 3 5
2 6 4
2 10 1
2 66 9
2 18 9
2 130 1
3 35 3
3 131 2
3 7 9
3 11 10
3 19 1
3 67 7
4 132 1
4 36 4
4 5 2
4 6 10
4 12 9
4 20 4
4 68 1
5 133 3
5 37 5
5 7 3
5 13 4
5 21 2
5 69 4
6 70 10
6 38 4
6 7 7
6 14 7
6 22 7
6 134 4
7 39 10
7 71 4
7 15 1
7 23 6
7 135 1
8 40 8
8 9 1
8 10 4
8 12 7
8 72 9
8 24 6
8 136 5
9 41 4
9 11 1
9 13 4
9 73 2
9 137 7
9 25 8
10 42 2
10 11 1
10 14 2
10 138 8
10 26 1
10 74 7
11 43 4
11 15 8
11 75 5
11 139 7
11 27 1
12 76 4
12 44 6
12 13 2
12 14 5
12 140 2
12 28 7
13 45 2
13 77 2
13 15 6
13 141 1
13 29 10
14 142 10
14 46 7
14 15 7
14 78 8
14 30 1
15 143 8
15 47 1
15 79 4
15 31 5
16 80 5
16 144 7
16 48 10
16 17 1
16 18 9
16 20 7
16 24 8
17 81 2
17 145 6
17 49 5
17 19 8
17 21 9
17 25 3
18 146 3
18 82 7
18 50 1
18 19 1
18 22 6
18 26 2
19 83 1
19 147 8
19 51 3
19 23 7
19 27 3
20 148 10
20 52 2
20 21 10
20 22 5
20 84 5
20 28 4
21 149 5
21 53 6
21 23 4
21 29 6
21 85 6
22 86 8
22 54 2
22 23 1
22 150 5
22 30 8
23 87 1
23 55 4
23 151 5
23 31 10
24 152 5
24 88 6
24 56 10
24 25 5
24 26 7
24 28 8
25 89 9
25 57 10
25 27 2
25 29 2
25 153 6
26 154 5
26 58 8
26 27 7
26 90 3
26 30 10
27 91 10
27 155 9
27 59 3
27 31 1
28 92 10
28 156 2
28 60 6
28 29 6
28 30 3
29 93 4
29 157 9
29 61 7
29 31 1
30 158 3
30 94 9
30 62 5
30 31 5
31 95 4
31 159 4
31 63 5
32 33 2
32 34 7
32 36 10
32 40 6
32 96 9
32 160 2
32 48 6
33 35 5
33 37 9
33 97 10
33 41 1
33 161 4
33 49 7
34 35 7
34 38 5
34 162 3
34 42 3
34 98 3
34 50 8
35 163 2
35 39 10
35 43 2
35 99 3
35 51 8
36 164 3
36 37 7
36 38 8
36 44 10
36 52 5
36 100 9
37 165 5
37 39 8
37 45 6
37 53 1
37 101 7
38 102 8
38 39 6
38 46 1
38 54 1
38 166 3
39 103 8
39 47 8
39 55 7
39 167 9
40 41 2
40 42 6
40 44 10
40 104 3
40 56 6
40 168 2
41 43 4
41 45 9
41 105 2
41 57 5
41 169 8
42 43 9
42 46 4
42 170 1
42 58 8
42 106 3
43 47 2
43 107 8
43 171 9
43 59 3
44 108 8
44 45 3
44 46 10
44 172 6
44 60 9
45 47 7
45 173 6
45 109 2
45 61 5
46 47 4
46 110 6
46 174 7
46 62 2
47 175 10
47 111 3
47 63 2
48 112 10
48 176 6
48 49 8
48 50 7
48 52 8
48 56 8
49 113 8
49 177 8
49 51 5
49 53 3
49 57 1
50 178 5
50 114 10
50 51 8
50 54 1
50 58 3
51 179 10
51 115 9
51 55 9
51 59 1
52 180 1
52 53 7
52 54 1
52 116 1
52 60 8
53 181 8
53 55 5
53 61 9
53 117 1
54 118 8
54 55 5
54 62 10
54 182 3
55 119 7
55 183 3
55 63 3
56 120 6
56 57 2
56 58 2
56 184 10
56 60 4
57 121 1
57 59 10
57 61 1
57 185 4
58 186 4
58 59 9
58 122 3
58 62 10
59 123 7
59 187 7
59 63 3
60 124 8
60 188 3
60 61 3
60 62 1
61 125 6
61 189 3
61 63 6
62 190 9
62 126 3
62 63 7
63 127 3
63 191 2
64 65 4
64 66 5
64 68 7
64 72 4
64 96 3
64 192 10
64 80 1
65 67 2
65 69 8
65 97 3
65 73 4
65 193 5
65 81 6
66 67 7
66 70 7
66 194 3
66 74 2
66 98 2
66 82 8
67 195 2
67 71 5
67 75 5
67 99 2
67 83 2
68 69 6
68 70 10
68 76 1
68 84 7
68 196 4
68 100 4
69 197 9
69 71 1
69 77 10
69 85 4
69 101 1
70 198 8
70 102 5
70 71 10
70 78 4
70 86 5
71 103 5
71 79 3
71 87 3
71 199 4
72 73 5
72 74 1
72 76 3
72 104 2
72 88 9
72 200 3
73 75 5
73 77 7
73 105 9
73 89 5
73 201 6
74 75 2
74 78 7
74 202 7
74 90 4
74 106 1
75 79 4
75 107 6
75 203 7
75 91 5
76 108 7
76 77 4
76 78 3
76 204 10
76 92 9
77 79 4
77 109 3
77 205 6
77 93 4
78 79 1
78 206 4
78 110 10
78 94 2
79 207 1
79 111 2
79 95 7
80 112 2
80 208 8
80 81 7
80 82 7
80 84 6
80 88 8
81 113 2
81 209 2
81 83 8
81 85 6
81 89 6
82 210 8
82 114 5
82 83 2
82 86 8
82 90 8
83 211 3
83 115 3
83 87 2
83 91 2
84 212 2
84 85 9
84 86 2
84 116 5
84 92 1
85 213 5
85 87 7
85 93 10
85 117 2
86 214 1
86 118 5
86 87 7
86 94 1
87 119 6
87 215 6
87 95 4
88 216 1
88 120 6
88 89 10
88 90 7
88 92 6
89 121 8
89 217 9
89 91 9
89 93 1
90 218 6
90 91 7
90 122 6
90 94 3
91 123 5
91 219 9
91 95 4
92 220 4
92 124 1
92 93 7
92 94 8
93 125 8
93 221 5
93 95 1
94 222 4
94 126 7
94 95 7
95 127 5
95 223 3
96 98 4
96 100 1
96 97 4
96 104 3
96 224 7
96 112 5
97 99 9
97 101 4
97 105 7
97 225 7
97 113 1
98 99 10
98 102 3
98 226 2
98 106 9
98 114 7
99 227 2
99 103 9
99 107 8
99 115 4
100 101 10
100 102 8
100 108 9
100 116 7
100 228 8
101 229 10
101 103 7
101 109 1
101 117 2
102 230 1
102 103 7
102 110 6
102 118 10
103 111 1
103 119 5
103 231 7
104 105 7
104 106 3
104 108 4
104 120 1
104 232 9
105 107 9
105 109 9
105 121 7
105 233 7
106 107 9
106 110 4
106 234 10
106 122 7
107 111 10
107 235 7
107 123 9
108 109 6
108 110 10
108 236 4
108 124 6
109 111 6
109 237 4
109 125 6
110 111 5
110 238 2
110 126 10
111 239 6
111 127 2
112 240 9
112 113 3
112 114 8
112 116 5
112 120 1
113 241 10
113 115 5
113 117 8
113 121 9
114 242 3
114 115 9
114 118 8
114 122 10
115 243 9
115 119 8
115 123 10
116 244 8
116 117 9
116 118 8
116 124 8
117 245 1
117 119 2
117 125 9
118 246 9
118 119 5
118 126 7
119 247 10
119 127 10
120 121 5
120 122 4
120 124 6
120 248 6
121 249 9
121 123 5
121 125 7
122 250 4
122 123 5
122 126 3
123 251 8
123 127 4
124 252 2
124 125 1
124 126 3
125 253 9
125 127 4
126 254 7
126 127 9
127 255 9
128 129 7
128 130 7
128 132 1
128 136 5
128 160 4
128 192 5
128 144 8
129 131 10
129 133 2
129 161 7
129 137 10
129 193 8
129 145 7
130 131 4
130 134 10
130 194 4
130 138 10
130 162 5
130 146 2
131 163 5
131 195 1
131 135 5
131 139 3
131 147 2
132 133 7
132 134 5
132 140 3
132 148 5
132 196 4
132 164 3
133 197 2
133 135 1
133 141 7
133 149 7
133 165 6
134 198 4
134 166 6
134 135 7
134 142 5
134 150 2
135 167 10
135 143 3
135 151 9
135 199 5
136 137 5
136 138 6
136 140 7
136 168 6
136 152 1
136 200 2
137 139 9
137 141 6
137 169 8
137 153 2
137 201 8
138 139 7
138 142 4
138 202 2
138 154 4
138 170 3
139 143 9
139 171 7
139 203 5
139 155 2
140 172 7
140 141 6
140 142 8
140 204 5
140 156 5
141 143 9
141 173 6
141 205 3
141 157 9
142 143 2
142 206 8
142 174 8
142 158 9
143 207 6
143 175 1
143 159 5
144 176 8
144 208 9
144 145 3
144 146 2
144 148 2
144 152 2
145 177 1
145 209 9
145 147 5
145 149 7
145 153 9
146 210 2
146 178 3
146 147 10
146 150 5
146 154 5
147 179 7
147 211 1
147 151 10
147 155 1
148 212 5
148 149 10
148 150 8
148 180 8
148 156 3
149 213 5
149 151 8
149 157 1
149 181 1
150 214 1
150 182 5
150 151 9
150 158 5
151 183 7
151 215 7
151 159 9
152 216 9
152 184 10
152 153 1
152 154 7
152 156 1
153 185 2
153 217 10
153 155 2
153 157 3
154 218 1
154 155 2
154 186 9
154 158 7
155 187 8
155 219 6
155 159 6
156 220 1
156 188 3
156 157 1
156 158 4
157 189 2
157 221 7
157 159 10
158 222 10
158 190 5
158 159 1
159 191 3
159 223 5
160 162 5
160 164 5
160 161 10
160 168 8
160 224 5
160 176 10
161 163 9
161 165 4
161 169 1
161 225 7
161 177 7
162 163 4
162 166 6
162 226 10
162 170 3
162 178 2
163 227 6
163 179 6
163 167 10
163 171 2
164 165 8
164 166 10
164 172 2
164 180 9
164 228 8
165 229 10
165 167 5
165 173 9
165 181 4
166 230 2
166 167 5
166 174 5
166 182 7
167 175 5
167 183 3
167 231 4
168 169 9
168 170 1
168 172 7
168 184 5
168 232 5
169 171 1
169 173 3
169 185 2
169 233 2
170 171 4
170 174 1
170 234 5
170 186 6
171 175 5
171 235 2
171 187 9
172 173 5
172 174 6
172 236 6
172 188 10
173 175 7
173 237 2
173 189 4
174 175 3
174 238 8
174 190 1
175 239 9
175 191 3
176 240 3
176 177 4
176 178 2
176 180 5
176 184 2
177 241 7
177 179 10
177 181 9
177 185 5
178 242 2
178 179 8
178 182 2
178 186 1
179 243 10
179 183 7
179 187 1
180 244 8
180 181 9
180 182 2
180 188 3
181 245 9
181 183 8
181 189 9
182 246 10
182 183 7
182 190 10
183 247 6
183 191 5
184 185 3
184 186 1
184 188 3
184 248 6
185 249 1
185 187 9
185 189 10
186 250 1
186 187 5
186 190 6
187 251 5
187 191 3
188 252 10
188 189 7
188 190 10
189 253 6
189 191 3
190 254 6
190 191 8
191 255 7
192 194 7
192 196 3
192 193 10
192 200 4
192 224 7
192 208 3
193 195 10
193 197 1
193 201 9
193 225 4
193 209 10
194 195 2
194 198 8
194 226 7
194 202 6
194 210 10
195 227 10
195 211 10
195 199 1
195 203 4
196 197 1
196 198 4
196 204 2
196 212 3
196 228 1
197 229 8
197 199 7
197 205 3
197 213 4
198 230 2
198 199 5
198 206 9
198 214 3
199 207 10
199 215 8
199 231 6
200 201 1
200 202 2
200 204 1
200 216 3
200 232 5
201 203 10
201 205 2
201 217 6
201 233 3
202 203 9
202 206 6
202 234 6
202 218 6
203 207 8
203 235 4
203 219 8
204 205 8
204 206 3
204 236 7
204 220 1
205 207 1
205 237 10
205 221 6
206 207 10
206 238 10
206 222 1
207 239 4
207 223 10
208 240 8
208 209 2
208 210 2
208 212 7
208 216 10
209 241 9
209 211 10
209 213 7
209 217 4
210 242 9
210 211 2
210 214 9
210 218 9
211 243 1
211 215 2
211 219 5
212 244 8
212 213 6
212 214 3
212 220 7
213 245 5
213 215 2
213 221 4
214 246 9
214 215 9
214 222 9
215 247 6
215 223 1
216 217 3
216 218 8
216 220 1
216 248 5
217 249 10
217 219 6
217 221 9
218 250 4
218 219 10
218 222 7
219 251 10
219 223 8
220 252 10
220 221 1
220 222 2
221 253 4
221 223 10
222 254 1
222 223 5
223 255 5
224 226 10
224 228 5
224 225 1
224 232 8
224 240 9
225 227 10
225 229 10
225 241 10
225 233 10
226 227 10
226 230 2
226 234 1
226 242 1
227 243 7
227 231 1
227 235 6
228 229 10
228 230 10
228 236 3
228 244 6
229 231 4
229 237 6
229 245 6
230 231 3
230 238 6
230 246 5
231 239 5
231 247 5
232 233 8
232 234 3
232 236 1
232 248 4
233 235 8
233 237 1
233 249 5
234 235 1
234 238 1
234 250 2
235 239 9
235 251 6
236 237 3
236 238 5
236 252 10
237 239 3
237 253 6
238 239 5
238 254 1
239 255 4
240 241 9
240 242 10
240 244 6
240 248 5
241 243 2
241 245 3
241 249 8
242 243 4
242 246 7
242 250 2
243 247 4
243 251 5
244 246 4
244 252 1
244 245 8
245 247 5
245 253 9
246 247 2
246 254 6
247 255 4
248 252 6
248 249 2
248 250 10
249 251 1
249 253 7
250 100001 100
250 251 2
250 254 4
251 100000 100
251 100002 100
251 255 3
252 100001 100
252 253 7
252 254 7
253 100003 100
253 100004 100
253 255 8
254 100003 100
254 100004 100
254 255 10
255 100000 100
255 100002 100
-2 2 100
-2 4 100
-2 5 100
-5 0 100
-5 1 100
-5 2 100
-4 1 100
-4 3 100
-3 0 100
-3 2 100
-3 3 100
-1 0 100
-1 2 100
-1 3 100
