0 32 3
0 1 1
0 2 4
0 4 5
0 8 1
0 16 2
1 33 5
1 3 1
1 5 3
1 9 5
1 17 1
2 34 2
2 3 3
2 6 4
2 10 2
2 18 3
3 35 2
3 7 2
3 11 1
3 19 5
4 36 3
4 5 3
4 6 3
4 12 4
4 20 3
5 37 2
5 7 1
5 13 1
5 21 2
6 38 1
6 7 5
6 14 2
6 22 4
7 39 1
7 15 2
7 23 2
8 40 5
8 9 2
8 10 5
8 12 5
8 24 1
9 41 4
9 11 1
9 13 1
9 25 5
10 42 3
10 11 2
10 14 2
10 26 3
11 43 3
11 15 4
11 27 4
12 44 4
12 13 1
12 14 5
12 28 2
13 45 4
13 15 5
13 29 5
14 46 5
14 15 4
14 30 2
15 47 5
15 31 1
16 48 4
16 17 5
16 18 3
16 20 5
16 24 2
17 49 5
17 19 4
17 21 5
17 25 4
18 50 2
18 19 2
18 22 2
18 26 1
19 51 4
19 23 4
19 27 3
20 52 2
20 21 5
20 22 1
20 28 3
21 53 2
21 23 3
21 29 4
22 54 5
22 23 1
22 30 2
23 55 4
23 31 5
24 56 3
24 25 4
24 26 5
24 28 5
25 57 4
25 27 5
25 29 4
26 58 3
26 27 4
26 30 3
27 59 5
27 31 5
28 60 1
28 29 4
28 30 2
29 61 3
29 31 2
30 62 5
30 31 5
31 63 4
32 33 4
32 34 1
32 36 4
32 40 4
32 48 3
33 35 5
33 37 5
33 41 2
33 49 5
34 35 3
34 38 4
34 42 4
34 50 1
35 39 3
35 43 1
35 51 1
36 37 2
36 38 2
36 44 2
36 52 5
37 39 5
37 45 5
37 53 1
38 39 2
38 46 2
38 54 5
39 47 5
39 55 5
40 41 1
40 42 4
40 44 3
40 56 1
41 43 2
41 45 3
41 57 2
42 43 2
42 46 1
42 58 4
43 47 1
43 59 3
44 45 3
44 46 3
44 60 1
45 47 1
45 61 5
46 47 1
46 62 4
47 63 1
48 49 5
48 50 2
48 52 4
48 56 3
49 51 5
49 53 5
49 57 2
50 51 5
50 54 3
50 58 1
51 55 1
51 59 4
52 53 1
52 54 1
52 60 5
53 55 3
53 61 1
54 55 4
54 62 4
55 63 1
56 57 2
56 58 3
56 60 2
57 59 5
57 61 4
58 100001 50
58 100004 50
58 59 4
58 62 1
59 100002 50
59 100004 50
59 63 4
60 100000 50
60 100001 50
60 61 3
60 62 4
61 100003 50
61 63 4
62 100002 50
62 100003 50
62 63 2
63 100003 50
63 100004 50
-2 1 50
-2 2 50
-2 5 50
-5 0 50
-5 2 50
-4 0 50
-4 5 50
-3 0 50
-3 2 50
-1 1 50
-1 3 50
-1 4 50
