0 32 1
0 1 10
0 2 8
0 4 9
0 8 9
0 64 7
0 16 2
1 33 8
1 3 3
1 5 4
1 65 5
1 9 10
1 17 10
2 34 8
2 3 5
2 6 7
2 10 7
2 66 7
2 18 10
3 35 10
3 7 6
3 11 6
3 19 8
3 67 2
4 36 6
4 5 4
4 6 8
4 12 8
4 20 5
4 68 8
5 37 4
5 7 2
5 13 3
5 21 1
5 69 8
6 70 3
6 38 7
6 7 5
6 14 6
6 22 2
7 39 9
7 71 1
7 15 1
7 23 7
8 40 2
8 9 5
8 10 8
8 12 8
8 72 4
8 24 10
9 41 8
9 11 1
9 13 7
9 73 2
9 25 5
10 42 5
10 11 3
10 14 3
10 26 10
10 74 10
11 43 3
11 15 9
11 75 9
11 27 10
12 76 9
12 44 7
12 13 6
12 14 4
12 28 9
13 45 5
13 77 5
13 15 8
13 29 9
14 46 2
14 15 3
14 78 6
14 30 6
15 47 1
15 79 9
15 31 6
16 80 7
16 48 10
16 17 4
16 18 6
16 20 2
16 24 10
17 81 9
17 49 8
17 19 9
17 21 9
17 25 10
18 82 8
18 50 6
18 19 2
18 22 6
18 26 1
19 83 5
19 51 5
19 23 7
19 27 1
20 52 6
20 21 2
20 22 10
20 84 5
20 28 6
21 53 10
21 23 9
21 29 7
21 85 6
22 86 6
22 54 8
22 23 9
22 30 10
23 87 8
23 55 4
23 31 9
24 88 5
24 56 5
24 25 2
24 26 9
24 28 8
25 89 9
25 57 5
25 27 6
25 29 8
26 58 2
26 27 5
26 90 2
26 30 7
27 91 10
27 59 5
27 31 1
28 92 2
28 60 6
28 29 6
28 30 9
29 93 1
29 61 3
29 31 6
30 94 6
30 62 1
30 31 8
31 95 7
31 63 1
32 33 8
32 34 5
32 36 3
32 40 3
32 96 2
32 48 4
33 35 4
33 37 3
33 97 9
33 41 10
33 49 6
34 35 7
34 38 7
34 42 3
34 98 10
34 50 9
35 39 4
35 43 1
35 99 7
35 51 8
36 37 7
36 38 6
36 44 8
36 52 8
36 100 6
37 39 7
37 45 2
37 53 10
37 101 9
38 102 4
38 39 5
38 46 1
38 54 1
39 103 5
39 47 3
39 55 7
40 41 3
40 42 6
40 44 3
40 104 4
40 56 5
41 43 8
41 45 3
41 105 9
41 57 7
42 43 7
42 46 10
42 58 10
42 106 6
43 47 9
43 107 4
43 59 1
44 108 4
44 45 7
44 46 4
44 60 5
45 47 10
45 109 10
45 61 4
46 47 1
46 110 7
46 62 9
47 111 2
47 63 2
48 112 4
48 49 9
48 50 3
48 52 9
48 56 3
49 113 7
49 51 7
49 53 8
49 57 6
50 114 7
50 51 4
50 54 7
50 58 2
51 115 5
51 55 9
51 59 2
52 53 3
52 54 5
52 116 4
52 60 4
53 55 1
53 61 1
53 117 6
54 118 1
54 55 9
54 62 3
55 119 1
55 63 7
56 120 4
56 57 2
56 58 6
56 60 10
57 121 5
57 59 8
57 61 3
58 59 4
58 122 9
58 62 5
59 123 7
59 63 4
60 124 3
60 61 6
60 62 4
61 125 6
61 63 9
62 126 10
62 63 7
63 127 6
64 65 5
64 66 5
64 68 2
64 72 8
64 96 10
64 80 2
65 67 10
65 69 10
65 97 9
65 73 3
65 81 3
66 67 8
66 70 3
66 74 5
66 98 9
66 82 1
67 71 9
67 75 1
67 99 8
67 83 7
68 69 7
68 70 7
68 76 2
68 84 1
68 100 8
69 71 9
69 77 7
69 85 4
69 101 7
70 102 3
70 71 9
70 78 6
70 86 3
71 103 5
71 79 9
71 87 3
72 73 2
72 74 7
72 76 1
72 104 5
72 88 9
73 75 8
73 77 8
73 105 3
73 89 2
74 75 10
74 78 8
74 90 7
74 106 10
75 79 6
75 107 10
75 91 1
76 108 2
76 77 1
76 78 5
76 92 4
77 79 4
77 109 3
77 93 2
78 79 10
78 110 1
78 94 9
79 111 3
79 95 7
80 112 5
80 81 2
80 82 9
80 84 4
80 88 3
81 113 3
81 83 6
81 85 2
81 89 8
82 114 2
82 83 5
82 86 10
82 90 5
83 115 10
83 87 6
83 91 7
84 85 2
84 86 5
84 116 2
84 92 5
85 87 5
85 93 4
85 117 10
86 118 2
86 87 7
86 94 9
87 119 10
87 95 9
88 120 7
88 89 10
88 90 1
88 92 9
89 121 9
89 91 9
89 93 1
90 91 5
90 122 6
90 94 4
91 123 3
91 95 9
92 124 2
92 93 3
92 94 8
93 125 5
93 95 2
94 126 5
94 95 1
95 127 6
96 98 4
96 100 6
96 97 3
96 104 8
96 112 2
97 99 2
97 101 3
97 105 3
97 113 2
98 99 5
98 102 1
98 106 3
98 114 6
99 103 6
99 107 8
99 115 6
100 101 5
100 102 6
100 108 6
100 116 5
101 103 7
101 109 1
101 117 6
102 103 1
102 110 10
102 118 9
103 111 10
103 119 2
104 105 3
104 106 5
104 108 10
104 120 10
105 107 2
105 109 7
105 121 3
106 107 8
106 110 5
106 122 7
107 111 2
107 123 6
108 109 1
108 110 10
108 124 2
109 111 4
109 125 1
110 111 7
110 126 1
111 127 6
112 113 1
112 114 9
112 116 2
112 120 3
113 115 10
113 117 4
113 121 7
114 115 5
114 118 9
114 122 6
115 119 1
115 123 10
116 117 8
116 118 1
116 124 6
117 119 9
117 125 5
118 119 6
118 126 8
119 127 4
120 121 8
120 122 3
120 124 9
121 123 3
121 125 9
122 100001 100
122 123 1
122 126 10
123 127 10
124 100000 100
124 100001 100
124 100002 100
124 125 9
124 126 1
125 100001 100
125 100003 100
125 100004 100
125 127 1
126 100000 100
126 100004 100
126 127 9
127 100002 100
127 100003 100
127 100004 100
-2 1 100
-2 2 100
-2 4 100
-5 2 100
-5 3 100
-5 5 100
-4 0 100
-4 5 100
-3 0 100
-3 2 100
-3 5 100
-1 0 100
-1 3 100
-1 4 100
