0 32 6
0 1 5
0 2 10
0 4 4
0 8 7
0 64 6
0 128 5
0 16 5
1 33 8
1 3 2
1 5 2
1 65 4
1 129 10
1 9 8
1 17 6
2 34 10
2 3 10
2 6 2
2 10 4
2 66 2
2 18 10
2 130 1
3 35 3
3 131 1
3 7 1
3 11 1
3 19 7
3 67 6
4 132 4
4 36 3
4 5 10
4 6 4
4 12 10
4 20 1
4 68 7
5 133 2
5 37 8
5 7 9
5 13 5
5 21 5
5 69 9
6 70 4
6 38 2
6 7 9
6 14 8
6 22 8
6 134 8
7 39 5
7 71 8
7 15 5
7 23 3
7 135 5
8 40 8
8 9 4
8 10 7
8 12 8
8 72 7
8 24 9
8 136 5
9 41 8
9 11 1
9 13 4
9 73 9
9 137 3
9 25 1
10 42 9
10 11 6
10 14 4
10 138 9
10 26 10
10 74 1
11 43 4
11 15 8
11 75 6
11 139 8
11 27 8
12 76 1
12 44 6
12 13 8
12 14 8
12 140 4
12 28 10
13 45 4
13 77 8
13 15 5
13 141 2
13 29 6
14 142 7
14 46 7
14 15 6
14 78 9
14 30 1
15 143 8
15 47 8
15 79 6
15 31 5
16 80 6
16 144 6
16 48 10
16 17 10
16 18 4
16 20 10
16 24 8
17 81 5
17 145 1
17 49 1
17 19 3
17 21 10
17 25 4
18 146 1
18 82 4
18 50 9
18 19 4
18 22 6
18 26 2
19 83 9
19 147 3
19 51 3
19 23 8
19 27 5
20 148 2
20 52 5
20 21 8
20 22 3
20 84 5
20 28 4
21 149 5
21 53 10
21 23 5
21 29 6
21 85 6
22 86 1
22 54 4
22 23 5
22 150 4
22 30 4
23 87 7
23 55 2
23 151 7
23 31 3
24 152 8
24 88 6
24 56 3
24 25 3
24 26 5
24 28 5
25 89 3
25 57 7
25 27 3
25 29 10
25 153 10
26 154 10
26 58 7
26 27 6
26 90 7
26 30 1
27 91 2
27 155 1
27 59 7
27 31 1
28 92 2
28 156 2
28 60 7
28 29 8
28 30 10
29 93 1
29 157 3
29 61 5
29 31 2
30 158 2
30 94 7
30 62 10
30 31 4
31 95 7
31 159 10
31 63 4
32 33 7
32 34 7
32 36 2
32 40 5
32 96 9
32 160 4
32 48 2
33 35 4
33 37 7
33 97 8
33 41 9
33 161 7
33 49 2
34 35 9
34 38 4
34 162 8
34 42 4
34 98 8
34 50 5
35 163 6
35 39 5
35 43 6
35 99 1
35 51 2
36 164 1
36 37 3
36 38 10
36 44 5
36 52 10
36 100 9
37 165 4
37 39 2
37 45 8
37 53 8
37 101 7
38 102 1
38 39 8
38 46 4
38 54 3
38 166 10
39 103 10
39 47 3
39 55 7
39 167 1
40 41 5
40 42 9
40 44 6
40 104 9
40 56 3
40 168 4
41 43 3
41 45 2
41 105 5
41 57 1
41 169 4
42 43 4
42 46 10
42 170 6
42 58 10
42 106 7
43 47 8
43 107 1
43 171 1
43 59 6
44 108 8
44 45 10
44 46 10
44 172 6
44 60 8
45 47 8
45 173 7
45 109 4
45 61 3
46 47 2
46 110 1
46 174 3
46 62 10
47 175 10
47 111 3
47 63 4
48 112 2
48 176 6
48 49 4
48 50 7
48 52 9
48 56 2
49 113 8
49 177 2
49 51 10
49 53 7
49 57 3
50 178 3
50 114 3
50 51 3
50 54 5
50 58 9
51 179 1
51 115 9
51 55 9
51 59 7
52 180 3
52 53 6
52 54 1
52 116 3
52 60 1
53 181 2
53 55 7
53 61 2
53 117 6
54 118 7
54 55 5
54 62 10
54 182 7
55 119 2
55 183 7
55 63 10
56 120 3
56 57 5
56 58 7
56 184 6
56 60 1
57 121 1
57 59 1
57 61 4
57 185 2
58 186 2
58 59 2
58 122 9
58 62 4
59 123 2
59 187 5
59 63 2
60 124 1
60 188 7
60 61 6
60 62 1
61 125 8
61 189 10
61 63 8
62 190 1
62 126 6
62 63 1
63 127 9
63 191 8
64 65 5
64 66 4
64 68 7
64 72 5
64 96 4
64 192 3
64 80 7
65 67 2
65 69 4
65 97 8
65 73 3
65 193 10
65 81 4
66 67 8
66 70 1
66 194 5
66 74 7
66 98 2
66 82 4
67 195 3
67 71 8
67 75 8
67 99 2
67 83 5
68 69 9
68 70 5
68 76 2
68 84 6
68 196 2
68 100 4
69 197 6
69 71 8
69 77 7
69 85 1
69 101 9
70 198 3
70 102 9
70 71 5
70 78 4
70 86 4
71 103 6
71 79 2
71 87 1
71 199 3
72 73 3
72 74 7
72 76 9
72 104 5
72 88 6
72 200 2
73 75 4
73 77 1
73 105 4
73 89 8
73 201 2
74 75 8
74 78 7
74 202 1
74 90 6
74 106 1
75 79 8
75 107 9
75 203 4
75 91 5
76 108 7
76 77 7
76 78 3
76 204 3
76 92 10
77 79 4
77 109 7
77 205 8
77 93 7
78 79 7
78 206 7
78 110 5
78 94 5
79 207 10
79 111 9
79 95 3
80 112 4
80 208 1
80 81 1
80 82 9
80 84 9
80 88 2
81 113 1
81 209 9
81 83 9
81 85 3
81 89 2
82 210 2
82 114 4
82 83 5
82 86 4
82 90 10
83 211 5
83 115 2
83 87 9
83 91 6
84 212 1
84 85 4
84 86 9
84 116 7
84 92 5
85 213 7
85 87 5
85 93 1
85 117 2
86 214 8
86 118 1
86 87 8
86 94 6
87 119 5
87 215 4
87 95 1
88 216 9
88 120 6
88 89 2
88 90 1
88 92 5
89 121 10
89 217 2
89 91 5
89 93 10
90 218 5
90 91 3
90 122 3
90 94 3
91 123 3
91 219 2
91 95 3
92 220 10
92 124 5
92 93 5
92 94 9
93 125 4
93 221 9
93 95 4
94 222 6
94 126 5
94 95 6
95 127 6
95 223 7
96 98 8
96 100 5
96 97 2
96 104 7
96 224 7
96 112 10
97 99 10
97 101 8
97 105 5
97 225 2
97 113 7
98 99 7
98 102 9
98 226 7
98 106 1
98 114 7
99 227 7
99 103 5
99 107 4
99 115 10
100 101 3
100 102 3
100 108 7
100 116 5
100 228 3
101 229 4
101 103 8
101 109 2
101 117 10
102 230 8
102 103 5
102 110 3
102 118 5
103 111 3
103 119 2
103 231 9
104 105 6
104 106 7
104 108 4
104 120 5
104 232 6
105 107 9
105 109 10
105 121 6
105 233 5
106 107 6
106 110 4
106 234 5
106 122 4
107 111 9
107 235 3
107 123 7
108 109 10
108 110 9
108 236 9
108 124 7
109 111 5
109 237 3
109 125 4
110 111 10
110 238 5
110 126 4
111 239 7
111 127 4
112 240 8
112 113 2
112 114 5
112 116 1
112 120 8
113 241 2
113 115 8
113 117 8
113 121 2
114 242 8
114 115 2
114 118 6
114 122 8
115 243 3
115 119 1
115 123 9
116 244 1
116 117 3
116 118 10
116 124 7
117 245 8
117 119 8
117 125 8
118 246 6
118 119 9
118 126 3
119 247 8
119 127 1
120 121 2
120 122 9
120 124 10
120 248 3
121 249 6
121 123 2
121 125 3
122 250 5
122 123 3
122 126 1
123 251 5
123 127 1
124 252 2
124 125 10
124 126 10
125 253 2
125 127 9
126 254 6
126 127 10
127 255 2
128 129 5
128 130 1
128 132 7
128 136 5
128 160 8
128 192 9
128 144 8
129 131 7
129 133 6
129 161 6
129 137 8
129 193 2
129 145 8
130 131 9
130 134 10
130 194 2
130 138 5
130 162 6
130 146 10
131 163 7
131 195 4
131 135 10
131 139 9
131 147 3
132 133 4
132 134 1
132 140 9
132 148 3
132 196 4
132 164 2
133 197 3
133 135 9
133 141 5
133 149 3
133 165 8
134 198 5
134 166 5
134 135 9
134 142 2
134 150 4
135 167 2
135 143 7
135 151 1
135 199 7
136 137 6
136 138 10
136 140 1
136 168 9
136 152 7
136 200 3
137 139 9
137 141 3
137 169 4
137 153 4
137 201 9
138 139 9
138 142 8
138 202 4
138 154 7
138 170 6
139 143 4
139 171 6
139 203 9
139 155 1
140 172 7
140 141 4
140 142 5
140 204 3
140 156 9
141 143 4
141 173 7
141 205 9
141 157 7
142 143 1
142 206 2
142 174 5
142 158 7
143 207 10
143 175 9
143 159 4
144 176 9
144 208 3
144 145 5
144 146 4
144 148 8
144 152 9
145 177 8
145 209 9
145 147 10
145 149 2
145 153 8
146 210 8
146 178 2
146 147 2
146 150 5
146 154 1
147 179 5
147 211 7
147 151 10
147 155 5
148 212 1
148 149 7
148 150 9
148 180 6
148 156 7
149 213 5
149 151 6
149 157 5
149 181 3
150 214 7
150 182 9
150 151 9
150 158 1
151 183 6
151 215 9
151 159 9
152 216 7
152 184 3
152 153 5
152 154 4
152 156 3
153 185 9
153 217 4
153 155 1
153 157 6
154 218 9
154 155 9
154 186 3
154 158 1
155 187 3
155 219 3
155 159 3
156 220 4
156 188 10
156 157 3
156 158 3
157 189 2
157 221 2
157 159 4
158 222 2
158 190 3
158 159 2
159 191 8
159 223 6
160 162 1
160 164 9
160 161 1
160 168 5
160 224 8
160 176 9
161 163 9
161 165 10
161 169 5
161 225 10
161 177 10
162 163 10
162 166 6
162 226 6
162 170 9
162 178 7
163 227 1
163 179 10
163 167 7
163 171 3
164 165 6
164 166 8
164 172 1
164 180 9
164 228 8
165 229 6
165 167 1
165 173 6
165 181 4
166 230 4
166 167 6
166 174 9
166 182 1
167 175 4
167 183 10
167 231 9
168 169 4
168 170 7
168 172 9
168 184 5
168 232 2
169 171 8
169 173 3
169 185 9
169 233 5
170 171 4
170 174 10
170 234 3
170 186 8
171 175 9
171 235 1
171 187 10
172 173 5
172 174 5
172 236 5
172 188 8
173 175 10
173 237 2
173 189 9
174 175 7
174 238 9
174 190 6
175 239 1
175 191 1
176 240 4
176 177 10
176 178 9
176 180 5
176 184 10
177 241 3
177 179 4
177 181 10
177 185 7
178 242 6
178 179 4
178 182 7
178 186 1
179 243 10
179 183 7
179 187 9
180 244 3
180 181 4
180 182 7
180 188 4
181 245 6
181 183 7
181 189 9
182 246 4
182 183 9
182 190 7
183 247 4
183 191 10
184 185 3
184 186 7
184 188 8
184 248 6
185 249 8
185 187 2
185 189 5
186 250 8
186 187 3
186 190 1
187 251 3
187 191 2
188 252 9
188 189 7
188 190 8
189 253 1
189 191 4
190 254 4
190 191 4
191 255 5
192 194 5
192 196 1
192 193 8
192 200 8
192 224 2
192 208 4
193 195 7
193 197 7
193 201 9
193 225 10
193 209 1
194 195 5
194 198 3
194 226 2
194 202 3
194 210 10
195 227 7
195 211 1
195 199 3
195 203 2
196 197 9
196 198 1
196 204 3
196 212 1
196 228 1
197 229 9
197 199 1
197 205 4
197 213 9
198 230 5
198 199 8
198 206 1
198 214 3
199 207 2
199 215 8
199 231 8
200 201 6
200 202 2
200 204 4
200 216 5
200 232 5
201 203 8
201 205 9
201 217 5
201 233 3
202 203 1
202 206 10
202 234 6
202 218 2
203 207 6
203 235 1
203 219 9
204 205 6
204 206 8
204 236 4
204 220 8
205 207 4
205 237 8
205 221 10
206 207 6
206 238 3
206 222 9
207 239 2
207 223 7
208 240 1
208 209 5
208 210 7
208 212 8
208 216 9
209 241 9
209 211 1
209 213 9
209 217 6
210 242 9
210 211 6
210 214 10
210 218 5
211 243 2
211 215 4
211 219 2
212 244 3
212 213 5
212 214 8
212 220 6
213 245 6
213 215 5
213 221 6
214 246 10
214 215 9
214 222 10
215 247 10
215 223 5
216 217 9
216 218 9
216 220 1
216 248 2
217 249 4
217 219 2
217 221 2
218 250 3
218 219 2
218 222 9
219 251 9
219 223 3
220 252 4
220 221 3
220 222 8
221 253 6
221 223 3
222 254 9
222 223 9
223 255 1
224 226 9
224 228 1
224 225 2
224 232 5
224 240 5
225 227 8
225 229 7
225 241 8
225 233 7
226 227 4
226 230 7
226 234 5
226 242 5
227 243 1
227 231 6
227 235 3
228 229 4
228 230 1
228 236 6
228 244 10
229 231 10
229 237 8
229 245 1
230 231 6
230 238 9
230 246 9
231 239 3
231 247 8
232 233 9
232 234 6
232 236 1
232 248 2
233 235 4
233 237 10
233 249 2
234 235 6
234 238 8
234 250 8
235 239 2
235 251 7
236 237 7
236 238 10
236 252 5
237 239 4
237 253 6
238 239 6
238 254 1
239 255 4
240 241 6
240 242 3
240 244 1
240 248 10
241 243 4
241 245 9
241 249 7
242 243 10
242 246 7
242 250 1
243 247 10
243 251 7
244 246 4
244 252 1
244 245 3
245 247 4
245 253 3
246 247 6
246 254 10
247 255 4
248 252 6
248 249 5
248 250 8
249 251 2
249 253 1
250 100002 100
250 100003 100
250 251 4
250 254 4
251 100003 100
251 255 2
252 100000 100
252 100001 100
252 253 10
252 254 5
253 100001 100
253 100004 100
253 255 5
254 100000 100
254 100001 100
254 100002 100
254 255 8
255 100002 100
-2 1 100
-2 3 100
-2 4 100
-5 1 100
-5 4 100
-4 2 100
-4 3 100
-3 0 100
-3 3 100
-3 5 100
-1 1 100
-1 5 100
