0 8 7
0 1 6
0 2 9
0 4 2
0 16 9
1 9 3
1 3 8
1 5 9
1 17 6
2 10 1
2 3 2
2 18 2
2 6 7
3 19 6
3 11 5
3 7 1
4 20 1
4 12 3
4 5 10
4 6 3
5 21 6
5 13 2
5 7 10
6 22 1
6 14 6
6 7 2
7 23 2
7 15 10
8 9 3
8 10 3
8 12 7
8 24 2
9 11 2
9 13 9
9 25 10
10 11 9
10 26 9
10 14 7
11 27 3
11 15 2
12 28 3
12 13 10
12 14 1
13 29 7
13 15 4
14 30 4
14 15 8
15 31 2
16 17 6
16 18 10
16 20 9
16 24 1
17 19 6
17 21 4
17 25 1
18 19 9
18 26 9
18 22 1
19 27 5
19 23 10
20 28 5
20 21 4
20 22 10
21 29 2
21 23 3
22 30 5
22 23 1
23 31 3
24 26 4
24 28 7
24 25 2
25 27 8
25 29 7
26 100000 100
26 100003 100
26 27 8
26 30 4
27 100001 100
27 100003 100
27 31 7
28 100000 100
28 100001 100
28 100003 100
28 100004 100
28 29 2
28 30 1
29 100001 100
29 100002 100
29 100004 100
29 31 9
30 100002 100
30 100004 100
30 31 7
31 100000 100
31 100002 100
-2 0 100
-2 3 100
-5 2 100
-5 3 100
-5 5 100
-4 2 100
-4 4 100
-3 0 100
-3 1 100
-3 4 100
-1 1 100
-1 2 100
