0 32 3
0 1 4
0 2 1
0 4 5
0 8 3
0 64 3
0 16 1
1 33 2
1 3 4
1 5 1
1 65 4
1 9 2
1 17 4
2 34 2
2 3 4
2 6 3
2 10 3
2 66 4
2 18 4
3 35 2
3 7 3
3 11 1
3 19 1
3 67 3
4 36 4
4 5 3
4 6 1
4 12 2
4 20 2
4 68 5
5 37 1
5 7 5
5 13 3
5 21 3
5 69 2
6 70 2
6 38 4
6 7 5
6 14 4
6 22 2
7 39 5
7 71 1
7 15 2
7 23 5
8 40 1
8 9 5
8 10 1
8 12 5
8 72 3
8 24 1
9 41 2
9 11 2
9 13 5
9 73 3
9 25 2
10 42 1
10 11 2
10 14 3
10 26 3
10 74 5
11 43 5
11 15 3
11 75 2
11 27 1
12 76 4
12 44 2
12 13 1
12 14 1
12 28 3
13 45 1
13 77 5
13 15 3
13 29 5
14 46 2
14 15 1
14 78 4
14 30 4
15 47 1
15 79 4
15 31 5
16 80 4
16 48 4
16 17 3
16 18 1
16 20 2
16 24 5
17 81 4
17 49 1
17 19 3
17 21 4
17 25 1
18 82 4
18 50 3
18 19 3
18 22 2
18 26 3
19 83 1
19 51 1
19 23 1
19 27 4
20 52 1
20 21 3
20 22 2
20 84 3
20 28 1
21 53 1
21 23 4
21 29 2
21 85 5
22 86 5
22 54 4
22 23 3
22 30 3
23 87 2
23 55 2
23 31 4
24 88 5
24 56 2
24 25 1
24 26 1
24 28 5
25 89 3
25 57 2
25 27 4
25 29 5
26 58 3
26 27 1
26 90 1
26 30 5
27 91 1
27 59 5
27 31 4
28 92 3
28 60 4
28 29 1
28 30 1
29 93 2
29 61 2
29 31 1
30 94 1
30 62 3
30 31 3
31 95 1
31 63 4
32 33 1
32 34 2
32 36 3
32 40 1
32 96 1
32 48 2
33 35 3
33 37 3
33 97 2
33 41 2
33 49 5
34 35 5
34 38 3
34 42 4
34 98 4
34 50 1
35 39 1
35 43 2
35 99 3
35 51 3
36 37 3
36 38 1
36 44 2
36 52 2
36 100 2
37 39 2
37 45 1
37 53 4
37 101 2
38 102 1
38 39 2
38 46 3
38 54 2
39 103 3
39 47 5
39 55 2
40 41 5
40 42 2
40 44 3
40 104 1
40 56 4
41 43 4
41 45 1
41 105 3
41 57 5
42 43 4
42 46 2
42 58 5
42 106 2
43 47 2
43 107 3
43 59 5
44 108 4
44 45 5
44 46 5
44 60 1
45 47 2
45 109 5
45 61 1
46 47 4
46 110 1
46 62 3
47 111 1
47 63 2
48 112 3
48 49 1
48 50 2
48 52 2
48 56 5
49 113 1
49 51 5
49 53 3
49 57 5
50 114 4
50 51 3
50 54 3
50 58 3
51 115 4
51 55 5
51 59 2
52 53 4
52 54 4
52 116 2
52 60 3
53 55 3
53 61 1
53 117 4
54 118 5
54 55 3
54 62 3
55 119 4
55 63 4
56 120 3
56 57 2
56 58 1
56 60 1
57 121 2
57 59 1
57 61 5
58 59 2
58 122 5
58 62 5
59 123 2
59 63 1
60 124 2
60 61 5
60 62 3
61 125 1
61 63 4
62 126 2
62 63 5
63 127 1
64 65 1
64 66 5
64 68 5
64 72 1
64 96 4
64 80 5
65 67 5
65 69 1
65 97 5
65 73 3
65 81 4
66 67 5
66 70 1
66 74 2
66 98 4
66 82 2
67 71 4
67 75 5
67 99 5
67 83 3
68 69 2
68 70 4
68 76 2
68 84 3
68 100 1
69 71 1
69 77 4
69 85 5
69 101 4
70 102 3
70 71 3
70 78 2
70 86 2
71 103 3
71 79 1
71 87 4
72 73 2
72 74 3
72 76 4
72 104 2
72 88 5
73 75 5
73 77 1
73 105 3
73 89 3
74 75 4
74 78 5
74 90 3
74 106 3
75 79 2
75 107 5
75 91 2
76 108 3
76 77 4
76 78 4
76 92 1
77 79 4
77 109 1
77 93 3
78 79 4
78 110 3
78 94 2
79 111 3
79 95 1
80 112 3
80 81 1
80 82 5
80 84 5
80 88 2
81 113 4
81 83 1
81 85 4
81 89 1
82 114 3
82 83 1
82 86 5
82 90 2
83 115 3
83 87 4
83 91 3
84 85 5
84 86 5
84 116 2
84 92 3
85 87 5
85 93 5
85 117 4
86 118 5
86 87 1
86 94 2
87 119 2
87 95 3
88 120 2
88 89 4
88 90 2
88 92 1
89 121 5
89 91 1
89 93 5
90 91 2
90 122 2
90 94 1
91 123 1
91 95 5
92 124 2
92 93 4
92 94 4
93 125 4
93 95 3
94 126 1
94 95 1
95 127 2
96 98 4
96 100 5
96 97 2
96 104 4
96 112 2
97 99 5
97 101 5
97 105 5
97 113 5
98 99 5
98 102 2
98 106 5
98 114 5
99 103 2
99 107 4
99 115 4
100 101 2
100 102 2
100 108 2
100 116 1
101 103 1
101 109 3
101 117 1
102 103 1
102 110 3
102 118 3
103 111 2
103 119 3
104 105 4
104 106 1
104 108 1
104 120 2
105 107 4
105 109 2
105 121 2
106 107 3
106 110 3
106 122 4
107 111 5
107 123 3
108 109 2
108 110 3
108 124 2
109 111 5
109 125 1
110 111 3
110 126 1
111 127 3
112 113 1
112 114 1
112 116 5
112 120 1
113 115 5
113 117 3
113 121 3
114 115 1
114 118 1
114 122 1
115 119 5
115 123 1
116 117 2
116 118 5
116 124 2
117 119 4
117 125 1
118 119 1
118 126 5
119 127 4
120 121 3
120 122 4
120 124 3
121 123 1
121 125 5
122 123 4
122 126 3
123 100002 50
123 100004 50
123 127 1
124 100000 50
124 100001 50
124 100003 50
124 125 4
124 126 2
125 100002 50
125 127 4
126 100000 50
126 100002 50
126 100003 50
126 127 3
127 100001 50
127 100003 50
127 100004 50
-2 0 50
-2 2 50
-5 2 50
-5 3 50
-4 0 50
-4 2 50
-4 5 50
-3 0 50
-3 5 50
-1 4 50
-1 5 50
