0 8 3
0 1 6
0 2 1
0 4 4
0 16 3
1 9 8
1 3 5
1 5 5
1 17 1
2 10 6
2 3 1
2 18 10
2 6 3
3 19 5
3 1 9
3 2 9
3 11 5
3 7 7
4 0 8
4 20 8
4 12 3
4 5 6
4 6 7
5 1 10
5 21 8
5 4 6
5 13 9
5 7 4
6 2 9
6 4 6
6 22 8
6 14 5
6 7 5
7 23 9
7 3 5
7 5 9
7 6 6
7 15 6
8 9 9
8 10 3
8 12 5
8 24 3
9 11 8
9 13 2
9 25 9
10 11 1
10 26 1
10 14 8
11 27 8
11 9 5
11 10 1
11 3 4
11 15 1
12 8 3
12 28 5
12 4 6
12 13 10
12 14 3
13 29 8
13 12 2
13 5 8
13 15 10
14 12 10
14 30 1
14 6 3
14 15 9
15 31 4
15 11 1
15 13 4
15 14 6
15 7 4
16 0 9
16 17 5
16 18 9
16 20 8
16 24 3
17 16 2
17 1 7
17 19 3
17 21 1
17 25 2
18 16 10
18 2 1
18 19 8
18 26 5
18 22 6
19 27 7
19 17 9
19 18 4
19 3 5
19 23 9
20 16 10
20 28 7
20 4 5
20 21 7
20 22 7
21 17 10
21 29 2
21 20 2
21 5 6
21 23 8
22 18 1
22 20 4
22 30 3
22 6 2
22 23 1
23 31 6
23 19 10
23 21 8
23 22 5
23 7 5
24 16 4
24 26 7
24 28 2
24 25 1
25 9 7
25 27 7
25 29 9
25 17 3
26 100000 100
26 100001 100
26 100002 100
26 18 1
26 24 1
26 27 1
26 30 4
27 100000 100
27 100004 100
27 31 4
28 100003 100
28 100004 100
28 12 6
28 20 6
28 24 10
28 29 2
28 30 8
29 100000 100
29 100001 100
29 100002 100
29 100003 100
29 100004 100
29 21 2
29 25 3
29 28 5
29 31 4
30 100001 100
30 100002 100
30 100003 100
30 22 9
30 26 7
30 28 7
30 31 5
-2 0 100
-2 3 100
-5 0 100
-5 4 100
-5 5 100
-4 3 100
-4 5 100
-3 1 100
-3 4 100
-3 5 100
-1 0 100
-1 3 100
-1 5 100
