0 32 6
0 1 9
0 2 3
0 4 3
0 8 5
0 16 8
1 33 7
1 3 10
1 5 3
1 9 9
1 17 4
2 34 5
2 3 7
2 6 8
2 10 6
2 18 9
3 35 7
3 7 3
3 11 5
3 19 10
4 36 5
4 5 10
4 6 9
4 12 5
4 20 5
5 37 2
5 7 6
5 13 2
5 21 10
6 38 2
6 7 10
6 14 4
6 22 1
7 39 6
7 15 3
7 23 5
8 40 7
8 9 7
8 10 5
8 12 7
8 24 7
9 41 3
9 11 4
9 13 1
9 25 8
10 42 5
10 11 5
10 14 4
10 26 3
11 43 6
11 15 10
11 27 1
12 44 1
12 13 4
12 14 8
12 28 9
13 45 2
13 15 3
13 29 6
14 46 10
14 15 6
14 30 8
15 47 5
15 31 7
16 48 4
16 17 3
16 18 1
16 20 2
16 24 10
17 49 3
17 19 1
17 21 1
17 25 3
18 50 1
18 19 4
18 22 8
18 26 6
19 51 4
19 23 3
19 27 1
20 52 2
20 21 8
20 22 7
20 28 1
21 53 1
21 23 2
21 29 4
22 54 10
22 23 5
22 30 4
23 55 1
23 31 1
24 56 1
24 25 7
24 26 5
24 28 2
25 57 3
25 27 5
25 29 7
26 58 8
26 27 9
26 30 1
27 59 2
27 31 3
28 60 4
28 29 6
28 30 1
29 61 8
29 31 7
30 62 7
30 31 6
31 63 9
32 33 9
32 34 4
32 36 4
32 40 1
32 48 8
33 35 4
33 37 4
33 41 2
33 49 5
34 35 3
34 38 4
34 42 3
34 50 8
35 39 5
35 43 6
35 51 8
36 37 2
36 38 2
36 44 7
36 52 7
37 39 6
37 45 3
37 53 5
38 39 9
38 46 1
38 54 8
39 47 5
39 55 4
40 41 10
40 42 3
40 44 6
40 56 7
41 43 1
41 45 4
41 57 2
42 43 10
42 46 9
42 58 3
43 47 3
43 59 3
44 45 4
44 46 5
44 60 2
45 47 3
45 61 1
46 47 10
46 62 3
47 63 3
48 49 7
48 50 7
48 52 5
48 56 6
49 51 9
49 53 1
49 57 1
50 51 9
50 54 10
50 58 7
51 55 4
51 59 5
52 53 9
52 54 3
52 60 6
53 55 4
53 61 9
54 55 5
54 62 3
55 63 9
56 57 2
56 58 8
56 60 6
57 59 9
57 61 4
58 100002 100
58 100004 100
58 59 4
58 62 2
59 100003 100
59 63 10
60 100000 100
60 100002 100
60 100003 100
60 61 2
60 62 4
61 100001 100
61 100002 100
61 63 10
62 100000 100
62 100003 100
62 100004 100
62 63 8
63 100000 100
-2 0 100
-2 1 100
-2 3 100
-5 4 100
-5 5 100
-4 1 100
-4 2 100
-3 1 100
-3 2 100
-1 0 100
-1 2 100
-1 3 100
