0 32 8
0 1 6
0 2 1
0 4 4
0 8 4
0 16 5
1 33 3
1 3 4
1 5 1
1 9 4
1 17 9
2 34 4
2 3 1
2 6 6
2 10 6
2 18 10
3 35 10
3 7 1
3 11 4
3 19 4
4 36 6
4 5 6
4 6 2
4 12 3
4 20 1
5 37 2
5 7 6
5 13 10
5 21 5
6 38 2
6 7 7
6 14 5
6 22 9
7 39 6
7 15 10
7 23 8
8 40 6
8 9 3
8 10 5
8 12 8
8 24 9
9 41 4
9 11 3
9 13 8
9 25 3
10 42 1
10 11 10
10 14 8
10 26 5
11 43 2
11 15 9
11 27 4
12 44 9
12 13 4
12 14 6
12 28 5
13 45 1
13 15 2
13 29 9
14 46 10
14 15 10
14 30 6
15 47 1
15 31 4
16 48 6
16 17 4
16 18 10
16 20 5
16 24 8
17 49 1
17 19 4
17 21 3
17 25 9
18 50 1
18 19 3
18 22 8
18 26 3
19 51 6
19 23 6
19 27 3
20 52 7
20 21 1
20 22 10
20 28 7
21 53 10
21 23 7
21 29 9
22 54 3
22 23 9
22 30 1
23 55 3
23 31 5
24 56 10
24 25 4
24 26 6
24 28 6
25 57 1
25 27 9
25 29 5
26 58 4
26 27 5
26 30 7
27 59 9
27 31 1
28 60 3
28 29 6
28 30 1
29 61 7
29 31 7
30 62 4
30 31 1
31 63 5
32 33 10
32 34 8
32 36 3
32 40 3
32 48 10
33 35 7
33 37 7
33 41 7
33 49 9
34 35 2
34 38 1
34 42 6
34 50 3
35 39 5
35 43 4
35 51 6
36 37 2
36 38 1
36 44 1
36 52 3
37 39 6
37 45 10
37 53 1
38 39 5
38 46 1
38 54 3
39 47 8
39 55 9
40 41 7
40 42 6
40 44 9
40 56 4
41 43 10
41 45 1
41 57 8
42 43 1
42 46 6
42 58 5
43 47 10
43 59 10
44 45 5
44 46 2
44 60 9
45 47 5
45 61 10
46 47 2
46 62 2
47 63 6
48 49 6
48 50 4
48 52 5
48 56 5
49 51 1
49 53 7
49 57 4
50 51 8
50 54 1
50 58 5
51 55 9
51 59 8
52 53 3
52 54 10
52 60 2
53 55 5
53 61 1
54 55 3
54 62 8
55 63 10
56 57 6
56 58 3
56 60 6
57 59 9
57 61 1
58 100000 100
58 100002 100
58 59 2
58 62 8
59 100003 100
59 63 4
60 100004 100
60 61 10
60 62 7
61 100000 100
61 100001 100
61 100003 100
61 100004 100
61 63 8
62 100003 100
62 63 1
63 100001 100
63 100002 100
63 100004 100
-2 1 100
-2 4 100
-5 1 100
-5 4 100
-4 2 100
-4 5 100
-3 1 100
-3 3 100
-1 0 100
-1 2 100
