0 32 3
0 1 2
0 2 4
0 4 3
0 8 5
0 16 4
1 33 1
1 3 4
1 5 5
1 9 5
1 17 1
2 34 3
2 3 5
2 6 1
2 10 4
2 18 4
3 35 5
3 7 1
3 11 2
3 19 5
4 36 1
4 5 5
4 6 3
4 12 5
4 20 3
5 37 5
5 7 5
5 13 5
5 21 3
6 38 2
6 7 1
6 14 3
6 22 5
7 39 1
7 15 5
7 23 4
8 40 2
8 9 4
8 10 1
8 12 4
8 24 3
9 41 5
9 11 3
9 13 4
9 25 3
10 42 1
10 11 1
10 14 2
10 26 1
11 43 3
11 15 2
11 27 2
12 44 1
12 13 1
12 14 5
12 28 5
13 45 1
13 15 4
13 29 4
14 46 3
14 15 3
14 30 2
15 47 1
15 31 4
16 48 2
16 17 2
16 18 5
16 20 3
16 24 1
17 49 5
17 19 2
17 21 2
17 25 4
18 50 3
18 19 1
18 22 1
18 26 4
19 51 1
19 23 2
19 27 2
20 52 1
20 21 3
20 22 4
20 28 1
21 53 5
21 23 3
21 29 5
22 54 3
22 23 1
22 30 1
23 55 4
23 31 1
24 56 4
24 25 2
24 26 4
24 28 4
25 57 2
25 27 2
25 29 2
26 58 2
26 27 4
26 30 1
27 59 2
27 31 1
28 60 3
28 29 4
28 30 3
29 61 3
29 31 3
30 62 4
30 31 1
31 63 4
32 33 4
32 34 5
32 36 4
32 40 2
32 48 3
33 35 5
33 37 5
33 41 4
33 49 1
34 35 1
34 38 4
34 42 4
34 50 4
35 39 1
35 43 3
35 51 5
36 37 3
36 38 4
36 44 1
36 52 3
37 39 1
37 45 3
37 53 3
38 39 2
38 46 5
38 54 5
39 47 2
39 55 1
40 41 3
40 42 1
40 44 4
40 56 5
41 43 3
41 45 2
41 57 2
42 43 5
42 46 5
42 58 1
43 47 5
43 59 3
44 45 4
44 46 2
44 60 3
45 47 3
45 61 5
46 47 1
46 62 4
47 63 4
48 49 4
48 50 4
48 52 3
48 56 1
49 51 1
49 53 1
49 57 3
50 51 3
50 54 3
50 58 2
51 55 3
51 59 5
52 53 5
52 54 4
52 60 4
53 55 1
53 61 1
54 55 2
54 62 2
55 63 2
56 57 3
56 58 4
56 60 5
57 59 2
57 61 5
58 100000 50
58 100003 50
58 100004 50
58 59 4
58 62 3
59 100001 50
59 100002 50
59 100003 50
59 100004 50
59 63 4
60 61 5
60 62 3
61 100000 50
61 100002 50
61 100004 50
61 63 3
62 63 3
63 100001 50
-2 0 50
-2 3 50
-5 0 50
-5 1 50
-4 2 50
-4 3 50
-4 4 50
-3 1 50
-3 5 50
-1 1 50
-1 4 50
