0 32 1
0 1 9
0 2 10
0 4 10
0 8 3
0 64 2
0 128 7
0 256 2
0 16 7
1 33 6
1 3 3
1 5 3
1 65 3
1 129 1
1 9 8
1 257 5
1 17 9
2 34 9
2 3 2
2 6 7
2 10 1
2 66 6
2 18 5
2 258 9
2 130 8
3 35 3
3 131 9
3 7 8
3 259 7
3 11 2
3 19 5
3 67 5
4 132 10
4 36 6
4 5 6
4 6 4
4 12 6
4 20 7
4 68 5
4 260 9
5 133 3
5 37 2
5 7 6
5 261 2
5 13 10
5 21 2
5 69 1
6 70 9
6 38 5
6 7 6
6 262 8
6 14 7
6 22 7
6 134 10
7 263 2
7 39 9
7 71 3
7 15 5
7 23 6
7 135 3
8 40 2
8 9 8
8 10 1
8 12 4
8 72 5
8 24 3
8 136 9
8 264 3
9 41 10
9 11 8
9 13 7
9 73 5
9 137 8
9 25 5
9 265 10
10 266 8
10 42 7
10 11 4
10 14 4
10 138 8
10 26 9
10 74 2
11 43 7
11 15 5
11 75 8
11 139 6
11 267 6
11 27 10
12 76 3
12 44 1
12 13 6
12 14 10
12 140 5
12 268 10
12 28 8
13 45 7
13 77 7
13 15 3
13 141 1
13 269 5
13 29 4
14 142 2
14 46 10
14 15 1
14 270 6
14 78 2
14 30 1
15 143 5
15 47 7
15 271 7
15 79 6
15 31 10
16 80 7
16 144 1
16 272 1
16 48 9
16 17 8
16 18 4
16 20 3
16 24 5
17 81 8
17 145 10
17 273 6
17 49 4
17 19 4
17 21 10
17 25 7
18 146 7
18 274 1
18 82 1
18 50 8
18 19 9
18 22 5
18 26 10
19 83 3
19 147 4
19 275 2
19 51 2
19 23 8
19 27 2
20 148 3
20 276 10
20 52 3
20 21 10
20 22 7
20 84 10
20 28 5
21 149 8
21 277 1
21 53 9
21 23 5
21 29 4
21 85 1
22 278 2
22 86 9
22 54 3
22 23 1
22 150 2
22 30 3
23 279 9
23 87 1
23 55 4
23 151 6
23 31 7
24 152 7
24 88 6
24 56 8
24 25 3
24 26 6
24 28 6
24 280 3
25 89 4
25 57 10
25 27 5
25 281 3
25 29 8
25 153 8
26 282 4
26 154 10
26 58 7
26 27 7
26 90 5
26 30 1
27 91 10
27 155 9
27 283 2
27 59 7
27 31 10
28 92 8
28 156 10
28 284 6
28 60 10
28 29 10
28 30 3
29 93 5
29 157 8
29 285 10
29 61 9
29 31 9
30 158 6
30 286 7
30 94 10
30 62 4
30 31 5
31 95 6
31 159 8
31 287 8
31 63 6
32 33 8
32 34 9
32 36 6
32 40 6
32 96 1
32 160 9
32 288 1
32 48 4
33 35 10
33 37 8
33 97 4
33 41 10
33 289 8
33 161 9
33 49 2
34 35 4
34 38 8
34 162 2
34 42 10
34 290 4
34 98 6
34 50 9
35 163 10
35 39 2
35 291 4
35 43 6
35 99 7
35 51 4
36 164 8
36 37 3
36 38 3
36 292 9
36 44 10
36 52 9
36 100 8
37 165 6
37 39 2
37 45 1
37 53 1
37 293 1
37 101 3
38 294 10
38 102 5
38 39 7
38 46 3
38 54 2
38 166 10
39 295 3
39 103 7
39 47 5
39 55 9
39 167 4
40 41 5
40 42 8
40 44 9
40 104 8
40 56 7
40 168 3
40 296 9
41 43 4
41 45 4
41 105 1
41 57 2
41 297 7
41 169 6
42 43 6
42 46 3
42 170 6
42 58 5
42 298 10
42 106 6
43 47 5
43 107 8
43 171 10
43 299 8
43 59 4
44 108 9
44 45 7
44 46 3
44 172 4
44 300 2
44 60 5
45 47 7
45 173 8
45 109 8
45 301 1
45 61 6
46 47 7
46 302 4
46 110 9
46 174 2
46 62 1
47 175 2
47 303 8
47 111 3
47 63 9
48 112 2
48 176 8
48 304 2
48 49 9
48 50 10
48 52 5
48 56 3
49 113 6
49 177 2
49 305 9
49 51 4
49 53 10
49 57 2
50 178 10
50 306 4
50 114 9
50 51 3
50 54 6
50 58 7
51 179 6
51 307 7
51 115 1
51 55 10
51 59 2
52 180 6
52 308 1
52 53 7
52 54 2
52 116 3
52 60 9
53 181 5
53 55 3
53 309 10
53 61 4
53 117 10
54 310 9
54 118 4
54 55 3
54 62 3
54 182 9
55 311 5
55 119 4
55 183 3
55 63 5
56 120 5
56 57 6
56 58 7
56 184 2
56 60 5
56 312 8
57 313 3
57 121 1
57 59 3
57 61 4
57 185 3
58 314 6
58 186 1
58 59 8
58 122 7
58 62 7
59 123 5
59 187 9
59 315 5
59 63 1
60 124 4
60 188 10
60 316 8
60 61 3
60 62 7
61 317 5
61 125 10
61 189 4
61 63 9
62 190 6
62 318 7
62 126 4
62 63 1
63 127 3
63 191 3
63 319 7
64 65 6
64 66 6
64 68 10
64 72 4
64 96 4
64 192 7
64 80 7
64 320 5
65 67 8
65 69 1
65 97 6
65 73 4
65 193 4
65 321 3
65 81 6
66 67 1
66 70 2
66 194 2
66 74 8
66 322 6
66 98 7
66 82 8
67 195 1
67 71 7
67 323 9
67 75 3
67 99 8
67 83 4
68 69 4
68 70 10
68 324 5
68 76 1
68 84 10
68 196 6
68 100 8
69 197 7
69 325 5
69 71 10
69 77 8
69 85 9
69 101 1
70 198 2
70 102 1
70 71 2
70 78 2
70 326 7
70 86 5
71 327 9
71 103 8
71 79 4
71 87 10
71 199 10
72 328 6
72 73 7
72 74 2
72 76 2
72 104 7
72 88 4
72 200 3
73 75 2
73 77 5
73 105 2
73 89 3
73 201 3
73 329 10
74 75 6
74 78 9
74 202 7
74 90 10
74 330 8
74 106 6
75 79 7
75 107 9
75 203 2
75 331 10
75 91 7
76 108 4
76 77 7
76 78 8
76 204 5
76 332 8
76 92 7
77 79 3
77 109 5
77 333 9
77 205 1
77 93 5
78 79 1
78 206 6
78 334 8
78 110 4
78 94 9
79 207 4
79 335 5
79 111 8
79 95 4
80 112 7
80 208 5
80 81 8
80 82 1
80 84 10
80 336 3
80 88 4
81 113 1
81 209 1
81 337 4
81 83 4
81 85 1
81 89 3
82 210 10
82 338 5
82 114 9
82 83 9
82 86 10
82 90 8
83 211 8
83 339 6
83 115 8
83 87 3
83 91 9
84 340 4
84 212 2
84 85 7
84 86 5
84 116 5
84 92 9
85 213 7
85 341 2
85 87 6
85 93 7
85 117 8
86 214 7
86 342 1
86 118 4
86 87 2
86 94 8
87 343 4
87 119 9
87 215 4
87 95 3
88 344 4
88 216 2
88 120 1
88 89 3
88 90 8
88 92 4
89 121 4
89 217 1
89 91 7
89 93 9
89 345 2
90 218 10
90 91 3
90 346 3
90 122 4
90 94 2
91 123 1
91 347 6
91 219 8
91 95 7
92 220 9
92 124 10
92 348 3
92 93 7
92 94 2
93 125 3
93 221 6
93 349 4
93 95 3
94 222 4
94 350 7
94 126 6
94 95 5
95 127 8
95 223 10
95 351 6
96 98 5
96 100 8
96 97 10
96 104 4
96 224 9
96 112 5
96 352 2
97 99 8
97 101 1
97 105 9
97 225 10
97 353 10
97 113 9
98 99 4
98 102 4
98 226 2
98 106 7
98 354 7
98 114 3
99 227 2
99 103 5
99 107 3
99 115 10
99 355 9
100 101 4
100 102 1
100 356 2
100 108 6
100 116 6
100 228 9
101 229 2
101 103 1
101 357 4
101 109 1
101 117 9
102 230 6
102 103 3
102 110 5
102 118 9
102 358 1
103 111 5
103 359 2
103 119 4
103 231 3
104 360 4
104 105 1
104 106 1
104 108 8
104 120 4
104 232 3
105 107 4
105 109 9
105 121 6
105 233 5
105 361 3
106 107 4
106 110 7
106 362 6
106 234 4
106 122 2
107 363 3
107 111 6
107 235 1
107 123 2
108 109 4
108 110 3
108 236 7
108 364 9
108 124 8
109 111 8
109 237 6
109 365 2
109 125 3
110 111 10
110 238 5
110 366 6
110 126 8
111 239 8
111 367 9
111 127 9
112 240 9
112 113 3
112 114 5
112 116 7
112 368 9
112 120 1
113 241 2
113 369 4
113 115 7
113 117 5
113 121 8
114 242 10
114 370 9
114 115 4
114 118 8
114 122 3
115 243 6
115 371 8
115 119 2
115 123 9
116 244 7
116 372 7
116 117 8
116 118 10
116 124 9
117 245 8
117 373 9
117 119 10
117 125 1
118 246 7
118 119 6
118 374 3
118 126 5
119 375 6
119 247 10
119 127 7
120 376 5
120 121 1
120 122 9
120 124 8
120 248 3
121 249 6
121 123 7
121 125 10
121 377 3
122 378 3
122 250 5
122 123 5
122 126 5
123 379 6
123 251 2
123 127 2
124 252 1
124 380 7
124 125 6
124 126 1
125 253 7
125 381 6
125 127 2
126 382 8
126 254 2
126 127 9
127 255 10
127 383 1
128 129 9
128 130 6
128 132 3
128 136 8
128 160 2
128 192 3
128 144 3
128 384 3
129 131 7
129 133 2
129 161 7
129 137 2
129 193 4
129 385 8
129 145 8
130 131 4
130 134 8
130 194 6
130 138 4
130 162 6
130 386 9
130 146 3
131 163 5
131 195 2
131 135 6
131 139 10
131 387 3
131 147 7
132 133 4
132 134 1
132 388 1
132 140 9
132 148 10
132 196 10
132 164 6
133 197 4
133 135 7
133 389 5
133 141 4
133 149 8
133 165 10
134 198 3
134 166 8
134 135 5
134 142 10
134 150 3
134 390 6
135 391 4
135 167 8
135 143 2
135 151 8
135 199 6
136 392 5
136 137 9
136 138 6
136 140 8
136 168 3
136 152 4
136 200 9
137 393 7
137 139 7
137 141 6
137 169 1
137 153 6
137 201 7
138 139 7
138 142 10
138 202 9
138 154 1
138 170 2
138 394 2
139 143 3
139 171 1
139 203 1
139 155 8
139 395 8
140 172 7
140 141 6
140 142 7
140 204 9
140 396 5
140 156 5
141 143 2
141 173 9
141 205 1
141 397 2
141 157 9
142 143 1
142 206 9
142 174 3
142 398 9
142 158 7
143 207 5
143 399 5
143 175 4
143 159 1
144 176 3
144 208 1
144 145 7
144 146 4
144 148 8
144 152 6
144 400 1
145 177 6
145 209 4
145 147 8
145 149 6
145 401 3
145 153 6
146 210 4
146 178 3
146 402 6
146 147 10
146 150 7
146 154 6
147 179 6
147 211 1
147 403 7
147 151 2
147 155 1
148 212 10
148 404 2
148 149 4
148 150 7
148 180 10
148 156 3
149 213 5
149 405 10
149 151 1
149 157 2
149 181 8
150 214 6
150 182 10
150 151 5
150 158 9
150 406 7
151 407 1
151 183 10
151 215 4
151 159 1
152 408 6
152 216 3
152 184 3
152 153 1
152 154 4
152 156 6
153 409 5
153 185 6
153 217 2
153 155 9
153 157 7
154 410 10
154 218 5
154 155 4
154 186 1
154 158 8
155 187 4
155 219 3
155 411 6
155 159 9
156 220 8
156 188 8
156 412 1
156 157 6
156 158 1
157 189 9
157 221 1
157 413 3
157 159 1
158 414 7
158 222 8
158 190 3
158 159 5
159 191 4
159 223 10
159 415 9
160 162 4
160 164 1
160 161 9
160 168 6
160 224 8
160 176 1
160 416 1
161 163 1
161 165 1
161 169 8
161 225 4
161 177 1
161 417 7
162 163 2
162 166 1
162 226 4
162 170 8
162 418 10
162 178 8
163 227 9
163 179 5
163 167 5
163 171 8
163 419 3
164 165 1
164 166 3
164 420 2
164 172 2
164 180 2
164 228 4
165 229 9
165 167 4
165 421 10
165 173 6
165 181 2
166 230 2
166 167 2
166 174 2
166 422 2
166 182 6
167 175 4
167 183 5
167 423 2
167 231 6
168 424 9
168 169 5
168 170 8
168 172 6
168 184 4
168 232 9
169 425 5
169 171 5
169 173 8
169 185 10
169 233 5
170 171 5
170 174 3
170 234 5
170 186 3
170 426 6
171 175 10
171 235 9
171 187 5
171 427 10
172 173 4
172 174 2
172 236 5
172 428 3
172 188 7
173 175 5
173 237 5
173 429 9
173 189 3
174 175 2
174 238 8
174 430 1
174 190 7
175 239 4
175 431 10
175 191 5
176 240 3
176 177 5
176 178 6
176 432 2
176 180 2
176 184 5
177 241 4
177 179 10
177 181 1
177 433 9
177 185 7
178 242 4
178 434 6
178 179 2
178 182 7
178 186 4
179 243 8
179 435 8
179 183 6
179 187 8
180 244 6
180 436 5
180 181 1
180 182 9
180 188 9
181 245 5
181 437 3
181 183 4
181 189 3
182 246 1
182 438 4
182 183 6
182 190 1
183 439 2
183 247 4
183 191 8
184 440 1
184 185 3
184 186 1
184 188 10
184 248 3
185 441 5
185 249 9
185 187 1
185 189 8
186 250 2
186 187 2
186 190 2
186 442 5
187 251 6
187 443 1
187 191 4
188 252 7
188 444 9
188 189 3
188 190 1
189 253 4
189 445 6
189 191 9
190 254 9
190 446 7
190 191 7
191 255 9
191 447 2
192 194 10
192 196 4
192 193 6
192 200 6
192 224 9
192 208 3
192 448 5
193 195 2
193 197 2
193 201 1
193 225 6
193 209 8
193 449 10
194 195 3
194 198 1
194 226 2
194 202 4
194 450 6
194 210 3
195 227 3
195 211 10
195 199 4
195 203 5
195 451 5
196 197 6
196 198 5
196 204 7
196 212 1
196 228 6
196 452 4
197 229 1
197 199 5
197 453 2
197 205 5
197 213 8
198 230 10
198 199 4
198 454 3
198 206 4
198 214 8
199 207 4
199 215 1
199 455 4
199 231 4
200 456 6
200 201 10
200 202 8
200 204 10
200 216 3
200 232 8
201 457 3
201 203 4
201 205 1
201 217 5
201 233 10
202 458 10
202 203 7
202 206 8
202 234 7
202 218 8
203 207 5
203 235 1
203 219 9
203 459 6
204 460 2
204 205 4
204 206 8
204 236 1
204 220 8
205 207 4
205 237 7
205 461 5
205 221 9
206 207 10
206 238 8
206 462 3
206 222 4
207 239 7
207 463 5
207 223 3
208 464 2
208 240 8
208 209 3
208 210 8
208 212 7
208 216 1
209 241 8
209 465 6
209 211 8
209 213 1
209 217 4
210 242 5
210 466 5
210 211 6
210 214 9
210 218 8
211 243 10
211 467 2
211 215 6
211 219 9
212 244 5
212 468 10
212 213 10
212 214 2
212 220 2
213 245 4
213 469 8
213 215 2
213 221 2
214 246 8
214 470 4
214 215 4
214 222 4
215 471 8
215 247 1
215 223 4
216 472 4
216 217 7
216 218 5
216 220 10
216 248 3
217 473 3
217 249 8
217 219 7
217 221 1
218 474 8
218 250 7
218 219 6
218 222 4
219 251 9
219 475 4
219 223 9
220 476 5
220 252 3
220 221 5
220 222 3
221 253 8
221 477 7
221 223 8
222 254 1
222 478 8
222 223 7
223 255 7
223 479 1
224 226 3
224 228 2
224 225 3
224 232 5
224 240 5
224 480 5
225 227 5
225 229 8
225 241 10
225 481 3
225 233 8
226 227 5
226 230 2
226 234 9
226 482 9
226 242 9
227 243 1
227 231 4
227 235 5
227 483 7
228 229 5
228 230 6
228 236 1
228 484 8
228 244 2
229 231 1
229 485 10
229 237 7
229 245 2
230 231 1
230 486 7
230 238 5
230 246 3
231 487 2
231 239 1
231 247 4
232 488 6
232 233 3
232 234 10
232 236 7
232 248 5
233 489 8
233 235 5
233 237 6
233 249 6
234 490 10
234 235 3
234 238 3
234 250 1
235 239 3
235 251 3
235 491 6
236 237 8
236 238 1
236 252 4
236 492 8
237 493 8
237 239 1
237 253 6
238 239 4
238 494 2
238 254 7
239 495 2
239 255 5
240 241 7
240 242 10
240 244 1
240 496 5
240 248 8
241 497 3
241 243 1
241 245 3
241 249 7
242 498 5
242 243 8
242 246 4
242 250 3
243 499 5
243 247 8
243 251 5
244 500 6
244 246 2
244 252 5
244 245 5
245 501 8
245 247 8
245 253 10
246 502 5
246 247 2
246 254 1
247 503 6
247 255 1
248 504 4
248 252 5
248 249 3
248 250 7
249 505 1
249 251 8
249 253 4
250 506 4
250 251 4
250 254 8
251 507 6
251 255 7
252 508 8
252 253 3
252 254 6
253 509 9
253 255 5
254 510 8
254 255 1
255 511 10
256 257 6
256 258 10
256 260 2
256 264 7
256 288 10
256 272 2
256 320 6
256 384 5
257 259 2
257 261 1
257 289 2
257 265 8
257 321 4
257 385 8
257 273 3
258 259 2
258 262 10
258 266 3
258 322 6
258 290 2
258 386 3
258 274 7
259 263 9
259 291 4
259 323 5
259 267 7
259 387 6
259 275 1
260 261 8
260 262 10
260 324 9
260 388 8
260 268 7
260 276 4
260 292 5
261 325 3
261 263 6
261 389 9
261 269 6
261 277 1
261 293 9
262 294 2
262 263 6
262 270 4
262 326 2
262 278 8
262 390 5
263 327 5
263 391 5
263 295 4
263 271 3
263 279 1
264 328 10
264 392 5
264 265 4
264 266 3
264 268 6
264 296 5
264 280 7
265 393 9
265 267 5
265 269 6
265 297 1
265 281 2
265 329 2
266 267 1
266 270 5
266 282 5
266 330 1
266 298 7
266 394 8
267 271 1
267 299 2
267 331 3
267 283 10
267 395 3
268 300 8
268 269 10
268 270 6
268 332 6
268 396 7
268 284 8
269 271 9
269 301 1
269 333 2
269 397 10
269 285 9
270 271 4
270 334 8
270 302 2
270 398 6
270 286 10
271 335 2
271 399 7
271 303 9
271 287 4
272 304 1
272 273 10
272 274 1
272 276 8
272 336 5
272 280 9
272 400 6
273 305 1
273 337 7
273 275 1
273 277 4
273 401 9
273 281 4
274 338 2
274 306 1
274 402 7
274 275 6
274 278 5
274 282 9
275 307 5
275 339 9
275 403 2
275 279 8
275 283 6
276 340 10
276 404 7
276 277 10
276 278 9
276 308 3
276 284 1
277 341 10
277 405 10
277 279 5
277 285 9
277 309 9
278 342 4
278 310 9
278 279 7
278 286 1
278 406 9
279 343 3
279 407 8
279 311 10
279 287 3
280 344 6
280 408 2
280 312 6
280 281 7
280 282 5
280 284 7
281 409 1
281 313 8
281 283 5
281 285 5
281 345 2
282 410 9
282 283 2
282 346 8
282 314 8
282 286 6
283 315 2
283 347 6
283 411 4
283 287 1
284 316 1
284 348 2
284 412 2
284 285 3
284 286 8
285 317 7
285 349 9
285 413 1
285 287 5
286 414 4
286 350 7
286 318 4
286 287 4
287 319 8
287 351 8
287 415 2
288 290 3
288 292 7
288 289 1
288 296 6
288 304 7
288 352 1
288 416 3
289 291 4
289 293 5
289 297 7
289 353 5
289 305 4
289 417 5
290 291 4
290 294 10
290 298 5
290 354 5
290 418 1
290 306 8
291 295 9
291 307 8
291 299 2
291 419 5
291 355 6
292 293 1
292 294 10
292 356 6
292 420 5
292 300 9
292 308 4
293 295 4
293 421 2
293 357 7
293 301 1
293 309 1
294 295 1
294 302 10
294 422 7
294 310 5
294 358 7
295 303 10
295 359 8
295 311 6
295 423 7
296 360 5
296 424 10
296 297 10
296 298 3
296 300 5
296 312 5
297 425 10
297 299 4
297 301 9
297 313 2
297 361 10
298 299 4
298 302 3
298 362 2
298 314 6
298 426 3
299 363 3
299 303 1
299 315 8
299 427 2
300 301 1
300 302 9
300 364 2
300 428 8
300 316 5
301 303 8
301 365 1
301 429 5
301 317 4
302 303 6
302 366 3
302 430 2
302 318 6
303 367 1
303 431 1
303 319 4
304 305 6
304 306 5
304 432 7
304 308 2
304 368 7
304 312 1
305 369 9
305 307 10
305 309 3
305 433 6
305 313 8
306 370 4
306 434 1
306 307 5
306 310 9
306 314 4
307 371 5
307 435 7
307 311 1
307 315 3
308 372 7
308 436 3
308 309 10
308 310 10
308 316 7
309 373 1
309 437 9
309 311 1
309 317 5
310 438 7
310 311 3
310 374 3
310 318 4
311 375 2
311 439 7
311 319 7
312 376 6
312 440 1
312 313 9
312 314 2
312 316 6
313 441 4
313 315 10
313 317 4
313 377 1
314 378 7
314 315 9
314 318 8
314 442 4
315 379 5
315 443 6
315 319 1
316 380 8
316 444 8
316 317 7
316 318 5
317 381 10
317 445 8
317 319 3
318 382 5
318 446 6
318 319 3
319 383 4
319 447 6
320 322 1
320 324 7
320 321 1
320 328 1
320 336 7
320 352 4
320 448 4
321 323 4
321 325 8
321 329 5
321 353 9
321 337 4
321 449 9
322 323 5
322 326 9
322 330 1
322 354 5
322 450 10
322 338 2
323 327 5
323 339 8
323 331 2
323 451 10
323 355 4
324 325 1
324 326 7
324 356 2
324 332 2
324 340 10
324 452 2
325 327 1
325 357 9
325 333 9
325 453 9
325 341 4
326 327 1
326 454 5
326 334 10
326 342 10
326 358 3
327 335 5
327 359 9
327 343 6
327 455 2
328 360 2
328 456 7
328 329 6
328 330 4
328 332 8
328 344 7
329 457 2
329 331 8
329 333 9
329 345 8
329 361 8
330 458 3
330 331 3
330 334 9
330 362 9
330 346 8
331 363 7
331 335 4
331 347 5
331 459 3
332 460 9
332 333 7
332 334 9
332 364 6
332 348 9
333 335 3
333 365 8
333 461 7
333 349 4
334 335 8
334 366 4
334 462 3
334 350 1
335 367 4
335 463 2
335 351 1
336 464 1
336 337 2
336 338 9
336 340 7
336 368 8
336 344 1
337 369 9
337 465 4
337 339 3
337 341 3
337 345 2
338 370 3
338 466 8
338 339 3
338 342 2
338 346 6
339 371 7
339 467 3
339 343 8
339 347 7
340 372 10
340 468 5
340 341 3
340 342 7
340 348 5
341 373 1
341 469 7
341 343 3
341 349 2
342 470 10
342 343 7
342 374 2
342 350 1
343 375 3
343 471 2
343 351 7
344 376 2
344 472 6
344 345 6
344 346 6
344 348 2
345 473 7
345 347 5
345 349 9
345 377 2
346 474 7
346 378 2
346 347 9
346 350 10
347 379 2
347 475 1
347 351 8
348 476 2
348 380 2
348 349 7
348 350 7
349 381 7
349 477 5
349 351 10
350 382 2
350 478 3
350 351 2
351 383 2
351 479 8
352 354 4
352 356 10
352 353 6
352 360 3
352 368 4
352 480 2
353 355 5
353 357 2
353 361 3
353 369 5
353 481 10
354 355 9
354 358 4
354 362 1
354 482 7
354 370 10
355 359 4
355 363 2
355 483 3
355 371 2
356 357 9
356 358 7
356 364 2
356 484 4
356 372 3
357 359 7
357 485 1
357 365 7
357 373 5
358 359 6
358 486 9
358 366 5
358 374 2
359 487 8
359 367 8
359 375 1
360 488 6
360 361 9
360 362 8
360 364 7
360 376 3
361 489 1
361 363 2
361 365 5
361 377 4
362 490 5
362 363 10
362 366 5
362 378 4
363 367 8
363 379 10
363 491 4
364 365 5
364 366 2
364 380 2
364 492 2
365 493 7
365 367 2
365 381 2
366 367 5
366 494 3
366 382 9
367 495 5
367 383 7
368 369 5
368 370 1
368 372 7
368 496 2
368 376 8
369 497 7
369 371 8
369 373 10
369 377 8
370 498 1
370 371 6
370 374 7
370 378 2
371 499 4
371 375 3
371 379 10
372 500 5
372 373 10
372 374 3
372 380 5
373 501 9
373 375 7
373 381 1
374 502 6
374 375 9
374 382 3
375 503 7
375 383 7
376 504 4
376 377 1
376 378 6
376 380 8
377 505 6
377 381 6
377 379 6
378 506 7
378 379 3
378 382 9
379 507 1
379 383 2
380 508 9
380 381 8
380 382 1
381 509 6
381 383 4
382 510 10
382 383 3
383 511 1
384 386 9
384 388 1
384 385 10
384 392 4
384 400 2
384 416 5
384 448 5
385 387 7
385 389 6
385 393 6
385 401 10
385 449 10
385 417 9
386 387 2
386 390 4
386 394 2
386 418 7
386 450 10
386 402 6
387 391 4
387 395 6
387 403 9
387 419 8
387 451 8
388 389 9
388 390 10
388 420 5
388 396 7
388 404 3
388 452 4
389 391 8
389 421 2
389 453 1
389 397 1
389 405 7
390 391 6
390 454 7
390 398 3
390 422 10
390 406 4
391 399 2
391 407 2
391 423 3
391 455 3
392 424 7
392 456 9
392 393 4
392 394 1
392 396 7
392 408 10
393 457 4
393 425 3
393 395 5
393 397 7
393 409 8
394 458 5
394 395 3
394 398 10
394 410 4
394 426 8
395 399 3
395 411 7
395 427 7
395 459 2
396 460 7
396 397 8
396 398 6
396 428 6
396 412 9
397 399 3
397 429 9
397 461 10
397 413 5
398 399 9
398 430 6
398 462 3
398 414 9
399 431 6
399 463 5
399 415 3
400 464 6
400 401 4
400 402 9
400 432 2
400 404 6
400 408 9
401 465 5
401 403 10
401 405 1
401 433 3
401 409 8
402 434 9
402 466 5
402 403 5
402 406 1
402 410 6
403 435 1
403 467 1
403 407 8
403 411 8
404 436 8
404 468 8
404 405 3
404 406 8
404 412 1
405 437 1
405 469 3
405 407 7
405 413 8
406 438 8
406 470 8
406 407 1
406 414 6
407 439 4
407 471 9
407 415 2
408 440 7
408 472 4
408 409 8
408 410 7
408 412 6
409 441 9
409 473 4
409 411 5
409 413 7
410 474 1
410 411 7
410 414 7
410 442 10
411 443 2
411 475 7
411 415 5
412 476 6
412 444 10
412 413 1
412 414 4
413 477 1
413 445 8
413 415 10
414 446 1
414 478 8
414 415 2
415 447 5
415 479 7
416 418 8
416 420 4
416 417 4
416 424 6
416 432 5
416 480 1
417 419 8
417 421 8
417 425 6
417 433 2
417 481 10
418 419 1
418 422 10
418 426 9
418 482 2
418 434 10
419 423 5
419 427 10
419 435 10
419 483 6
420 421 6
420 422 6
420 428 6
420 484 8
420 436 8
421 423 9
421 485 1
421 429 5
421 437 10
422 423 4
422 486 1
422 430 6
422 438 1
423 487 4
423 431 10
423 439 5
424 488 5
424 425 1
424 426 8
424 428 7
424 440 3
425 489 10
425 427 7
425 429 5
425 441 8
426 490 9
426 427 3
426 430 4
426 442 6
427 431 3
427 443 7
427 491 7
428 429 3
428 430 9
428 444 3
428 492 10
429 493 3
429 431 9
429 445 4
430 431 9
430 494 8
430 446 3
431 495 6
431 447 2
432 434 5
432 433 5
432 436 10
432 496 4
432 440 1
433 497 2
433 435 1
433 437 9
433 441 9
434 498 4
434 435 10
434 438 1
434 442 2
435 499 1
435 439 3
435 443 1
436 500 2
436 437 7
436 438 5
436 444 8
437 501 4
437 439 6
437 445 3
438 502 5
438 439 4
438 446 8
439 503 6
439 447 5
440 504 7
440 441 3
440 442 7
440 444 1
441 505 2
441 445 8
441 443 9
442 506 1
442 446 2
442 443 4
443 507 4
443 447 9
444 508 4
444 445 1
444 446 5
445 509 6
445 447 6
446 510 8
446 447 9
447 511 8
448 450 5
448 452 2
448 449 7
448 456 6
448 464 6
448 480 3
449 451 1
449 453 2
449 457 5
449 465 8
449 481 4
450 451 6
450 454 10
450 458 7
450 482 7
450 466 1
451 455 7
451 459 6
451 467 6
451 483 10
452 453 9
452 454 4
452 460 9
452 484 2
452 468 7
453 455 2
453 485 3
453 461 7
453 469 10
454 455 10
454 486 3
454 462 6
454 470 10
455 487 10
455 463 1
455 471 9
456 488 2
456 457 3
456 458 4
456 460 6
456 472 4
457 489 6
457 459 7
457 461 6
457 473 2
458 490 1
458 459 3
458 462 7
458 474 3
459 463 4
459 475 1
459 491 10
460 461 10
460 462 3
460 476 10
460 492 4
461 493 9
461 463 6
461 477 10
462 463 1
462 494 5
462 478 9
463 495 8
463 479 1
464 466 8
464 465 9
464 468 5
464 496 3
464 472 5
465 497 9
465 467 3
465 469 8
465 473 10
466 498 9
466 467 2
466 470 3
466 474 7
467 499 7
467 471 5
467 475 8
468 500 2
468 469 8
468 470 8
468 476 5
469 501 2
469 471 10
469 477 4
470 502 7
470 471 5
470 478 6
471 503 1
471 479 9
472 504 5
472 473 4
472 474 3
472 476 10
473 505 3
473 475 6
473 477 6
474 506 5
474 478 7
474 475 3
475 507 1
475 479 5
476 508 9
476 477 5
476 478 8
477 509 9
477 479 4
478 510 7
478 479 5
479 511 2
480 482 7
480 484 2
480 481 2
480 488 3
480 496 4
481 483 7
481 485 2
481 489 3
481 497 8
482 483 7
482 486 7
482 490 7
482 498 4
483 487 2
483 491 2
483 499 3
484 486 3
484 492 8
484 500 5
484 485 2
485 487 3
485 493 10
485 501 10
486 487 7
486 494 2
486 502 9
487 495 7
487 503 4
488 489 3
488 490 2
488 492 9
488 504 2
489 491 4
489 493 6
489 505 5
490 491 9
490 494 2
490 506 5
491 495 10
491 507 9
492 493 1
492 494 1
492 508 10
493 495 3
493 509 2
494 495 6
494 510 7
495 511 10
496 497 5
496 498 2
496 504 10
496 500 2
497 499 9
497 501 4
497 505 6
498 499 3
498 502 8
498 506 5
499 503 1
499 507 3
500 501 2
500 502 8
500 508 9
501 503 3
501 509 4
502 503 6
502 510 4
503 511 7
504 505 6
504 506 1
504 508 3
505 507 10
505 509 10
506 100002 100
506 100003 100
506 507 2
506 510 7
507 100003 100
507 511 10
508 100000 100
508 100001 100
508 100002 100
508 509 8
508 510 9
509 100000 100
509 100003 100
509 100004 100
509 511 10
510 100000 100
510 100001 100
510 511 10
511 100002 100
511 100004 100
-2 0 100
-2 5 100
-5 1 100
-5 3 100
-4 0 100
-4 3 100
-4 4 100
-3 0 100
-3 3 100
-1 1 100
-1 2 100
-1 3 100
