0 8 8
0 1 4
0 2 6
0 4 6
0 16 9
1 9 2
1 3 4
1 5 5
1 17 3
2 10 3
2 3 2
2 18 6
2 6 4
3 19 5
3 11 2
3 7 3
4 20 2
4 12 4
4 5 1
4 6 6
5 21 1
5 13 4
5 7 6
6 22 8
6 14 5
6 7 5
7 23 4
7 15 3
8 9 1
8 10 10
8 12 6
8 24 6
9 11 3
9 13 7
9 25 7
10 11 10
10 26 7
10 14 8
11 27 1
11 15 1
12 28 8
12 13 5
12 14 4
13 29 10
13 15 9
14 30 5
14 15 7
15 31 10
16 17 10
16 18 1
16 20 7
16 24 4
17 19 6
17 21 2
17 25 2
18 19 3
18 26 7
18 22 7
19 27 6
19 23 1
20 28 1
20 21 3
20 22 9
21 29 9
21 23 10
22 30 2
22 23 6
23 31 6
24 26 1
24 28 6
24 25 1
25 27 4
25 29 5
26 100000 100
26 100002 100
26 100004 100
26 27 3
26 30 9
27 100003 100
27 31 10
28 100001 100
28 100002 100
28 100003 100
28 29 3
28 30 4
29 100001 100
29 100002 100
29 31 10
30 31 4
31 100000 100
31 100001 100
31 100003 100
31 100004 100
-2 3 100
-2 5 100
-5 1 100
-5 3 100
-5 5 100
-4 0 100
-4 2 100
-4 3 100
-3 1 100
-1 0 100
-1 1 100
-1 2 100
