0 8 7
0 1 5
0 2 8
0 4 7
1 9 4
1 3 5
1 5 4
2 10 1
2 3 2
2 6 8
3 11 9
3 7 8
4 12 3
4 5 8
4 6 3
5 13 2
5 7 7
6 14 5
6 7 6
7 15 5
8 9 6
8 10 6
8 12 1
9 11 9
9 13 10
10 100000 100
10 100001 100
10 100004 100
10 11 10
10 100002 100
10 14 3
11 100000 100
11 15 7
11 100003 100
12 13 9
12 14 10
13 100001 100
13 100003 100
13 15 1
14 100002 100
14 100003 100
14 100004 100
14 15 9
15 100001 100
15 100002 100
15 100004 100
-1 2 100
-1 3 100
-1 5 100
-5 2 100
-5 4 100
-5 5 100
-4 0 100
-4 4 100
-3 0 100
-3 1 100
-3 2 100
-2 0 100
-2 1 100
