0 32 3
0 1 2
0 2 4
0 4 3
0 8 3
0 16 5
1 33 4
1 3 2
1 5 1
1 9 1
1 17 4
2 34 4
2 3 3
2 6 5
2 10 5
2 18 4
3 35 4
3 7 5
3 11 3
3 19 2
4 36 5
4 5 4
4 6 1
4 12 3
4 20 5
5 37 2
5 7 3
5 13 4
5 21 2
6 38 2
6 7 1
6 14 5
6 22 3
7 39 5
7 15 4
7 23 5
8 40 4
8 9 3
8 10 4
8 12 2
8 24 1
9 41 3
9 11 2
9 13 5
9 25 2
10 42 2
10 11 5
10 14 5
10 26 5
11 43 2
11 15 1
11 27 4
12 44 2
12 13 5
12 14 5
12 28 4
13 45 1
13 15 5
13 29 3
14 46 1
14 15 3
14 30 3
15 47 5
15 31 2
16 48 3
16 17 3
16 18 5
16 20 4
16 24 2
17 49 3
17 19 4
17 21 3
17 25 5
18 50 2
18 19 2
18 22 2
18 26 2
19 51 2
19 23 2
19 27 3
20 52 5
20 21 5
20 22 3
20 28 3
21 53 3
21 23 3
21 29 4
22 54 2
22 23 1
22 30 2
23 55 3
23 31 4
24 56 4
24 25 1
24 26 5
24 28 5
25 57 3
25 27 2
25 29 5
26 58 1
26 27 5
26 30 2
27 59 4
27 31 4
28 60 3
28 29 3
28 30 1
29 61 2
29 31 1
30 62 1
30 31 3
31 63 3
32 33 2
32 34 5
32 36 3
32 40 4
32 48 5
33 35 1
33 37 2
33 41 3
33 49 3
34 35 5
34 38 2
34 42 5
34 50 2
35 39 2
35 43 1
35 51 4
36 37 4
36 38 2
36 44 5
36 52 2
37 39 5
37 45 4
37 53 1
38 39 5
38 46 4
38 54 5
39 47 1
39 55 2
40 41 4
40 42 3
40 44 1
40 56 2
41 43 2
41 45 5
41 57 5
42 43 5
42 46 1
42 58 4
43 47 3
43 59 5
44 45 4
44 46 1
44 60 1
45 47 2
45 61 4
46 47 4
46 62 1
47 63 4
48 49 1
48 50 4
48 52 4
48 56 1
49 51 1
49 53 3
49 57 2
50 51 3
50 54 3
50 58 1
51 55 4
51 59 4
52 53 1
52 54 1
52 60 5
53 55 5
53 61 3
54 55 4
54 62 3
55 63 5
56 57 5
56 58 5
56 60 5
57 59 4
57 61 1
58 100000 50
58 59 5
58 62 1
59 100000 50
59 100001 50
59 100002 50
59 100004 50
59 63 3
60 100003 50
60 100004 50
60 61 4
60 62 4
61 63 1
62 100001 50
62 100002 50
62 100003 50
62 100004 50
62 63 3
63 100001 50
63 100003 50
-2 0 50
-2 3 50
-5 0 50
-5 2 50
-5 4 50
-4 0 50
-4 3 50
-3 0 50
-3 2 50
-3 3 50
-1 1 50
-1 5 50
