0 32 2
0 1 4
0 2 2
0 4 5
0 8 5
0 64 1
0 128 4
0 16 1
1 33 5
1 3 4
1 5 5
1 65 1
1 129 1
1 9 3
1 17 1
2 34 4
2 3 4
2 6 2
2 10 4
2 66 1
2 18 3
2 130 1
3 35 5
3 131 4
3 7 2
3 11 2
3 19 1
3 67 3
4 132 4
4 36 4
4 5 4
4 6 4
4 12 3
4 20 3
4 68 1
5 133 5
5 37 2
5 7 3
5 13 2
5 21 3
5 69 1
6 70 1
6 38 3
6 7 4
6 14 1
6 22 5
6 134 5
7 39 2
7 71 5
7 15 2
7 23 2
7 135 2
8 40 5
8 9 3
8 10 5
8 12 4
8 72 3
8 24 4
8 136 1
9 41 5
9 11 2
9 13 4
9 73 5
9 137 5
9 25 3
10 42 1
10 11 2
10 14 2
10 138 4
10 26 4
10 74 4
11 43 5
11 15 3
11 75 5
11 139 4
11 27 3
12 76 2
12 44 1
12 13 4
12 14 5
12 140 1
12 28 4
13 45 2
13 77 5
13 15 1
13 141 1
13 29 2
14 142 1
14 46 3
14 15 4
14 78 3
14 30 4
15 143 2
15 47 3
15 79 1
15 31 3
16 80 4
16 144 3
16 48 3
16 17 2
16 18 3
16 20 3
16 24 2
17 81 4
17 145 1
17 49 5
17 19 1
17 21 2
17 25 3
18 146 1
18 82 3
18 50 5
18 19 4
18 22 1
18 26 5
19 83 1
19 147 2
19 51 5
19 23 5
19 27 1
20 148 3
20 52 2
20 21 5
20 22 3
20 84 2
20 28 4
21 149 3
21 53 1
21 23 3
21 29 4
21 85 1
22 86 4
22 54 3
22 23 3
22 150 4
22 30 4
23 87 1
23 55 3
23 151 4
23 31 5
24 152 2
24 88 5
24 56 5
24 25 5
24 26 5
24 28 5
25 89 4
25 57 4
25 27 1
25 29 1
25 153 3
26 154 3
26 58 3
26 27 5
26 90 4
26 30 2
27 91 5
27 155 4
27 59 5
27 31 2
28 92 4
28 156 4
28 60 4
28 29 3
28 30 4
29 93 2
29 157 1
29 61 3
29 31 1
30 158 4
30 94 4
30 62 1
30 31 5
31 95 5
31 159 5
31 63 1
32 33 1
32 34 2
32 36 5
32 40 1
32 96 5
32 160 4
32 48 3
33 35 1
33 37 2
33 97 1
33 41 4
33 161 1
33 49 2
34 35 3
34 38 4
34 162 2
34 42 1
34 98 5
34 50 5
35 163 2
35 39 1
35 43 1
35 99 4
35 51 2
36 164 4
36 37 4
36 38 4
36 44 3
36 52 5
36 100 4
37 165 4
37 39 2
37 45 4
37 53 1
37 101 2
38 102 3
38 39 5
38 46 2
38 54 2
38 166 5
39 103 3
39 47 5
39 55 1
39 167 5
40 41 5
40 42 4
40 44 5
40 104 5
40 56 5
40 168 2
41 43 1
41 45 1
41 105 5
41 57 4
41 169 2
42 43 2
42 46 4
42 170 1
42 58 5
42 106 3
43 47 5
43 107 2
43 171 3
43 59 3
44 108 5
44 45 4
44 46 5
44 172 1
44 60 5
45 47 2
45 173 5
45 109 5
45 61 2
46 47 3
46 110 2
46 174 1
46 62 5
47 175 3
47 111 4
47 63 2
48 112 3
48 176 1
48 49 5
48 50 4
48 52 3
48 56 1
49 113 2
49 177 1
49 51 1
49 53 2
49 57 1
50 178 3
50 114 2
50 51 4
50 54 4
50 58 2
51 179 5
51 115 4
51 55 3
51 59 5
52 180 4
52 53 4
52 54 2
52 116 5
52 60 4
53 181 4
53 55 3
53 61 4
53 117 4
54 118 5
54 55 5
54 62 2
54 182 4
55 119 2
55 183 4
55 63 1
56 120 2
56 57 3
56 58 1
56 184 3
56 60 2
57 121 2
57 59 4
57 61 5
57 185 5
58 186 1
58 59 2
58 122 2
58 62 3
59 123 5
59 187 5
59 63 4
60 124 5
60 188 3
60 61 1
60 62 3
61 125 3
61 189 4
61 63 4
62 190 4
62 126 1
62 63 5
63 127 3
63 191 2
64 65 4
64 66 3
64 68 2
64 72 4
64 96 5
64 192 3
64 80 5
65 67 1
65 69 5
65 97 2
65 73 2
65 193 5
65 81 3
66 67 4
66 70 1
66 194 1
66 74 1
66 98 2
66 82 1
67 195 5
67 71 5
67 75 3
67 99 1
67 83 1
68 69 5
68 70 5
68 76 4
68 84 3
68 196 4
68 100 2
69 197 1
69 71 3
69 77 4
69 85 2
69 101 5
70 198 4
70 102 3
70 71 3
70 78 5
70 86 2
71 103 5
71 79 5
71 87 1
71 199 1
72 73 3
72 74 1
72 76 4
72 104 5
72 88 3
72 200 4
73 75 1
73 77 3
73 105 1
73 89 2
73 201 2
74 75 5
74 78 2
74 202 1
74 90 3
74 106 1
75 79 3
75 107 2
75 203 2
75 91 3
76 108 4
76 77 5
76 78 4
76 204 4
76 92 3
77 79 5
77 109 1
77 205 3
77 93 5
78 79 5
78 206 1
78 110 2
78 94 5
79 207 1
79 111 3
79 95 1
80 112 2
80 208 5
80 81 1
80 82 2
80 84 1
80 88 2
81 113 5
81 209 2
81 83 4
81 85 5
81 89 5
82 210 3
82 114 2
82 83 2
82 86 4
82 90 5
83 211 1
83 115 2
83 87 4
83 91 2
84 212 4
84 85 2
84 86 1
84 116 3
84 92 1
85 213 5
85 87 3
85 93 1
85 117 4
86 214 4
86 118 3
86 87 3
86 94 5
87 119 4
87 215 2
87 95 5
88 216 5
88 120 5
88 89 3
88 90 5
88 92 3
89 121 5
89 217 2
89 91 1
89 93 1
90 218 1
90 91 2
90 122 1
90 94 5
91 123 3
91 219 2
91 95 3
92 220 5
92 124 3
92 93 5
92 94 3
93 125 1
93 221 3
93 95 5
94 222 3
94 126 5
94 95 2
95 127 2
95 223 3
96 98 1
96 100 3
96 97 1
96 104 5
96 224 3
96 112 5
97 99 2
97 101 3
97 105 1
97 225 3
97 113 1
98 99 3
98 102 1
98 226 3
98 106 4
98 114 4
99 227 2
99 103 1
99 107 5
99 115 1
100 101 1
100 102 5
100 108 4
100 116 1
100 228 4
101 229 3
101 103 2
101 109 1
101 117 3
102 230 2
102 103 3
102 110 3
102 118 2
103 111 2
103 119 2
103 231 5
104 105 3
104 106 5
104 108 1
104 120 4
104 232 3
105 107 3
105 109 5
105 121 4
105 233 1
106 107 4
106 110 2
106 234 5
106 122 4
107 111 3
107 235 1
107 123 1
108 109 4
108 110 1
108 236 3
108 124 5
109 111 5
109 237 3
109 125 5
110 111 3
110 238 4
110 126 2
111 239 3
111 127 3
112 240 4
112 113 1
112 114 5
112 116 1
112 120 1
113 241 3
113 115 5
113 117 1
113 121 3
114 242 3
114 115 5
114 118 2
114 122 1
115 243 2
115 119 4
115 123 5
116 244 2
116 117 2
116 118 2
116 124 1
117 245 1
117 119 4
117 125 4
118 246 2
118 119 3
118 126 4
119 247 2
119 127 1
120 121 3
120 122 5
120 124 5
120 248 1
121 249 1
121 123 2
121 125 2
122 250 3
122 123 4
122 126 5
123 251 2
123 127 1
124 252 1
124 125 3
124 126 3
125 253 4
125 127 3
126 254 3
126 127 4
127 255 2
128 129 1
128 130 2
128 132 3
128 136 4
128 160 3
128 192 3
128 144 1
129 131 3
129 133 1
129 161 3
129 137 3
129 193 3
129 145 3
130 131 1
130 134 3
130 194 3
130 138 5
130 162 1
130 146 3
131 163 2
131 195 2
131 135 4
131 139 3
131 147 4
132 133 5
132 134 5
132 140 1
132 148 2
132 196 3
132 164 3
133 197 1
133 135 2
133 141 4
133 149 4
133 165 5
134 198 1
134 166 3
134 135 1
134 142 5
134 150 5
135 167 2
135 143 5
135 151 2
135 199 3
136 137 2
136 138 1
136 140 4
136 168 4
136 152 2
136 200 1
137 139 4
137 141 5
137 169 4
137 153 1
137 201 4
138 139 4
138 142 5
138 202 1
138 154 3
138 170 1
139 143 3
139 171 1
139 203 1
139 155 3
140 172 4
140 141 3
140 142 1
140 204 5
140 156 5
141 143 1
141 173 1
141 205 2
141 157 4
142 143 2
142 206 2
142 174 5
142 158 4
143 207 3
143 175 4
143 159 3
144 176 4
144 208 2
144 145 1
144 146 2
144 148 1
144 152 3
145 177 3
145 209 4
145 147 4
145 149 5
145 153 3
146 210 3
146 178 1
146 147 1
146 150 5
146 154 1
147 179 4
147 211 3
147 151 4
147 155 3
148 212 5
148 149 5
148 150 3
148 180 5
148 156 2
149 213 5
149 151 2
149 157 5
149 181 1
150 214 4
150 182 3
150 151 2
150 158 1
151 183 5
151 215 5
151 159 4
152 216 4
152 184 4
152 153 3
152 154 4
152 156 3
153 185 1
153 217 1
153 155 1
153 157 5
154 218 5
154 155 1
154 186 1
154 158 2
155 187 4
155 219 3
155 159 2
156 220 4
156 188 5
156 157 5
156 158 4
157 189 2
157 221 4
157 159 3
158 222 2
158 190 2
158 159 2
159 191 1
159 223 5
160 162 3
160 164 3
160 161 1
160 168 3
160 224 1
160 176 4
161 163 5
161 165 1
161 169 1
161 225 2
161 177 1
162 163 3
162 166 2
162 226 5
162 170 2
162 178 4
163 227 2
163 179 1
163 167 5
163 171 1
164 165 3
164 166 1
164 172 2
164 180 3
164 228 1
165 229 5
165 167 2
165 173 1
165 181 3
166 230 5
166 167 3
166 174 4
166 182 4
167 175 1
167 183 3
167 231 1
168 169 5
168 170 3
168 172 4
168 184 5
168 232 4
169 171 4
169 173 3
169 185 4
169 233 4
170 171 4
170 174 2
170 234 5
170 186 2
171 175 5
171 235 2
171 187 5
172 173 4
172 174 3
172 236 3
172 188 5
173 175 1
173 237 2
173 189 5
174 175 4
174 238 2
174 190 2
175 239 5
175 191 3
176 240 1
176 177 3
176 178 3
176 180 5
176 184 5
177 241 4
177 179 4
177 181 5
177 185 4
178 242 4
178 179 5
178 182 2
178 186 2
179 243 5
179 183 2
179 187 2
180 244 4
180 181 5
180 182 1
180 188 2
181 245 2
181 183 1
181 189 4
182 246 2
182 183 4
182 190 3
183 247 5
183 191 1
184 185 1
184 186 5
184 188 1
184 248 1
185 249 4
185 187 5
185 189 5
186 250 3
186 187 1
186 190 3
187 251 1
187 191 3
188 252 2
188 189 5
188 190 3
189 253 3
189 191 2
190 254 3
190 191 2
191 255 3
192 194 5
192 196 5
192 193 5
192 200 2
192 224 2
192 208 2
193 195 5
193 197 2
193 201 5
193 225 4
193 209 2
194 195 1
194 198 4
194 226 5
194 202 3
194 210 5
195 227 4
195 211 4
195 199 1
195 203 2
196 197 2
196 198 1
196 204 2
196 212 5
196 228 4
197 229 5
197 199 5
197 205 4
197 213 3
198 230 1
198 199 3
198 206 4
198 214 3
199 207 4
199 215 4
199 231 3
200 201 4
200 202 2
200 204 1
200 216 1
200 232 3
201 203 3
201 205 1
201 217 3
201 233 4
202 203 1
202 206 2
202 234 4
202 218 4
203 207 4
203 235 2
203 219 3
204 205 1
204 206 5
204 236 3
204 220 1
205 207 1
205 237 3
205 221 5
206 207 4
206 238 5
206 222 4
207 239 2
207 223 1
208 240 4
208 209 5
208 210 3
208 212 5
208 216 2
209 241 5
209 211 1
209 213 4
209 217 1
210 242 4
210 211 5
210 214 1
210 218 4
211 243 4
211 215 5
211 219 3
212 244 4
212 213 5
212 214 5
212 220 3
213 245 5
213 215 2
213 221 5
214 246 1
214 215 5
214 222 1
215 247 4
215 223 4
216 217 5
216 218 4
216 220 2
216 248 3
217 249 4
217 219 4
217 221 4
218 250 4
218 219 1
218 222 3
219 251 1
219 223 3
220 252 2
220 221 2
220 222 1
221 253 5
221 223 5
222 254 3
222 223 2
223 255 4
224 226 3
224 228 3
224 225 5
224 232 2
224 240 4
225 227 4
225 229 2
225 241 5
225 233 5
226 227 4
226 230 4
226 234 3
226 242 2
227 243 2
227 231 1
227 235 2
228 229 1
228 230 5
228 236 2
228 244 1
229 231 5
229 237 3
229 245 5
230 231 4
230 238 3
230 246 3
231 239 2
231 247 2
232 233 2
232 234 1
232 236 2
232 248 3
233 235 5
233 237 4
233 249 1
234 235 4
234 238 2
234 250 3
235 239 2
235 251 5
236 237 5
236 238 2
236 252 2
237 239 1
237 253 4
238 239 3
238 254 4
239 255 1
240 241 1
240 242 3
240 244 1
240 248 5
241 243 2
241 245 4
241 249 2
242 243 2
242 246 5
242 250 5
243 247 5
243 251 5
244 246 3
244 252 1
244 245 1
245 247 3
245 253 5
246 247 5
246 254 1
247 255 4
248 252 3
248 249 3
248 250 1
249 251 5
249 253 5
250 100004 50
250 251 5
250 254 5
251 100000 50
251 100001 50
251 100003 50
251 255 1
252 100000 50
252 100001 50
252 253 4
252 254 4
253 100002 50
253 100004 50
253 255 2
254 100002 50
254 100004 50
254 255 2
255 100000 50
255 100002 50
255 100003 50
-2 3 50
-2 4 50
-2 5 50
-5 1 50
-5 2 50
-5 3 50
-4 0 50
-4 2 50
-4 5 50
-3 1 50
-3 2 50
-3 4 50
-1 1 50
-1 2 50
-1 3 50
