0 32 3
0 1 10
0 2 3
0 4 6
0 8 8
0 64 7
0 16 10
1 33 3
1 3 9
1 5 2
1 65 8
1 9 9
1 17 5
2 34 2
2 3 10
2 6 5
2 10 5
2 66 4
2 18 10
3 35 6
3 7 3
3 11 7
3 19 1
3 67 5
4 36 8
4 5 3
4 6 7
4 12 10
4 20 8
4 68 1
5 37 1
5 7 4
5 13 5
5 21 2
5 69 3
6 70 2
6 38 10
6 7 5
6 14 5
6 22 7
7 39 4
7 71 7
7 15 4
7 23 9
8 40 8
8 9 10
8 10 7
8 12 7
8 72 5
8 24 5
9 41 1
9 11 8
9 13 3
9 73 5
9 25 9
10 42 4
10 11 7
10 14 6
10 26 1
10 74 8
11 43 3
11 15 7
11 75 5
11 27 5
12 76 10
12 44 4
12 13 7
12 14 8
12 28 4
13 45 5
13 77 2
13 15 3
13 29 5
14 46 8
14 15 2
14 78 9
14 30 1
15 47 10
15 79 4
15 31 7
16 80 10
16 48 6
16 17 6
16 18 4
16 20 8
16 24 1
17 81 6
17 49 3
17 19 3
17 21 6
17 25 7
18 82 3
18 50 10
18 19 7
18 22 3
18 26 1
19 83 3
19 51 3
19 23 4
19 27 4
20 52 1
20 21 1
20 22 3
20 84 10
20 28 7
21 53 9
21 23 10
21 29 2
21 85 4
22 86 8
22 54 2
22 23 3
22 30 10
23 87 7
23 55 9
23 31 9
24 88 8
24 56 4
24 25 4
24 26 1
24 28 5
25 89 4
25 57 9
25 27 6
25 29 3
26 58 5
26 27 5
26 90 6
26 30 3
27 91 8
27 59 4
27 31 6
28 92 2
28 60 9
28 29 5
28 30 4
29 93 1
29 61 9
29 31 2
30 94 1
30 62 10
30 31 8
31 95 9
31 63 4
32 33 3
32 34 9
32 36 4
32 40 9
32 96 1
32 48 4
33 35 8
33 37 8
33 97 7
33 41 10
33 49 4
34 35 10
34 38 9
34 42 2
34 98 9
34 50 6
35 39 7
35 43 2
35 99 8
35 51 9
36 37 3
36 38 4
36 44 6
36 52 5
36 100 2
37 39 3
37 45 9
37 53 6
37 101 1
38 102 7
38 39 9
38 46 2
38 54 2
39 103 3
39 47 10
39 55 5
40 41 8
40 42 4
40 44 8
40 104 6
40 56 4
41 43 7
41 45 7
41 105 9
41 57 10
42 43 6
42 46 5
42 58 4
42 106 6
43 47 6
43 107 2
43 59 5
44 108 10
44 45 10
44 46 6
44 60 7
45 47 10
45 109 4
45 61 1
46 47 1
46 110 4
46 62 2
47 111 2
47 63 3
48 112 10
48 49 9
48 50 8
48 52 6
48 56 1
49 113 1
49 51 9
49 53 7
49 57 3
50 114 1
50 51 10
50 54 8
50 58 3
51 115 2
51 55 3
51 59 7
52 53 8
52 54 7
52 116 10
52 60 10
53 55 10
53 61 10
53 117 4
54 118 1
54 55 2
54 62 6
55 119 1
55 63 5
56 120 5
56 57 7
56 58 1
56 60 5
57 121 6
57 59 3
57 61 3
58 59 9
58 122 8
58 62 1
59 123 2
59 63 8
60 124 10
60 61 4
60 62 10
61 125 7
61 63 4
62 126 10
62 63 1
63 127 2
64 65 8
64 66 4
64 68 3
64 72 8
64 96 10
64 80 9
65 67 7
65 69 10
65 97 7
65 73 5
65 81 7
66 67 5
66 70 9
66 74 7
66 98 5
66 82 7
67 71 5
67 75 8
67 99 4
67 83 7
68 69 2
68 70 5
68 76 5
68 84 4
68 100 3
69 71 5
69 77 8
69 85 3
69 101 4
70 102 9
70 71 1
70 78 4
70 86 10
71 103 9
71 79 10
71 87 8
72 73 2
72 74 10
72 76 5
72 104 6
72 88 9
73 75 7
73 77 1
73 105 8
73 89 4
74 75 2
74 78 5
74 90 3
74 106 4
75 79 6
75 107 10
75 91 2
76 108 3
76 77 9
76 78 4
76 92 3
77 79 3
77 109 6
77 93 4
78 79 7
78 110 8
78 94 6
79 111 10
79 95 3
80 112 5
80 81 4
80 82 7
80 84 9
80 88 7
81 113 8
81 83 8
81 85 6
81 89 4
82 114 5
82 83 4
82 86 9
82 90 10
83 115 9
83 87 10
83 91 5
84 85 4
84 86 6
84 116 3
84 92 6
85 87 2
85 93 5
85 117 6
86 118 5
86 87 3
86 94 4
87 119 5
87 95 6
88 120 8
88 89 10
88 90 8
88 92 2
89 121 10
89 91 2
89 93 1
90 91 8
90 122 2
90 94 6
91 123 4
91 95 6
92 124 6
92 93 7
92 94 8
93 125 2
93 95 9
94 126 8
94 95 2
95 127 7
96 98 1
96 100 9
96 97 4
96 104 1
96 112 8
97 99 9
97 101 1
97 105 1
97 113 3
98 99 2
98 102 9
98 106 5
98 114 4
99 103 6
99 107 1
99 115 4
100 101 2
100 102 8
100 108 3
100 116 7
101 103 7
101 109 6
101 117 3
102 103 4
102 110 7
102 118 7
103 111 8
103 119 10
104 105 6
104 106 3
104 108 4
104 120 3
105 107 10
105 109 5
105 121 2
106 107 3
106 110 5
106 122 7
107 111 10
107 123 9
108 109 1
108 110 8
108 124 9
109 111 2
109 125 7
110 111 2
110 126 10
111 127 7
112 113 3
112 114 3
112 116 6
112 120 9
113 115 6
113 117 10
113 121 2
114 115 5
114 118 1
114 122 6
115 119 7
115 123 9
116 117 2
116 118 3
116 124 2
117 119 10
117 125 10
118 119 1
118 126 10
119 127 10
120 121 10
120 122 8
120 124 4
121 123 4
121 125 7
122 100001 100
122 100004 100
122 123 3
122 126 5
123 100000 100
123 100003 100
123 127 6
124 100001 100
124 125 5
124 126 6
125 100002 100
125 100003 100
125 100004 100
125 127 8
126 100000 100
126 100002 100
126 127 6
127 100001 100
127 100002 100
127 100003 100
127 100004 100
-2 3 100
-2 4 100
-2 5 100
-5 0 100
-5 1 100
-5 2 100
-4 2 100
-4 3 100
-3 1 100
-3 2 100
-3 3 100
-1 0 100
-1 1 100
-1 3 100
