0 32 4
0 1 5
0 2 3
0 4 7
0 8 6
0 64 9
0 128 8
0 16 8
1 33 4
1 3 6
1 5 3
1 65 7
1 129 5
1 9 8
1 17 4
2 34 8
2 3 8
2 6 4
2 10 4
2 66 9
2 18 6
2 130 1
3 35 1
3 131 8
3 7 6
3 11 4
3 19 9
3 67 3
4 132 8
4 36 5
4 5 8
4 6 4
4 12 2
4 20 8
4 68 6
5 133 6
5 37 9
5 7 4
5 13 1
5 21 3
5 69 1
6 70 3
6 38 1
6 7 5
6 14 9
6 22 3
6 134 1
7 39 8
7 71 2
7 15 7
7 23 10
7 135 8
8 40 8
8 9 2
8 10 6
8 12 4
8 72 3
8 24 2
8 136 8
9 41 9
9 11 4
9 13 10
9 73 7
9 137 6
9 25 3
10 42 9
10 11 7
10 14 5
10 138 8
10 26 4
10 74 5
11 43 2
11 15 8
11 75 6
11 139 3
11 27 7
12 76 5
12 44 8
12 13 1
12 14 5
12 140 1
12 28 2
13 45 3
13 77 5
13 15 2
13 141 5
13 29 5
14 142 2
14 46 3
14 15 1
14 78 1
14 30 9
15 143 6
15 47 9
15 79 9
15 31 4
16 80 3
16 144 10
16 48 5
16 17 8
16 18 2
16 20 8
16 24 7
17 81 1
17 145 6
17 49 8
17 19 2
17 21 4
17 25 5
18 146 2
18 82 1
18 50 6
18 19 2
18 22 5
18 26 5
19 83 3
19 147 4
19 51 10
19 23 8
19 27 6
20 148 8
20 52 10
20 21 2
20 22 1
20 84 2
20 28 1
21 149 1
21 53 1
21 23 7
21 29 1
21 85 1
22 86 1
22 54 5
22 23 5
22 150 10
22 30 4
23 87 10
23 55 6
23 151 4
23 31 5
24 152 4
24 88 6
24 56 4
24 25 8
24 26 9
24 28 5
25 89 9
25 57 8
25 27 6
25 29 5
25 153 8
26 154 4
26 58 2
26 27 9
26 90 3
26 30 7
27 91 1
27 155 7
27 59 3
27 31 6
28 92 10
28 156 5
28 60 3
28 29 5
28 30 2
29 93 6
29 157 2
29 61 3
29 31 7
30 158 7
30 94 1
30 62 2
30 31 5
31 95 2
31 159 10
31 63 9
32 33 7
32 34 4
32 36 10
32 40 5
32 96 10
32 160 7
32 48 6
33 35 2
33 37 2
33 97 8
33 41 4
33 161 5
33 49 2
34 35 8
34 38 8
34 162 10
34 42 4
34 98 4
34 50 10
35 163 10
35 39 1
35 43 3
35 99 9
35 51 1
36 164 6
36 37 1
36 38 1
36 44 8
36 52 6
36 100 1
37 165 5
37 39 5
37 45 1
37 53 4
37 101 2
38 102 7
38 39 6
38 46 3
38 54 6
38 166 6
39 103 5
39 47 2
39 55 5
39 167 1
40 41 9
40 42 9
40 44 10
40 104 8
40 56 2
40 168 4
41 43 6
41 45 5
41 105 1
41 57 5
41 169 9
42 43 5
42 46 8
42 170 1
42 58 5
42 106 4
43 47 9
43 107 2
43 171 6
43 59 7
44 108 5
44 45 6
44 46 4
44 172 5
44 60 9
45 47 8
45 173 2
45 109 1
45 61 10
46 47 1
46 110 3
46 174 5
46 62 6
47 175 4
47 111 7
47 63 8
48 112 7
48 176 6
48 49 9
48 50 3
48 52 4
48 56 5
49 113 4
49 177 1
49 51 10
49 53 3
49 57 9
50 178 5
50 114 7
50 51 4
50 54 1
50 58 6
51 179 1
51 115 3
51 55 10
51 59 1
52 180 9
52 53 8
52 54 7
52 116 3
52 60 7
53 181 7
53 55 4
53 61 2
53 117 5
54 118 8
54 55 10
54 62 4
54 182 8
55 119 10
55 183 10
55 63 9
56 120 3
56 57 7
56 58 4
56 184 3
56 60 1
57 121 7
57 59 1
57 61 3
57 185 2
58 186 7
58 59 1
58 122 4
58 62 5
59 123 5
59 187 7
59 63 4
60 124 4
60 188 7
60 61 5
60 62 5
61 125 1
61 189 10
61 63 1
62 190 10
62 126 4
62 63 10
63 127 10
63 191 6
64 65 5
64 66 1
64 68 10
64 72 5
64 96 10
64 192 7
64 80 7
65 67 1
65 69 10
65 97 4
65 73 8
65 193 3
65 81 8
66 67 1
66 70 6
66 194 6
66 74 1
66 98 4
66 82 10
67 195 5
67 71 6
67 75 5
67 99 9
67 83 4
68 69 9
68 70 3
68 76 9
68 84 2
68 196 4
68 100 5
69 197 4
69 71 3
69 77 8
69 85 10
69 101 2
70 198 4
70 102 4
70 71 7
70 78 6
70 86 4
71 103 7
71 79 7
71 87 7
71 199 3
72 73 8
72 74 5
72 76 6
72 104 4
72 88 5
72 200 2
73 75 7
73 77 4
73 105 4
73 89 5
73 201 1
74 75 8
74 78 10
74 202 3
74 90 5
74 106 1
75 79 7
75 107 9
75 203 6
75 91 7
76 108 1
76 77 9
76 78 10
76 204 10
76 92 8
77 79 5
77 109 1
77 205 3
77 93 8
78 79 4
78 206 6
78 110 2
78 94 1
79 207 8
79 111 8
79 95 4
80 112 3
80 208 6
80 81 1
80 82 7
80 84 2
80 88 6
81 113 8
81 209 5
81 83 7
81 85 4
81 89 9
82 210 1
82 114 4
82 83 3
82 86 8
82 90 5
83 211 3
83 115 2
83 87 2
83 91 10
84 212 7
84 85 4
84 86 1
84 116 1
84 92 3
85 213 4
85 87 9
85 93 6
85 117 4
86 214 5
86 118 10
86 87 3
86 94 3
87 119 8
87 215 1
87 95 6
88 216 9
88 120 9
88 89 8
88 90 2
88 92 6
89 121 10
89 217 10
89 91 7
89 93 8
90 218 10
90 91 3
90 122 8
90 94 1
91 123 6
91 219 2
91 95 9
92 220 6
92 124 10
92 93 3
92 94 10
93 125 6
93 221 5
93 95 5
94 222 1
94 126 8
94 95 1
95 127 6
95 223 5
96 98 6
96 100 5
96 97 9
96 104 3
96 224 5
96 112 9
97 99 4
97 101 3
97 105 2
97 225 3
97 113 1
98 99 8
98 102 3
98 226 8
98 106 7
98 114 2
99 227 5
99 103 5
99 107 7
99 115 6
100 101 6
100 102 10
100 108 9
100 116 4
100 228 5
101 229 4
101 103 8
101 109 8
101 117 7
102 230 8
102 103 4
102 110 9
102 118 6
103 111 8
103 119 1
103 231 2
104 105 2
104 106 9
104 108 5
104 120 10
104 232 9
105 107 1
105 109 7
105 121 3
105 233 10
106 107 10
106 110 8
106 234 6
106 122 6
107 111 3
107 235 5
107 123 5
108 109 8
108 110 9
108 236 4
108 124 9
109 111 3
109 237 1
109 125 9
110 111 10
110 238 1
110 126 4
111 239 7
111 127 10
112 240 5
112 113 3
112 114 3
112 116 4
112 120 6
113 241 9
113 115 3
113 117 3
113 121 4
114 242 1
114 115 7
114 118 9
114 122 10
115 243 1
115 119 9
115 123 4
116 244 3
116 117 1
116 118 2
116 124 1
117 245 9
117 119 7
117 125 10
118 246 6
118 119 10
118 126 4
119 247 8
119 127 7
120 121 4
120 122 1
120 124 8
120 248 10
121 249 10
121 123 8
121 125 5
122 250 3
122 123 4
122 126 1
123 251 8
123 127 1
124 252 6
124 125 7
124 126 8
125 253 4
125 127 6
126 254 6
126 127 4
127 255 5
128 129 2
128 130 10
128 132 10
128 136 10
128 160 2
128 192 7
128 144 8
129 131 10
129 133 5
129 161 1
129 137 5
129 193 1
129 145 7
130 131 1
130 134 9
130 194 9
130 138 1
130 162 10
130 146 6
131 163 9
131 195 4
131 135 9
131 139 3
131 147 1
132 133 1
132 134 9
132 140 10
132 148 9
132 196 2
132 164 5
133 197 2
133 135 2
133 141 8
133 149 5
133 165 10
134 198 3
134 166 4
134 135 3
134 142 10
134 150 1
135 167 7
135 143 5
135 151 3
135 199 6
136 137 8
136 138 4
136 140 10
136 168 5
136 152 3
136 200 1
137 139 2
137 141 5
137 169 2
137 153 10
137 201 7
138 139 3
138 142 8
138 202 5
138 154 7
138 170 8
139 143 3
139 171 6
139 203 7
139 155 7
140 172 9
140 141 2
140 142 3
140 204 2
140 156 5
141 143 9
141 173 1
141 205 5
141 157 5
142 143 9
142 206 8
142 174 10
142 158 8
143 207 10
143 175 5
143 159 4
144 176 8
144 208 4
144 145 9
144 146 7
144 148 7
144 152 10
145 177 7
145 209 10
145 147 5
145 149 10
145 153 4
146 210 1
146 178 2
146 147 9
146 150 7
146 154 8
147 179 7
147 211 5
147 151 1
147 155 3
148 212 4
148 149 6
148 150 5
148 180 6
148 156 5
149 213 4
149 151 2
149 157 4
149 181 6
150 214 1
150 182 3
150 151 8
150 158 2
151 183 6
151 215 7
151 159 4
152 216 3
152 184 5
152 153 9
152 154 3
152 156 10
153 185 10
153 217 2
153 155 1
153 157 4
154 218 6
154 155 6
154 186 3
154 158 9
155 187 8
155 219 7
155 159 2
156 220 6
156 188 10
156 157 2
156 158 3
157 189 4
157 221 8
157 159 2
158 222 8
158 190 4
158 159 3
159 191 10
159 223 6
160 162 1
160 164 7
160 161 5
160 168 5
160 224 2
160 176 8
161 163 6
161 165 3
161 169 3
161 225 1
161 177 7
162 163 3
162 166 6
162 226 9
162 170 10
162 178 4
163 227 9
163 179 9
163 167 1
163 171 3
164 165 5
164 166 5
164 172 7
164 180 8
164 228 1
165 229 7
165 167 4
165 173 4
165 181 9
166 230 3
166 167 8
166 174 6
166 182 6
167 175 8
167 183 3
167 231 1
168 169 1
168 170 5
168 172 4
168 184 9
168 232 3
169 171 7
169 173 2
169 185 10
169 233 7
170 171 9
170 174 9
170 234 7
170 186 6
171 175 5
171 235 8
171 187 3
172 173 9
172 174 9
172 236 6
172 188 1
173 175 5
173 237 6
173 189 10
174 175 10
174 238 3
174 190 5
175 239 2
175 191 10
176 240 2
176 177 3
176 178 9
176 180 5
176 184 4
177 241 7
177 179 2
177 181 3
177 185 9
178 242 8
178 179 6
178 182 7
178 186 5
179 243 8
179 183 9
179 187 7
180 244 10
180 181 2
180 182 6
180 188 7
181 245 10
181 183 9
181 189 4
182 246 1
182 183 10
182 190 4
183 247 3
183 191 8
184 185 9
184 186 2
184 188 3
184 248 5
185 249 5
185 187 2
185 189 3
186 250 6
186 187 6
186 190 5
187 251 3
187 191 10
188 252 4
188 189 2
188 190 8
189 253 6
189 191 4
190 254 6
190 191 7
191 255 7
192 194 5
192 196 10
192 193 8
192 200 2
192 224 2
192 208 9
193 195 7
193 197 3
193 201 4
193 225 3
193 209 6
194 195 4
194 198 5
194 226 10
194 202 8
194 210 3
195 227 3
195 211 9
195 199 4
195 203 5
196 197 6
196 198 8
196 204 8
196 212 8
196 228 2
197 229 9
197 199 3
197 205 4
197 213 2
198 230 6
198 199 9
198 206 3
198 214 3
199 207 5
199 215 9
199 231 3
200 201 10
200 202 9
200 204 9
200 216 7
200 232 9
201 203 3
201 205 5
201 217 10
201 233 9
202 203 4
202 206 2
202 234 3
202 218 5
203 207 3
203 235 3
203 219 2
204 205 8
204 206 4
204 236 2
204 220 5
205 207 1
205 237 8
205 221 3
206 207 1
206 238 10
206 222 2
207 239 4
207 223 1
208 240 4
208 209 4
208 210 3
208 212 8
208 216 10
209 241 7
209 211 1
209 213 4
209 217 5
210 242 2
210 211 4
210 214 6
210 218 1
211 243 6
211 215 1
211 219 6
212 244 5
212 213 8
212 214 9
212 220 5
213 245 8
213 215 5
213 221 1
214 246 9
214 215 3
214 222 4
215 247 8
215 223 2
216 217 3
216 218 4
216 220 2
216 248 4
217 249 1
217 219 1
217 221 9
218 250 5
218 219 5
218 222 2
219 251 8
219 223 4
220 252 7
220 221 3
220 222 2
221 253 6
221 223 5
222 254 5
222 223 3
223 255 4
224 226 7
224 228 8
224 225 9
224 232 3
224 240 6
225 227 2
225 229 6
225 241 9
225 233 1
226 227 9
226 230 6
226 234 10
226 242 2
227 243 7
227 231 7
227 235 2
228 229 1
228 230 6
228 236 7
228 244 9
229 231 4
229 237 2
229 245 10
230 231 4
230 238 3
230 246 4
231 239 5
231 247 9
232 233 6
232 234 7
232 236 8
232 248 7
233 235 6
233 237 4
233 249 9
234 235 10
234 238 8
234 250 4
235 239 4
235 251 8
236 237 1
236 238 8
236 252 3
237 239 4
237 253 3
238 239 4
238 254 6
239 255 10
240 241 9
240 242 6
240 244 6
240 248 3
241 243 2
241 245 9
241 249 5
242 243 3
242 246 10
242 250 4
243 247 9
243 251 2
244 246 4
244 252 3
244 245 1
245 247 9
245 253 10
246 247 1
246 254 8
247 255 8
248 252 2
248 249 5
248 250 4
249 251 10
249 253 1
250 100004 100
250 251 3
250 254 2
251 100000 100
251 100001 100
251 100003 100
251 255 5
252 100000 100
252 100002 100
252 100003 100
252 100004 100
252 253 1
252 254 10
253 100001 100
253 100002 100
253 255 8
254 100000 100
254 100003 100
254 255 9
255 100001 100
-2 0 100
-2 2 100
-2 5 100
-5 2 100
-5 3 100
-5 4 100
-4 1 100
-4 5 100
-3 4 100
-3 5 100
-1 2 100
-1 4 100
-1 5 100
