0 8 5
0 1 5
0 2 3
0 4 5
0 16 5
1 9 3
1 3 1
1 5 1
1 17 3
2 10 5
2 3 3
2 18 5
2 6 5
3 19 2
3 11 1
3 7 1
4 20 2
4 12 2
4 5 2
4 6 1
5 21 1
5 13 3
5 7 2
6 22 1
6 14 2
6 7 5
7 23 3
7 15 3
8 9 3
8 10 1
8 12 2
8 24 3
9 11 1
9 13 5
9 25 4
10 11 5
10 26 3
10 14 2
11 27 4
11 15 5
12 28 4
12 13 5
12 14 2
13 29 4
13 15 2
14 30 4
14 15 2
15 31 5
16 17 3
16 18 1
16 20 5
16 24 4
17 19 3
17 21 4
17 25 4
18 19 2
18 26 4
18 22 3
19 27 3
19 23 4
20 28 2
20 21 1
20 22 3
21 29 4
21 23 5
22 30 2
22 23 3
23 31 1
24 26 1
24 28 5
24 25 3
25 27 2
25 29 5
26 27 3
26 30 2
27 100001 50
27 31 2
28 100000 50
28 100003 50
28 100004 50
28 29 2
28 30 5
29 100002 50
29 31 3
30 100000 50
30 100001 50
30 100004 50
30 31 2
31 100001 50
31 100002 50
-2 3 50
-2 4 50
-2 5 50
-5 1 50
-5 2 50
-5 3 50
-4 3 50
-4 4 50
-4 5 50
-3 4 50
-3 5 50
-1 0 50
-1 1 50
-1 5 50
