0 32 7
0 1 3
0 2 7
0 4 8
0 8 7
0 16 2
1 33 8
1 3 3
1 5 7
1 9 7
1 17 1
2 34 6
2 3 2
2 6 1
2 10 3
2 18 9
3 35 2
3 7 6
3 11 2
3 19 3
4 36 6
4 5 3
4 6 6
4 12 1
4 20 9
5 37 1
5 7 4
5 13 2
5 21 10
6 38 5
6 7 1
6 14 10
6 22 2
7 39 9
7 15 5
7 23 10
8 40 2
8 9 3
8 10 1
8 12 8
8 24 10
9 41 2
9 11 1
9 13 3
9 25 6
10 42 10
10 11 9
10 14 4
10 26 4
11 43 7
11 15 2
11 27 3
12 44 10
12 13 3
12 14 6
12 28 7
13 45 9
13 15 7
13 29 1
14 46 1
14 15 4
14 30 9
15 47 10
15 31 6
16 48 7
16 17 1
16 18 6
16 20 4
16 24 1
17 49 6
17 19 4
17 21 2
17 25 5
18 50 9
18 19 10
18 22 10
18 26 3
19 51 8
19 23 3
19 27 8
20 52 5
20 21 6
20 22 6
20 28 1
21 53 2
21 23 4
21 29 1
22 54 5
22 23 2
22 30 3
23 55 1
23 31 10
24 56 4
24 25 9
24 26 6
24 28 1
25 57 10
25 27 8
25 29 1
26 58 6
26 27 10
26 30 10
27 59 4
27 31 9
28 60 6
28 29 6
28 30 1
29 61 1
29 31 6
30 62 1
30 31 2
31 63 5
32 33 1
32 34 4
32 36 2
32 40 1
32 48 8
33 35 4
33 37 2
33 41 10
33 49 8
34 35 6
34 38 9
34 42 6
34 50 4
35 39 10
35 43 10
35 51 1
36 37 9
36 38 10
36 44 1
36 52 7
37 39 7
37 45 7
37 53 7
38 39 10
38 46 4
38 54 10
39 47 10
39 55 1
40 41 4
40 42 5
40 44 3
40 56 7
41 43 1
41 45 7
41 57 4
42 43 2
42 46 3
42 58 9
43 47 1
43 59 10
44 45 2
44 46 8
44 60 10
45 47 9
45 61 3
46 47 10
46 62 10
47 63 6
48 49 7
48 50 1
48 52 6
48 56 5
49 51 5
49 53 3
49 57 10
50 51 2
50 54 6
50 58 10
51 55 4
51 59 6
52 53 2
52 54 5
52 60 9
53 55 8
53 61 4
54 55 5
54 62 5
55 63 8
56 57 5
56 58 1
56 60 9
57 59 7
57 61 3
58 100001 100
58 100003 100
58 59 3
58 62 9
59 100001 100
59 100002 100
59 100004 100
59 63 5
60 100000 100
60 100001 100
60 61 4
60 62 3
61 100002 100
61 100003 100
61 63 7
62 100004 100
62 63 5
63 100000 100
63 100002 100
63 100003 100
-2 1 100
-2 2 100
-2 4 100
-5 0 100
-5 1 100
-4 0 100
-4 1 100
-4 2 100
-3 1 100
-3 4 100
-3 5 100
-1 0 100
-1 5 100
