0 36 23
0 6 113
0 17 47
0 40 69
0 41 94
0 49 103
0 18 114
0 20 155
0 25 93
0 27 144
0 29 24
0 30 92
1 2 42
1 3 138
1 4 54
1 6 58
1 43 88
1 44 31
1 46 131
1 48 90
1 49 107
1 35 16
1 36 154
1 26 136
2 32 96
2 34 144
2 35 49
2 45 136
2 47 18
2 16 148
2 49 56
2 23 154
2 27 139
2 28 147
2 30 48
3 32 105
3 37 96
3 7 77
3 41 123
3 13 39
3 16 96
3 49 152
3 21 133
3 22 22
3 25 142
3 31 123
4 36 39
4 7 152
4 47 88
4 10 34
4 44 110
4 45 66
4 15 71
4 19 33
4 20 21
4 27 100
4 42 32
5 36 105
5 49 40
5 42 112
5 11 132
5 13 58
5 14 47
5 15 75
5 17 65
5 46 133
5 24 29
5 7 82
5 21 143
6 33 10
6 42 79
6 43 137
6 45 14
6 46 81
6 47 32
6 24 18
6 29 117
6 30 133
6 31 11
7 34 150
7 49 84
7 8 137
7 14 87
7 15 133
7 17 128
7 18 127
7 35 58
7 29 63
8 32 131
8 33 118
8 35 20
8 40 64
8 46 39
8 16 120
8 20 95
8 23 17
8 26 80
8 28 98
8 29 86
9 32 133
9 35 62
9 41 65
9 10 85
9 11 122
9 12 16
9 14 72
9 15 74
9 22 91
9 23 151
9 27 87
9 44 71
10 16 84
10 4 56
10 9 144
10 42 127
10 12 84
10 48 17
10 49 33
10 19 130
10 21 69
10 22 78
10 26 67
10 30 105
11 36 115
11 37 140
11 38 56
11 46 84
11 17 36
11 19 39
11 23 52
11 31 137
11 28 151
11 30 100
11 5 80
12 33 134
12 36 134
12 38 12
12 16 52
12 9 78
12 10 70
12 14 110
12 15 79
12 48 67
12 22 70
12 24 142
12 29 102
13 39 13
13 14 59
13 47 13
13 48 134
13 49 94
13 20 86
13 21 102
13 25 78
13 29 58
13 30 47
14 32 44
14 38 71
14 17 13
14 18 100
14 25 47
14 29 102
14 31 140
15 40 53
15 43 144
15 17 99
15 22 154
15 23 151
15 28 36
15 30 127
16 33 129
16 35 130
16 36 64
16 38 67
16 49 26
16 18 63
16 3 144
16 25 135
17 34 36
17 43 47
17 37 79
17 41 137
17 45 60
17 19 67
18 48 11
18 34 63
18 37 155
18 39 125
18 43 47
18 26 99
18 28 67
18 31 85
19 40 64
19 41 39
19 43 106
19 45 121
19 22 92
19 23 15
19 27 154
19 28 63
20 34 127
20 41 91
20 44 80
20 46 128
20 48 109
20 22 32
20 23 67
20 25 24
20 27 100
20 28 40
21 34 11
21 35 77
21 42 96
21 43 62
21 44 67
21 47 47
21 48 16
21 3 81
21 24 40
21 28 154
21 29 123
22 32 138
22 37 112
22 40 122
22 41 49
22 35 102
22 27 106
22 30 119
23 32 135
23 37 81
23 39 117
23 42 92
23 40 20
23 24 145
23 26 142
24 34 25
24 36 63
24 38 154
24 39 39
24 49 93
24 25 22
24 27 16
24 29 119
24 37 139
25 37 68
25 38 117
25 45 109
25 48 144
25 46 61
25 28 38
25 31 112
26 37 151
26 38 70
26 33 130
26 39 112
26 45 10
26 48 94
26 42 139
26 30 136
26 31 79
27 35 22
27 41 26
27 45 115
27 47 77
27 48 93
27 49 13
28 32 88
28 38 35
28 42 153
28 49 112
28 29 144
29 35 20
29 43 86
29 47 33
29 46 139
30 33 68
30 35 132
30 39 104
30 44 28
30 31 43
31 32 77
31 34 97
31 35 29
31 38 89
31 41 117
31 48 71
32 33 131
32 38 127
32 43 63
32 44 74
32 47 62
33 48 102
33 34 97
33 37 29
33 39 39
33 41 121
33 45 118
33 40 42
34 36 104
34 38 109
34 40 38
34 41 66
34 42 137
35 36 15
35 40 145
36 37 96
36 44 60
36 47 80
36 49 130
37 43 10
37 49 41
37 44 78
38 39 14
38 44 25
38 47 88
39 40 83
39 41 137
39 42 79
39 44 67
39 46 155
39 48 65
40 42 63
40 43 69
40 44 126
40 46 113
41 43 33
41 45 125
42 43 30
42 46 79
42 47 25
43 45 147
44 46 50
44 47 20
44 100004 1450
44 100001 1450
45 100003 1450
45 46 37
45 47 69
45 48 62
46 100003 1450
46 47 124
47 100001 1450
47 100003 1450
47 100004 1450
48 100000 1450
48 100002 1450
48 100001 1450
49 100000 1450
49 100002 1450
-2 1 1450
-2 3 1450
-5 1 1450
-5 2 1450
-5 3 1450
-4 0 1450
-4 1 1450
-4 3 1450
-3 1 1450
-3 2 1450
-3 4 1450
-1 2 1450
-1 3 1450
