0 1 45
0 2 55
0 3 89
0 4 119
0 5 35
0 6 89
0 7 148
0 8 46
0 9 38
0 10 147
0 11 93
0 12 46
0 13 65
0 14 87
0 15 41
0 16 33
0 17 149
0 18 53
0 19 50
0 27 90
0 31 15
0 46 152
0 55 129
0 56 79
0 57 29
1 2 124
1 3 36
1 4 24
1 5 69
1 6 30
1 7 109
1 8 16
1 9 122
1 11 125
1 12 114
1 13 32
1 14 47
1 15 120
1 16 108
1 17 24
1 18 108
1 19 147
1 32 134
1 37 11
1 39 67
1 44 35
1 46 53
1 47 145
1 56 35
2 3 144
2 4 10
2 7 110
2 8 51
2 9 72
2 10 109
2 12 109
2 13 59
2 14 28
2 15 43
2 16 74
2 17 23
2 18 15
2 19 39
2 30 58
2 31 105
2 34 128
2 40 132
2 44 124
2 47 50
2 53 25
2 54 113
2 56 19
3 4 69
3 5 79
3 6 152
3 7 125
3 8 40
3 9 103
3 10 108
3 12 95
3 13 86
3 14 30
3 15 81
3 16 153
3 18 111
3 19 30
3 21 19
3 23 115
3 24 33
3 28 136
3 31 46
3 46 30
3 51 50
3 57 46
4 5 30
4 6 48
4 8 107
4 9 155
4 12 114
4 13 53
4 14 23
4 16 104
4 17 68
4 19 11
4 21 87
4 28 154
4 32 61
4 33 145
4 40 39
4 41 110
4 42 150
4 43 105
4 45 81
4 46 81
4 47 64
5 6 126
5 7 147
5 8 123
5 9 14
5 10 60
5 11 41
5 12 48
5 13 122
5 14 132
5 16 99
5 18 89
5 19 47
5 20 24
5 25 76
5 28 29
5 29 100
5 36 58
5 41 20
5 47 80
5 48 132
5 53 100
6 7 87
6 8 19
6 9 136
6 10 106
6 11 26
6 12 86
6 13 28
6 14 82
6 15 28
6 16 66
6 17 139
6 18 10
6 19 129
6 27 76
6 31 51
6 33 133
6 34 59
6 35 44
6 52 150
6 58 43
7 8 16
7 9 68
7 10 100
7 11 94
7 12 77
7 13 47
7 14 77
7 15 107
7 16 59
7 17 148
7 18 77
7 19 134
7 22 68
7 27 87
7 36 93
7 38 47
7 41 32
7 42 99
7 43 100
8 9 76
8 10 120
8 11 28
8 12 96
8 13 72
8 14 98
8 15 75
8 16 20
8 17 62
8 18 34
8 19 115
8 26 17
8 37 99
8 38 66
8 39 41
8 42 86
8 53 47
9 10 61
9 11 87
9 13 45
9 14 10
9 15 90
9 16 53
9 17 33
9 18 24
9 19 60
9 22 86
9 26 28
9 36 23
9 43 106
9 44 25
9 50 50
9 58 152
10 11 100
10 12 22
10 13 108
10 14 72
10 15 148
10 16 11
10 17 26
10 19 84
10 20 11
10 22 155
10 27 150
10 31 151
10 34 120
10 49 70
10 50 23
10 53 119
10 54 79
11 12 138
11 13 70
11 14 81
11 15 91
11 16 127
11 17 86
11 19 119
11 21 29
11 23 88
11 29 85
11 30 42
11 38 55
11 41 155
11 47 55
11 48 72
11 52 80
11 58 136
12 13 31
12 14 80
12 15 136
12 16 62
12 17 96
12 18 57
12 19 116
12 23 11
12 27 146
12 28 33
12 51 93
12 52 17
12 56 142
12 57 86
13 14 83
13 16 92
13 17 56
13 18 112
13 19 85
13 27 69
13 29 47
13 34 68
13 38 67
13 45 145
13 52 100
13 57 34
14 15 15
14 16 137
14 17 16
14 18 15
14 19 99
14 35 108
14 39 88
14 46 103
14 55 139
14 56 99
14 57 29
15 16 70
15 17 135
15 18 25
15 19 55
15 23 22
15 32 61
15 33 29
15 39 103
15 44 86
15 49 116
15 51 20
15 56 103
15 57 55
16 17 113
16 18 125
16 19 126
16 22 126
16 25 145
16 32 121
16 40 127
16 45 148
16 59 136
17 18 83
17 19 56
17 20 92
17 23 134
17 28 110
17 29 55
17 34 84
17 51 127
17 54 143
17 59 139
18 19 138
18 29 134
18 37 30
18 38 10
18 49 140
18 51 133
18 53 102
18 55 96
18 56 134
18 59 17
19 21 126
19 29 117
19 46 126
19 50 97
19 51 22
19 59 26
20 33 58
20 38 132
20 40 152
20 49 97
20 51 18
20 54 124
21 43 76
21 45 39
21 48 61
21 25 76
21 28 21
22 40 122
22 43 38
22 24 83
22 58 105
22 31 126
23 35 59
23 50 11
23 24 41
23 30 33
24 37 92
24 39 97
24 41 65
24 45 39
24 47 24
24 30 21
25 35 150
25 48 62
25 49 106
25 52 110
25 26 139
25 59 26
26 32 117
26 33 43
26 34 120
26 36 127
26 44 19
26 46 79
27 32 88
27 49 111
27 59 19
28 43 84
28 47 98
28 49 131
29 33 135
29 36 44
29 45 115
30 32 23
30 35 51
30 37 30
30 39 82
30 55 106
31 33 57
31 37 141
31 59 136
32 55 113
32 36 137
33 42 123
33 50 64
34 36 47
34 39 149
34 48 62
35 36 120
35 41 56
35 42 151
35 59 80
36 57 102
37 48 115
37 54 150
37 57 18
38 40 90
38 44 136
38 47 80
39 49 155
39 59 124
40 43 134
40 55 33
40 58 127
41 45 63
41 53 27
41 56 137
42 44 141
42 52 17
42 53 135
42 58 17
43 54 147
43 55 147
44 50 150
44 55 34
45 52 101
45 55 152
46 52 131
46 54 59
47 51 61
48 54 113
48 58 78
48 53 59
49 57 93
50 52 108
50 53 74
50 58 23
51 56 118
52 54 148
53 59 25
54 100000 1450
54 100001 1450
54 100004 1450
54 58 80
55 100000 1450
56 100003 1450
56 100004 1450
56 100002 1450
57 100001 1450
57 100004 1450
58 100000 1450
58 100003 1450
59 100002 1450
59 100003 1450
-2 4 1450
-2 5 1450
-5 5 1450
-4 1 1450
-4 3 1450
-4 4 1450
-3 0 1450
-3 5 1450
-1 2 1450
-1 4 1450
