0 33 143
0 3 93
0 1 110
0 16 19
0 39 119
0 8 150
0 9 72
0 10 123
0 7 154
0 13 89
0 14 67
0 15 40
0 11 39
0 17 93
0 18 68
0 35 88
0 4 82
0 28 99
1 32 18
1 2 82
1 4 66
1 37 70
1 6 46
1 7 36
1 8 153
1 10 39
1 11 58
1 12 91
1 13 39
1 16 22
1 17 134
1 19 140
1 20 62
1 22 149
1 5 22
2 19 18
2 34 90
2 35 100
2 6 54
2 9 106
2 12 13
2 14 20
2 15 91
2 16 52
2 17 130
2 18 111
2 3 107
2 20 38
2 22 26
2 24 68
2 26 92
2 27 103
3 5 68
3 38 27
3 7 82
3 9 122
3 10 145
3 11 97
3 12 104
3 13 38
3 14 121
3 16 82
3 17 150
3 18 69
3 6 122
3 28 93
3 37 28
3 31 142
4 34 65
4 36 26
4 5 141
4 6 95
4 7 23
4 8 103
4 10 122
4 11 68
4 12 117
4 13 52
4 15 84
4 16 122
4 17 75
4 19 16
4 24 114
4 28 132
5 32 47
5 34 20
5 37 47
5 6 62
5 7 125
5 12 12
5 13 31
5 14 81
5 17 16
5 21 98
5 22 94
5 25 97
5 26 63
5 27 106
5 30 61
6 32 142
6 34 34
6 35 107
6 19 34
6 11 149
6 14 20
6 16 71
6 17 17
6 21 79
6 26 77
6 27 20
6 29 15
6 30 39
7 33 33
7 8 73
7 9 78
7 10 149
7 11 148
7 12 74
7 13 86
7 14 80
7 15 54
7 16 87
7 18 151
7 19 90
7 30 16
8 34 134
8 38 79
8 39 27
8 9 127
8 10 71
8 12 97
8 13 36
8 14 21
8 15 121
8 16 40
8 17 100
8 21 114
8 26 92
8 31 78
9 33 82
9 38 70
9 10 120
9 11 60
9 13 94
9 14 107
9 15 21
9 17 75
9 18 25
9 19 87
9 24 47
9 26 68
9 31 14
10 33 56
10 16 43
10 39 29
10 13 64
10 14 134
10 15 10
10 11 83
10 17 150
10 18 106
10 23 113
10 25 100
11 32 153
11 33 76
11 37 122
11 12 126
11 13 119
11 15 29
11 35 96
11 27 102
11 30 59
11 19 144
12 19 95
12 35 153
12 13 92
12 14 51
12 16 39
12 18 114
12 20 50
12 22 138
12 26 62
12 27 50
13 38 121
13 15 62
13 16 108
13 17 105
13 19 150
13 21 137
13 29 146
14 39 42
14 18 132
14 19 143
14 21 124
14 23 133
14 28 96
14 29 83
14 31 112
15 33 22
15 36 65
15 16 24
15 17 16
15 18 84
15 19 68
15 22 50
15 26 72
15 31 155
16 17 112
16 18 29
16 19 117
16 23 14
16 25 52
16 28 141
17 32 124
17 33 124
17 19 61
17 20 70
17 22 67
18 32 101
18 38 108
18 19 17
18 21 131
18 23 21
18 27 66
18 28 61
18 30 153
19 20 45
19 22 109
19 24 120
19 29 21
20 34 128
20 36 47
20 28 136
21 29 118
21 31 151
22 30 41
23 32 79
23 34 73
23 36 122
23 31 83
24 36 98
24 39 84
24 25 105
24 26 75
25 36 32
25 39 119
25 28 154
25 29 31
26 35 20
27 36 131
27 37 22
28 39 155
29 33 133
29 37 87
30 32 83
30 38 109
31 38 140
32 33 90
33 35 128
34 35 132
35 100001 1450
35 100004 1450
35 37 39
35 39 63
35 100002 1450
36 100000 1450
36 39 135
37 100004 1450
37 38 48
37 100003 1450
38 100001 1450
38 100002 1450
39 100000 1450
39 100002 1450
39 100001 1450
39 100004 1450
39 100003 1450
-2 1 1450
-2 2 1450
-2 5 1450
-5 0 1450
-5 3 1450
-5 4 1450
-4 2 1450
-4 3 1450
-3 0 1450
-3 5 1450
-1 1 1450
-1 3 1450
-1 5 1450
