0 32 56
0 1 107
0 34 119
0 3 79
0 9 47
0 10 49
0 2 106
0 46 37
0 13 46
0 17 139
0 18 40
0 51 63
0 22 89
0 29 20
1 2 15
1 5 97
1 8 17
1 9 86
1 10 87
1 11 33
1 44 48
1 13 51
1 17 153
1 52 123
1 22 13
1 29 58
1 30 88
2 33 119
2 4 141
2 37 48
2 38 84
2 8 46
2 41 116
2 11 153
2 14 129
2 15 60
2 9 66
2 26 93
2 5 35
3 4 23
3 5 13
3 7 135
3 13 89
3 14 22
3 16 26
3 17 117
3 20 21
3 25 70
3 57 34
3 28 133
3 37 137
3 30 141
3 52 65
4 32 99
4 37 21
4 6 93
4 39 86
4 10 67
4 46 20
4 15 50
4 48 26
4 14 116
4 22 106
4 55 155
4 24 48
5 36 111
5 6 67
5 8 77
5 9 150
5 11 46
5 44 126
5 45 19
5 47 103
5 49 31
5 18 119
5 19 152
6 36 69
6 8 119
6 10 93
6 13 30
6 46 89
6 16 98
6 17 121
6 23 83
6 56 140
6 58 111
6 28 124
6 29 137
7 32 123
7 33 124
7 34 102
7 37 68
7 39 120
7 40 101
7 42 54
7 45 145
7 14 141
7 49 72
7 55 115
7 57 45
7 58 18
7 28 30
8 35 31
8 9 155
8 42 34
8 11 107
8 13 44
8 47 13
8 16 124
8 17 140
8 18 106
8 29 153
9 35 28
9 36 147
9 39 92
9 10 10
9 11 145
9 48 155
9 52 83
9 25 14
9 28 72
10 34 98
10 12 103
10 14 32
10 19 123
10 20 109
10 23 108
10 56 24
10 27 51
10 31 10
11 33 106
11 34 19
11 39 17
11 12 55
11 13 37
11 22 77
11 55 52
11 58 69
11 54 84
12 33 125
12 36 150
12 39 115
12 41 140
12 43 138
12 18 65
12 46 138
12 47 93
12 50 62
12 19 109
12 53 141
12 31 63
13 27 149
13 42 13
13 15 68
13 52 78
13 53 145
13 57 108
13 59 98
13 31 69
14 44 131
14 15 16
14 48 133
14 50 77
14 52 45
14 21 126
14 54 21
14 29 120
14 30 151
15 32 129
15 59 123
15 37 38
15 29 65
15 47 136
15 50 31
15 26 30
15 27 29
15 58 74
15 30 111
16 33 20
16 35 130
16 41 13
16 45 83
16 46 70
16 56 34
16 51 91
16 53 18
16 54 85
16 23 127
16 24 62
17 32 41
17 35 32
17 37 27
17 43 54
17 18 81
17 53 38
17 57 112
17 38 10
17 31 114
18 36 92
18 48 135
18 51 116
18 52 49
18 53 152
18 24 75
18 58 34
18 28 92
18 21 26
19 33 111
19 34 69
19 36 52
19 40 22
19 43 115
19 52 40
19 55 130
19 56 142
19 57 55
19 28 83
19 31 44
20 34 43
20 35 41
20 40 70
20 45 138
20 52 66
20 54 19
20 25 135
21 38 91
21 42 16
21 48 44
21 22 56
21 58 60
21 30 35
21 31 123
22 38 55
22 45 115
22 53 40
22 23 115
23 40 79
23 44 91
23 50 94
23 53 86
23 59 99
24 41 113
24 42 150
24 47 116
24 49 135
24 51 81
24 30 110
25 39 113
25 43 152
25 49 77
25 50 103
25 55 118
25 56 58
26 36 113
26 40 152
26 47 125
26 48 32
26 57 77
26 58 112
26 30 25
27 32 68
27 44 75
27 52 122
27 53 30
27 56 110
27 29 142
28 40 26
28 41 150
28 46 77
29 37 77
29 44 19
30 38 138
30 44 29
31 51 58
31 41 133
31 56 56
32 43 114
32 51 73
32 57 97
33 48 81
33 35 35
33 47 152
34 44 93
34 45 13
34 50 143
35 42 43
35 50 136
35 58 122
36 38 115
36 56 127
37 48 71
37 59 45
38 40 65
38 45 154
38 59 25
39 49 17
39 50 96
39 51 109
40 51 103
40 44 142
41 43 63
41 46 138
41 57 119
42 56 118
42 50 107
42 59 120
43 49 83
43 45 146
43 59 118
44 48 112
45 54 64
46 47 46
46 53 107
47 54 89
48 51 86
49 57 37
49 54 104
49 55 38
50 57 154
51 55 22
52 56 123
53 58 142
54 100000 1450
54 55 127
54 59 131
55 100001 1450
55 100003 1450
55 58 127
55 59 73
56 100000 1450
56 100001 1450
56 100004 1450
57 100002 1450
58 100000 1450
58 100002 1450
58 100003 1450
59 100002 1450
59 100004 1450
59 100003 1450
-2 2 1450
-2 5 1450
-5 3 1450
-5 4 1450
-5 5 1450
-4 2 1450
-4 3 1450
-4 5 1450
-3 0 1450
-3 1 1450
-3 5 1450
-1 0 1450
-1 1 1450
-1 4 1450
