0 1 74
0 34 100
0 3 152
0 38 108
0 39 146
0 11 91
0 17 61
0 35 133
0 20 83
0 22 29
0 23 123
0 27 92
0 31 49
1 4 103
1 5 47
1 38 130
1 7 31
1 8 119
1 10 17
1 11 42
1 20 21
1 21 148
1 39 56
1 6 20
1 28 18
2 34 82
2 35 142
2 38 146
2 7 81
2 8 141
2 13 78
2 15 143
2 16 84
2 19 130
2 22 41
2 24 28
2 29 64
3 35 79
3 36 86
3 38 109
3 39 84
3 9 46
3 16 109
3 18 63
3 19 35
3 23 86
3 27 139
3 30 92
4 32 84
4 38 112
4 7 134
4 11 91
4 16 74
4 17 61
4 18 20
4 24 135
4 25 151
4 39 67
4 31 80
5 32 84
5 9 67
5 12 152
5 14 69
5 16 50
5 19 38
5 20 14
5 22 67
5 26 95
5 27 123
5 31 58
6 32 148
6 34 80
6 35 123
6 39 119
6 15 104
6 17 71
6 20 99
6 24 149
6 26 95
6 30 20
6 31 81
7 32 126
7 10 22
7 16 101
7 17 131
7 20 104
7 36 101
7 28 144
7 29 61
7 30 138
8 32 88
8 38 65
8 34 140
8 18 42
8 19 53
8 22 98
8 25 64
8 26 150
8 27 142
8 28 100
9 37 56
9 39 31
9 14 89
9 16 55
9 18 35
9 19 54
9 21 92
9 25 52
9 28 62
9 29 134
10 35 121
10 36 25
10 37 75
10 12 52
10 19 20
10 20 76
10 26 55
10 27 114
10 29 18
10 30 145
11 14 126
11 15 128
11 16 19
11 17 65
11 19 148
11 21 54
11 22 55
11 26 72
11 29 148
12 36 97
12 39 152
12 13 71
12 15 57
12 16 45
12 17 75
12 19 139
12 20 30
12 26 28
12 27 115
13 35 64
13 36 20
13 37 28
13 18 16
13 19 66
13 21 153
13 23 144
13 25 111
13 27 130
13 28 98
14 33 19
14 34 31
14 35 31
14 36 134
14 37 55
14 39 127
14 15 131
14 26 81
14 27 35
15 32 143
15 33 123
15 37 147
15 16 18
15 21 91
15 25 84
15 30 132
16 33 75
16 21 57
16 31 53
17 33 69
17 39 125
17 18 74
17 19 83
17 22 20
17 29 73
18 32 53
18 33 57
18 36 66
18 39 69
18 22 52
18 26 149
19 21 32
19 23 98
20 32 144
20 33 76
20 34 144
20 36 58
20 21 41
20 25 126
20 30 61
21 32 36
21 35 87
21 37 153
21 22 65
21 24 130
21 28 54
22 36 23
22 34 98
22 25 133
22 26 102
22 27 143
22 37 78
23 33 153
23 36 128
23 37 36
23 35 151
23 39 57
23 32 141
23 24 149
23 26 75
23 28 136
23 31 75
24 32 63
24 33 81
24 34 109
24 38 109
24 25 98
24 36 81
24 27 138
24 29 138
24 30 51
25 33 55
25 37 93
25 38 46
25 36 93
25 30 135
25 31 87
26 34 138
26 28 153
26 29 69
26 30 57
27 33 152
27 38 60
27 39 147
27 31 39
28 32 114
28 34 53
28 35 59
28 37 89
28 38 116
28 30 83
29 33 55
29 35 45
29 36 97
29 37 124
29 30 87
29 31 45
30 37 153
30 39 16
30 31 151
31 32 137
31 33 109
31 38 132
31 37 119
32 34 60
33 34 32
33 35 73
34 35 15
34 38 10
35 100004 1450
35 37 63
35 100001 1450
35 100003 1450
35 100000 1450
36 100000 1450
36 38 35
37 100002 1450
37 100003 1450
38 39 41
38 100004 1450
39 100001 1450
-2 0 1450
-2 2 1450
-2 3 1450
-5 0 1450
-5 4 1450
-5 5 1450
-4 0 1450
-4 3 1450
-3 3 1450
-3 4 1450
-1 2 1450
