0 1 139
0 51 67
0 35 54
0 6 101
0 8 130
0 10 142
0 12 142
0 45 120
0 46 57
0 13 43
0 27 18
0 18 86
0 19 61
0 20 104
0 53 89
0 24 81
0 59 95
0 28 52
0 21 121
1 34 80
1 3 15
1 36 21
1 5 14
1 49 136
1 42 115
1 11 77
1 12 114
1 14 105
1 16 110
1 43 123
1 18 136
1 19 30
1 20 49
1 21 10
1 22 99
1 27 108
1 10 82
2 32 44
2 34 143
2 5 118
2 17 18
2 40 152
2 10 87
2 11 113
2 44 34
2 45 54
2 14 92
2 15 117
2 8 138
2 19 143
2 53 97
2 22 56
2 23 75
2 46 127
2 25 54
2 13 107
3 27 21
3 4 70
3 37 128
3 33 130
3 40 21
3 9 51
3 12 145
3 49 10
3 18 116
3 20 101
3 53 78
3 23 154
3 24 132
3 25 60
3 59 82
3 5 126
3 29 128
3 31 120
4 17 105
4 37 113
4 6 130
4 39 113
4 40 119
4 9 139
4 23 96
4 13 132
4 16 111
4 49 84
4 18 57
4 52 62
4 21 47
4 8 22
4 25 95
4 57 34
4 29 85
4 5 57
5 19 35
5 36 113
5 32 53
5 9 118
5 42 139
5 43 25
5 34 77
5 16 146
5 50 52
5 51 144
5 18 53
5 23 111
5 24 19
5 57 62
5 29 120
6 16 66
6 35 57
6 7 71
6 8 134
6 9 98
6 42 119
6 11 69
6 13 90
6 14 49
6 15 61
6 48 114
6 17 76
6 54 92
6 23 97
6 25 47
6 47 125
6 29 96
7 32 87
7 33 70
7 35 117
7 36 65
7 17 151
7 8 26
7 10 143
7 46 43
7 11 31
7 14 20
7 15 136
7 16 73
7 49 88
7 18 134
7 53 29
7 54 107
7 31 36
7 21 42
8 35 74
8 36 115
8 38 34
8 41 66
8 11 148
8 12 57
8 13 38
8 16 23
8 51 19
8 52 137
8 9 117
8 57 126
8 58 78
8 27 103
9 38 148
9 17 65
9 41 59
9 55 110
9 12 150
9 15 113
9 16 61
9 49 37
9 52 119
9 23 102
9 56 142
9 57 119
9 27 128
9 30 126
10 36 111
10 37 17
10 39 140
10 41 144
10 12 64
10 14 71
10 17 138
10 50 59
10 51 10
10 21 19
10 23 89
10 56 138
10 25 19
10 59 127
10 31 38
11 22 90
11 17 95
11 44 13
11 50 121
11 46 36
11 47 44
11 49 53
11 18 75
11 51 54
11 21 67
11 54 60
11 25 92
11 13 122
11 31 109
12 33 81
12 32 116
12 41 42
12 44 66
12 45 82
12 14 95
12 15 93
12 19 105
12 57 110
12 26 62
12 29 58
12 30 28
12 31 148
13 33 135
13 34 123
13 35 95
13 49 17
13 40 154
13 45 129
13 46 56
13 47 63
13 19 95
13 43 44
13 55 105
13 57 31
13 26 63
14 32 102
14 34 35
14 54 130
14 41 132
14 45 38
14 44 87
14 16 31
14 17 134
14 22 151
14 25 65
14 15 60
14 29 115
14 31 57
15 50 75
15 38 122
15 40 84
15 44 147
15 57 127
15 45 155
15 17 80
15 18 19
15 52 155
15 21 85
15 20 46
15 27 64
15 30 29
16 32 73
16 27 47
16 36 86
16 37 109
16 39 93
16 46 137
16 48 110
16 18 60
16 51 13
16 31 151
16 30 61
17 32 58
17 37 82
17 39 121
17 41 20
17 43 83
17 44 128
17 47 116
17 51 124
17 52 85
17 30 53
18 33 15
18 42 145
18 43 18
18 44 18
18 50 90
18 51 154
18 25 45
18 26 59
18 47 62
18 39 91
19 35 33
19 32 29
19 33 46
19 40 47
19 41 37
19 42 154
19 48 37
19 53 67
19 22 77
19 55 120
19 58 123
19 28 41
19 31 56
20 36 42
20 33 64
20 48 135
20 49 59
20 52 113
20 54 56
20 56 110
20 57 149
21 38 136
21 52 126
21 23 141
21 24 136
21 59 111
22 38 25
22 34 142
22 50 149
22 54 51
22 23 55
22 26 87
22 29 100
23 35 109
23 39 128
23 59 155
24 51 100
24 34 87
24 38 92
24 42 78
24 47 68
24 35 46
24 54 95
24 28 13
25 41 65
25 50 14
25 46 81
25 54 57
26 33 87
26 35 104
26 40 48
26 43 100
26 44 89
26 49 55
26 58 148
26 30 64
27 37 28
27 38 11
27 41 60
27 45 148
27 59 95
28 38 82
28 42 14
28 45 17
28 46 134
28 47 26
28 52 152
28 59 46
28 29 140
28 30 134
29 48 124
29 51 26
29 55 79
29 58 85
30 36 76
30 37 49
30 58 91
30 55 115
30 44 91
31 43 101
31 52 138
31 54 20
31 55 76
32 40 59
32 39 96
32 48 151
32 53 38
33 36 122
33 40 150
33 48 115
33 54 55
34 38 89
34 39 81
34 55 46
34 56 48
34 37 17
35 41 74
35 43 152
35 46 32
36 43 154
36 45 155
36 46 152
37 38 152
37 39 141
37 53 106
37 57 92
38 49 90
38 58 10
39 56 43
39 58 129
39 59 14
40 48 145
40 52 118
40 47 28
41 45 131
41 53 43
42 43 128
42 50 18
42 55 74
42 56 26
42 58 121
43 47 109
43 52 41
44 46 136
44 54 34
44 57 41
45 55 32
45 56 85
46 47 38
47 51 56
47 59 28
48 50 105
48 56 79
48 57 63
48 59 93
49 50 78
49 56 13
50 53 21
50 55 79
51 58 33
52 58 99
53 55 119
53 56 26
53 58 62
54 100002 1450
54 100003 1450
54 100004 1450
54 56 26
55 100003 1450
55 100002 1450
55 59 53
56 100000 1450
56 100004 1450
56 59 147
57 100000 1450
57 100001 1450
57 58 107
58 100001 1450
59 100000 1450
59 100004 1450
-2 1 1450
-2 2 1450
-2 4 1450
-5 2 1450
-5 3 1450
-5 5 1450
-4 0 1450
-4 2 1450
-4 3 1450
-3 1 1450
-3 2 1450
-3 3 1450
-1 3 1450
-1 4 1450
