0 32 104
0 1 62
0 2 48
0 3 51
0 6 137
0 7 70
0 8 142
0 9 135
0 12 43
0 13 135
0 16 81
0 34 85
0 21 101
0 25 72
0 26 149
0 28 113
1 34 112
1 3 153
1 37 128
1 6 43
1 7 30
1 39 33
1 12 150
1 15 133
1 11 94
1 19 24
1 20 84
1 22 69
1 26 151
1 28 14
1 5 13
2 32 77
2 34 153
2 3 154
2 36 52
2 37 31
2 8 22
2 10 123
2 13 73
2 14 24
2 16 85
2 17 103
2 19 82
2 20 24
2 21 127
2 30 145
3 5 63
3 7 21
3 8 105
3 12 26
3 13 98
3 16 97
3 18 21
3 19 141
3 22 13
3 23 146
3 25 51
3 27 77
3 31 26
4 32 91
4 33 63
4 35 136
4 36 119
4 37 46
4 9 119
4 10 61
4 11 134
4 13 13
4 14 152
4 18 47
4 22 41
4 25 67
4 27 124
4 29 155
4 5 83
5 32 24
5 8 62
5 13 28
5 14 85
5 16 47
5 18 77
5 19 79
5 24 112
5 26 18
5 27 25
5 29 118
5 30 130
5 31 29
6 35 75
6 36 131
6 33 116
6 10 87
6 11 11
6 13 78
6 14 102
6 18 22
6 21 38
6 22 123
6 23 126
6 25 93
6 26 93
6 27 14
7 34 51
7 38 139
7 39 68
7 9 86
7 10 79
7 11 151
7 12 126
7 13 93
7 15 83
7 17 84
7 18 114
7 20 11
7 28 154
8 33 33
8 36 49
8 38 135
8 12 34
8 14 121
8 15 145
8 18 98
8 19 147
8 24 141
8 26 104
8 29 130
8 30 96
9 32 105
9 36 132
9 38 67
9 10 28
9 11 121
9 12 35
9 13 92
9 14 102
9 16 55
9 17 45
9 19 82
9 21 141
9 23 102
10 34 152
10 39 14
10 13 143
10 15 35
10 16 11
10 17 95
10 18 133
10 21 81
10 22 33
10 25 33
10 30 36
11 35 26
11 39 89
11 12 88
11 13 59
11 15 135
11 16 18
11 19 121
11 20 130
11 25 20
11 28 140
11 30 133
12 33 135
12 34 27
12 35 35
12 39 34
12 13 61
12 17 15
12 20 139
12 23 119
12 25 150
13 18 83
13 19 32
13 22 52
13 28 61
13 31 134
14 32 67
14 33 139
14 38 128
14 39 69
14 17 107
14 19 121
14 36 102
14 27 147
14 29 75
14 30 67
15 34 98
15 35 143
15 38 47
15 16 100
15 18 82
15 21 58
15 22 58
15 24 10
15 26 124
15 27 92
15 31 31
16 33 74
16 36 148
16 17 103
16 23 148
16 24 73
16 26 137
16 28 88
16 29 148
17 32 79
17 37 24
17 38 14
17 39 43
17 18 141
17 20 91
17 25 86
17 28 126
17 29 101
18 32 32
18 38 147
18 39 10
18 19 110
18 22 34
18 30 10
19 36 131
19 37 67
19 20 148
19 25 48
19 28 41
19 31 61
20 37 75
20 24 76
20 31 33
21 33 133
21 24 91
21 28 128
21 31 152
22 23 12
22 24 109
23 34 29
23 35 12
23 26 84
23 29 119
24 34 59
24 30 88
24 37 119
25 27 27
26 35 80
26 33 57
27 37 39
27 38 73
27 31 19
28 36 89
29 36 48
29 37 114
29 31 14
30 33 117
30 34 50
31 35 98
32 39 87
32 37 43
33 38 115
34 100004 1450
34 100002 1450
35 38 147
35 39 71
36 100003 1450
37 100003 1450
37 100001 1450
37 100000 1450
37 100002 1450
37 100004 1450
38 100000 1450
38 100002 1450
38 100003 1450
39 100004 1450
39 100001 1450
-2 4 1450
-2 5 1450
-5 2 1450
-5 5 1450
-4 1 1450
-4 3 1450
-4 5 1450
-3 0 1450
-3 1 1450
-3 5 1450
-1 1 1450
-1 4 1450
