0 1 39
0 2 99
0 3 21
0 37 87
0 38 117
0 7 65
0 40 107
0 9 59
0 11 86
0 12 67
0 34 121
0 15 18
0 16 12
0 18 69
0 19 89
0 22 73
0 28 25
0 30 136
1 32 150
1 2 122
1 35 80
1 4 61
1 12 29
1 42 118
1 11 79
1 44 107
1 46 124
1 16 43
1 17 61
1 18 41
1 25 65
1 26 34
1 27 46
1 28 23
1 10 85
2 3 43
2 4 63
2 6 31
2 7 85
2 8 61
2 9 26
2 10 134
2 43 56
2 13 19
2 14 87
2 47 50
2 16 124
2 49 108
2 11 138
2 26 111
2 15 102
3 16 110
3 35 87
3 4 152
3 6 35
3 17 115
3 9 95
3 10 61
3 11 130
3 13 61
3 14 120
3 47 72
3 48 94
3 34 28
3 20 127
3 21 120
3 15 42
4 36 84
4 5 11
4 6 79
4 40 93
4 9 132
4 13 140
4 46 27
4 15 144
4 16 69
4 17 137
4 18 149
4 19 33
4 29 44
4 30 76
4 31 132
5 34 23
5 6 134
5 40 96
5 9 115
5 42 24
5 11 72
5 12 77
5 13 69
5 14 65
5 15 89
5 16 88
5 17 32
5 18 142
5 20 36
5 8 53
5 28 35
5 29 58
6 34 70
6 8 84
6 9 111
6 43 58
6 12 18
6 45 125
6 14 99
6 48 128
6 17 25
6 18 50
6 24 93
6 25 131
6 26 60
6 27 133
7 33 78
7 45 105
7 25 48
7 48 21
7 8 95
7 11 66
7 13 22
7 46 138
7 47 91
7 16 95
7 17 78
7 18 132
7 40 47
7 23 95
7 39 114
7 28 122
8 37 134
8 9 55
8 10 147
8 11 91
8 12 150
8 13 14
8 14 65
8 17 51
8 18 73
8 19 70
8 20 104
8 22 61
8 24 51
8 28 89
9 16 33
9 39 100
9 10 143
9 15 139
9 48 28
9 49 27
9 19 141
9 21 126
9 25 120
9 27 126
9 42 107
10 19 46
10 33 125
10 27 117
10 43 125
10 13 109
10 14 62
10 45 96
10 11 148
10 17 74
10 18 132
10 41 16
10 25 152
10 47 39
11 35 27
11 12 98
11 14 83
11 15 61
11 17 88
11 18 135
11 19 29
11 21 83
11 28 93
11 31 17
12 32 97
12 36 118
12 38 58
12 31 95
12 42 25
12 13 42
12 45 65
12 14 62
12 15 62
12 18 54
12 19 50
12 27 17
13 33 106
13 34 143
13 38 91
13 47 117
13 40 108
13 19 68
13 17 47
13 15 41
13 30 46
13 31 149
14 37 35
14 49 101
14 40 123
14 15 47
14 16 53
14 18 64
14 19 144
14 21 102
14 22 89
14 23 75
15 33 83
15 38 147
15 42 148
15 44 55
15 49 73
15 18 11
15 26 72
15 31 85
16 35 129
16 37 20
16 39 121
16 47 139
16 43 87
16 21 154
16 36 94
16 29 127
16 30 22
17 34 76
17 38 122
17 45 96
17 18 46
17 20 48
17 22 66
17 24 106
17 28 102
18 35 120
18 40 142
18 42 129
18 22 28
18 39 60
19 43 120
19 44 128
19 49 144
19 23 113
19 36 33
19 27 27
19 28 25
19 29 98
19 31 64
20 33 150
20 37 148
20 43 135
20 35 102
20 21 119
20 31 51
21 35 99
21 41 52
21 49 131
21 29 85
22 32 55
22 43 11
22 48 147
22 24 130
22 30 28
23 34 123
23 44 112
23 47 23
23 49 49
23 25 64
23 29 70
23 30 74
24 34 12
24 37 47
24 45 141
24 46 98
24 26 150
24 31 137
25 34 49
25 44 83
25 48 11
25 26 91
26 37 55
26 44 107
26 46 109
26 27 53
27 36 115
27 37 81
27 42 110
28 44 136
28 45 39
29 34 105
29 36 54
29 38 152
29 45 32
30 38 56
30 39 42
30 41 63
30 43 62
31 46 152
31 48 109
32 37 24
32 38 110
32 33 67
32 41 18
32 39 91
32 46 29
32 47 83
33 35 72
33 41 65
33 47 31
33 49 24
34 45 26
35 40 91
35 41 93
36 39 109
36 42 42
36 44 123
36 48 115
37 41 137
38 45 73
38 46 104
39 48 26
39 45 24
39 49 128
40 44 85
40 47 106
41 43 130
41 46 107
41 49 132
42 43 46
42 46 67
43 46 34
44 100000 1450
44 100002 1450
44 100004 1450
44 48 148
45 100000 1450
45 100002 1450
45 100003 1450
45 100004 1450
46 100003 1450
46 100004 1450
46 100000 1450
47 100002 1450
47 100001 1450
48 49 73
49 100001 1450
-2 3 1450
-2 4 1450
-5 1 1450
-5 4 1450
-4 2 1450
-4 3 1450
-4 5 1450
-3 0 1450
-3 2 1450
-3 5 1450
-1 2 1450
-1 4 1450
