0 1 112
0 43 105
0 36 43
0 5 127
0 6 135
0 33 122
0 10 75
0 11 51
0 14 37
0 48 28
0 49 145
0 50 100
0 52 114
0 54 49
0 59 150
1 33 73
1 35 128
1 11 29
1 44 116
1 14 119
1 15 72
1 49 23
1 18 26
1 52 42
1 25 27
1 24 14
1 57 43
1 26 85
1 28 62
2 48 30
2 3 55
2 4 126
2 5 94
2 49 144
2 8 143
2 10 92
2 44 51
2 45 31
2 46 78
2 16 35
2 17 89
2 19 114
2 27 93
2 29 79
3 32 142
3 6 126
3 9 11
3 46 113
3 15 26
3 49 10
3 51 106
3 53 104
3 54 139
3 56 130
3 57 12
3 58 54
3 26 148
3 21 20
4 19 33
4 34 135
4 7 69
4 15 63
4 47 83
4 42 131
4 44 102
4 2 104
4 45 150
4 16 12
4 51 116
4 25 26
4 56 74
4 57 55
4 59 28
4 29 138
5 38 29
5 8 101
5 9 137
5 41 46
5 15 135
5 16 151
5 19 83
5 21 70
5 55 104
5 56 37
5 25 129
5 59 71
5 53 15
6 37 32
6 40 19
6 41 43
6 42 77
6 43 25
6 48 95
6 21 35
6 54 72
6 24 56
6 26 92
6 27 27
6 28 153
6 29 123
7 34 47
7 8 46
7 41 12
7 10 46
7 11 111
7 12 105
7 45 116
7 15 33
7 13 69
7 51 122
7 22 140
7 9 127
7 28 13
7 44 59
7 30 70
8 33 37
8 43 32
8 48 62
8 40 138
8 11 78
8 45 65
8 15 49
8 16 12
8 57 138
8 24 47
8 25 51
8 31 46
9 38 16
9 12 45
9 16 130
9 50 134
9 52 83
9 53 87
9 54 115
9 55 97
9 24 20
9 25 149
9 22 153
9 31 91
10 33 20
10 43 114
10 37 103
10 38 88
10 39 120
10 34 79
10 45 18
10 16 69
10 22 140
10 55 130
10 24 82
10 58 100
11 35 98
11 44 108
11 15 134
11 16 144
11 17 126
11 18 131
11 19 80
11 20 97
11 56 81
11 57 68
11 59 148
12 16 31
12 34 87
12 49 91
12 45 92
12 46 38
12 47 137
12 48 139
12 17 30
12 20 99
12 54 145
12 56 35
12 29 111
12 30 17
13 32 12
13 35 145
13 39 125
13 44 62
13 46 20
13 47 22
13 43 78
13 50 140
13 19 140
13 54 134
13 57 33
13 27 104
13 29 152
13 30 33
14 32 94
14 35 111
14 23 59
14 46 27
14 25 140
14 53 55
14 55 104
14 24 100
14 57 131
14 26 108
14 28 101
14 58 50
14 31 88
15 33 154
15 34 152
15 36 155
15 42 136
15 48 44
15 17 83
15 20 123
15 21 64
16 43 52
16 50 97
16 52 85
16 41 39
16 55 58
16 28 77
16 30 143
17 32 81
17 37 87
17 39 68
17 50 117
17 48 89
17 18 144
17 20 136
17 25 42
17 58 41
17 28 132
17 52 75
18 32 45
18 43 147
18 37 131
18 38 38
18 41 155
18 47 20
18 53 65
18 54 134
18 55 112
18 56 17
18 26 106
18 58 38
19 33 29
19 43 32
19 40 68
19 44 13
19 46 94
19 22 127
19 23 14
19 27 117
19 29 37
19 31 151
20 32 15
20 33 89
20 36 85
20 41 92
20 42 104
20 43 19
20 50 41
20 35 147
20 58 146
20 27 117
21 32 59
21 33 73
21 34 136
21 44 47
21 48 115
21 56 78
21 50 108
21 23 60
21 24 22
21 25 30
22 35 136
22 39 145
22 40 115
22 42 56
22 46 79
22 27 11
22 49 152
22 51 129
22 26 44
22 59 17
23 32 38
23 51 20
23 36 113
23 37 155
23 38 105
23 53 51
23 55 49
23 25 125
23 58 24
23 59 134
23 29 146
24 41 115
24 49 102
24 51 132
24 40 111
24 59 151
24 28 70
24 30 151
25 34 28
25 39 63
25 48 65
25 26 19
25 31 17
26 35 51
26 40 25
26 47 31
26 50 28
26 55 37
26 56 65
26 59 78
27 33 28
27 35 120
27 37 82
27 43 72
27 45 41
27 52 110
27 38 125
27 29 91
28 32 98
28 36 132
28 42 77
28 44 39
28 52 127
28 46 74
28 31 14
29 51 133
29 36 26
29 38 100
29 39 123
29 45 105
29 30 31
30 33 20
30 38 104
30 39 22
30 42 25
30 52 81
30 57 93
30 58 52
30 31 90
31 37 147
31 38 60
31 48 147
31 49 146
31 50 102
31 55 118
31 59 117
32 33 62
32 34 93
32 37 99
32 45 146
32 52 84
33 35 155
33 41 24
33 54 144
34 36 113
34 39 23
34 44 130
34 48 150
34 51 49
34 54 153
35 37 131
35 41 119
35 47 27
35 50 106
35 59 145
36 37 87
36 41 29
36 42 35
36 46 116
36 57 106
36 56 145
36 52 75
37 38 132
37 55 56
37 45 151
37 57 149
38 41 32
38 44 135
38 53 14
38 54 77
39 40 28
39 45 61
39 50 130
39 51 108
39 55 22
39 58 114
40 46 144
40 47 153
40 48 12
40 49 93
40 53 41
40 54 17
40 58 75
41 46 11
41 50 86
41 57 51
42 59 74
42 48 66
42 49 106
42 56 112
42 47 79
42 52 90
43 50 106
43 53 144
43 57 114
43 58 113
44 46 120
44 47 127
44 53 36
45 52 155
45 54 118
45 57 111
46 51 100
46 52 47
47 49 129
47 53 51
47 57 67
47 58 32
47 59 106
48 49 96
49 53 36
49 55 99
50 56 73
51 53 132
51 55 74
51 58 25
51 59 79
52 54 42
53 54 92
54 100004 1450
54 100001 1450
54 100003 1450
54 100000 1450
55 100003 1450
55 100004 1450
55 56 119
56 100000 1450
56 100002 1450
56 100004 1450
56 59 128
56 58 64
57 100001 1450
57 100002 1450
58 100002 1450
59 100001 1450
59 100003 1450
-2 3 1450
-5 0 1450
-5 3 1450
-4 2 1450
-4 3 1450
-4 5 1450
-3 0 1450
-3 2 1450
-3 5 1450
-1 0 1450
-1 2 1450
-1 5 1450
