0 33 154
0 34 149
0 35 91
0 37 104
0 48 24
0 8 143
0 42 98
0 11 111
0 12 28
0 15 72
0 16 88
0 40 118
0 3 28
0 20 72
0 24 148
0 7 148
0 47 84
0 30 40
1 33 87
1 2 48
1 3 106
1 4 117
1 6 29
1 49 20
1 9 64
1 42 41
1 44 25
1 34 78
1 14 12
1 48 61
1 17 83
1 10 110
1 19 44
1 24 23
1 27 48
1 29 27
1 31 129
2 34 15
2 4 154
2 6 35
2 38 102
2 39 74
2 10 44
2 11 122
2 45 111
2 46 81
2 16 99
2 17 86
2 19 57
2 20 87
2 24 62
2 27 128
2 5 57
2 31 111
3 4 48
3 37 80
3 38 57
3 8 144
3 12 110
3 10 77
3 11 141
3 44 69
3 45 145
3 14 19
3 15 37
3 17 80
3 22 117
3 6 94
3 47 26
3 31 155
4 32 112
4 34 39
4 36 114
4 37 12
4 41 10
4 12 41
4 45 76
4 13 20
4 17 70
4 19 93
4 21 152
4 22 128
4 23 38
4 26 37
4 28 113
5 34 88
5 36 24
5 6 92
5 7 135
5 8 115
5 10 29
5 44 29
5 2 17
5 45 66
5 16 148
5 17 17
5 19 123
5 26 30
5 15 12
5 28 59
5 13 66
5 30 70
5 31 130
6 34 128
6 11 46
6 7 127
6 8 60
6 12 76
6 42 66
6 43 126
6 44 29
6 14 23
6 48 19
6 17 59
6 25 38
6 28 141
6 10 72
7 35 90
7 17 24
7 8 98
7 10 29
7 12 61
7 13 81
7 46 130
7 47 106
7 16 19
7 49 97
7 18 91
7 19 137
7 20 81
7 40 115
7 15 60
8 36 68
8 38 43
8 40 78
8 10 10
8 11 98
8 12 74
8 13 122
8 14 78
8 45 82
8 16 111
8 18 118
8 46 46
8 25 150
9 32 78
9 35 151
9 36 67
9 37 29
9 38 42
9 39 47
9 41 106
9 10 71
9 43 81
9 44 91
9 45 68
9 14 20
9 49 143
9 18 155
9 42 13
9 17 143
9 26 61
9 29 12
10 35 15
10 17 84
10 39 40
10 42 125
10 12 43
10 11 78
10 43 21
10 27 61
10 16 129
10 31 59
11 34 68
11 36 16
11 49 124
11 41 141
11 39 97
11 12 46
11 14 12
11 15 95
11 16 45
11 17 130
11 26 51
11 28 126
12 16 102
12 40 35
12 13 34
12 14 124
12 47 92
12 48 98
12 18 23
12 21 146
12 25 127
12 26 41
13 42 21
13 14 44
13 15 76
13 19 116
13 22 135
13 24 36
13 25 26
13 26 76
13 47 61
13 28 115
13 29 112
13 30 110
13 31 87
14 45 106
14 36 151
14 38 16
14 42 136
14 15 133
14 18 28
14 21 153
14 22 50
14 27 134
14 30 132
15 32 123
15 35 42
15 19 95
15 39 71
15 40 33
15 41 125
15 43 122
15 16 90
15 18 41
15 21 100
15 46 153
16 17 113
16 36 102
16 38 30
16 40 66
16 18 18
16 19 147
16 21 42
16 22 130
16 25 138
17 40 146
17 18 145
17 19 148
17 48 16
17 24 102
17 26 100
17 27 93
18 33 116
18 42 30
18 43 39
18 44 30
18 45 101
18 47 142
18 20 78
18 22 148
18 25 11
18 30 134
19 33 25
19 34 132
19 36 88
19 41 23
19 47 45
19 48 130
19 21 128
19 22 96
19 30 105
20 36 95
20 38 88
20 39 80
20 43 63
20 46 41
20 22 77
20 26 130
21 40 126
21 44 69
21 23 111
21 26 94
21 29 66
22 34 63
22 48 136
22 23 61
23 38 126
23 40 130
23 41 71
23 45 25
23 46 128
23 28 89
23 30 150
23 31 58
24 35 95
24 37 133
24 38 62
24 43 88
24 45 86
24 48 34
25 33 62
25 35 66
25 37 143
25 42 94
25 29 45
26 33 112
26 37 61
27 32 131
27 36 94
27 33 153
27 49 29
27 46 77
27 31 64
28 34 94
28 38 129
28 39 130
28 41 104
28 47 148
29 32 56
29 33 124
29 47 57
29 48 20
29 49 12
29 30 125
30 32 128
30 35 135
30 44 135
31 32 59
31 39 69
31 49 104
32 33 69
32 35 146
32 43 98
32 49 101
33 41 40
33 46 67
34 37 100
35 37 118
35 46 110
36 41 113
37 39 10
37 43 114
38 44 65
39 43 119
39 42 143
40 44 87
40 47 84
41 46 153
41 49 149
42 48 96
43 49 69
44 100004 1450
44 46 11
44 100003 1450
45 100001 1450
45 100002 1450
45 48 29
46 100002 1450
47 100001 1450
47 49 121
47 100003 1450
48 100004 1450
48 100001 1450
48 100000 1450
49 100000 1450
49 100003 1450
-2 0 1450
-2 2 1450
-2 5 1450
-5 2 1450
-5 4 1450
-5 5 1450
-4 1 1450
-4 3 1450
-4 5 1450
-3 0 1450
-3 2 1450
-3 3 1450
-1 0 1450
-1 2 1450
-1 4 1450
