0 33 36
0 42 141
0 43 125
0 44 64
0 20 146
0 24 48
1 40 60
1 9 15
1 14 40
1 47 66
1 8 37
1 20 87
1 23 149
2 10 128
2 13 132
2 48 82
2 18 123
2 19 87
2 26 66
3 32 100
3 33 120
3 11 143
3 45 119
3 24 47
3 27 101
4 32 109
4 34 61
4 41 77
4 44 100
4 13 19
4 27 15
5 32 69
5 35 29
5 39 155
5 42 113
5 7 76
5 44 55
6 40 149
6 43 112
6 44 57
6 16 105
6 19 106
6 27 22
7 34 47
7 37 114
7 10 37
7 47 147
7 48 139
7 5 10
8 34 155
8 36 15
8 43 93
8 15 114
8 20 26
8 47 39
9 38 49
9 11 91
9 44 11
9 15 115
9 49 69
10 34 98
10 22 133
10 23 87
10 28 37
11 42 62
11 13 82
11 16 84
11 49 80
12 34 66
12 36 90
12 40 27
12 47 94
12 23 20
12 30 24
13 39 97
13 44 108
13 22 129
14 15 141
14 16 28
14 22 69
14 25 92
14 29 58
15 47 151
15 17 10
15 20 113
16 32 54
16 33 40
16 6 83
16 11 112
16 14 90
16 21 48
17 38 61
17 45 51
17 20 141
17 23 50
17 26 91
18 38 61
18 40 135
18 47 10
18 25 88
18 30 80
19 46 53
19 49 38
19 21 25
19 22 101
20 34 53
20 35 33
20 32 53
20 37 102
20 49 54
20 41 39
20 44 57
20 48 119
20 23 87
20 24 119
20 27 95
20 28 102
20 31 69
21 48 71
21 34 45
21 35 84
21 36 11
21 33 56
21 39 61
21 41 65
21 42 132
21 43 28
21 44 54
21 45 49
21 46 98
21 16 44
21 49 150
21 19 125
21 24 18
21 28 40
21 31 39
22 32 42
22 33 52
22 34 26
22 35 112
22 36 21
22 41 155
22 43 113
22 44 66
22 45 16
22 29 60
22 19 133
22 24 10
22 26 143
22 42 150
22 30 60
23 34 112
23 35 87
23 37 61
23 49 127
23 40 131
23 43 155
23 47 89
23 48 53
23 39 69
23 24 103
23 25 139
23 27 24
23 30 129
24 32 131
24 33 117
24 3 59
24 37 151
24 38 56
24 40 83
24 45 112
24 46 44
24 49 61
24 20 36
24 21 107
24 22 125
24 23 59
24 25 148
24 28 81
24 30 147
24 31 94
25 33 141
25 35 101
25 36 87
25 37 93
25 38 93
25 41 150
25 42 14
25 43 85
25 45 77
25 14 147
25 48 139
25 18 101
25 46 88
25 23 89
25 24 106
25 26 56
25 28 38
25 31 83
26 32 50
26 35 56
26 38 11
26 40 14
26 41 90
26 43 110
26 34 124
26 47 89
26 45 144
26 46 44
26 22 36
26 25 153
26 27 10
26 28 22
26 29 105
26 30 74
27 32 76
27 34 104
27 37 135
27 6 30
27 39 85
27 40 143
27 45 107
27 35 79
27 20 14
27 23 79
27 36 114
27 26 62
27 38 105
27 28 38
27 29 123
27 31 49
28 32 35
28 34 43
28 36 81
28 37 50
28 38 116
28 40 98
28 10 38
28 45 58
28 46 128
28 48 79
28 20 150
28 21 51
28 24 110
28 25 113
28 26 151
28 27 75
28 29 143
28 31 132
29 32 58
29 33 133
29 34 147
29 35 50
29 36 130
29 39 33
29 41 39
29 42 61
29 43 28
29 46 124
29 47 117
29 27 46
29 28 101
29 30 123
29 31 49
30 32 108
30 34 147
30 36 58
30 37 44
30 38 45
30 40 24
30 41 155
30 42 151
30 43 70
30 12 135
30 47 145
30 48 120
30 18 101
30 22 27
30 23 14
30 24 123
30 26 140
30 29 117
31 32 123
31 33 138
31 35 42
31 36 46
31 37 106
31 39 101
31 40 42
31 41 119
31 43 71
31 45 115
31 46 33
31 20 67
31 21 57
31 24 60
31 25 46
31 27 107
31 28 42
31 29 128
32 48 101
32 38 130
32 39 66
32 47 124
32 37 110
33 36 23
33 37 67
33 39 118
33 41 94
33 42 144
33 44 58
33 45 76
33 46 120
33 49 14
34 38 135
34 44 17
34 49 119
34 42 16
35 39 28
35 41 110
35 42 130
35 44 150
35 45 113
35 47 125
35 48 140
35 49 16
36 37 110
36 38 153
36 39 78
36 42 123
36 44 138
36 48 62
36 41 61
37 38 80
37 40 107
37 45 106
37 47 146
37 48 86
37 49 123
38 39 38
38 42 40
38 46 41
38 47 143
38 49 146
39 41 12
39 42 43
39 43 63
39 44 126
39 46 29
39 49 47
40 41 127
40 45 146
40 46 107
40 47 131
40 48 54
40 49 53
41 44 106
41 46 138
41 48 122
41 49 38
42 45 134
42 46 72
42 47 66
42 48 19
43 44 92
43 45 148
43 46 115
43 47 40
43 48 88
43 49 112
44 100004 1450
44 45 138
44 48 23
44 100003 1450
45 100000 1450
45 100002 1450
45 100003 1450
45 46 142
45 100001 1450
46 100001 1450
46 47 109
46 49 124
47 49 79
48 100002 1450
48 49 81
48 100000 1450
48 100003 1450
48 100004 1450
49 100000 1450
-2 2 1450
-2 4 1450
-5 2 1450
-5 3 1450
-4 3 1450
-4 4 1450
-4 5 1450
-3 1 1450
-3 4 1450
-3 5 1450
-1 2 1450
-1 3 1450
