0 2 122
0 34 110
0 37 76
0 6 52
0 7 44
0 45 123
0 44 97
0 13 121
0 46 58
0 47 106
0 49 115
0 20 134
0 24 120
0 39 61
0 5 148
1 33 43
1 2 120
1 35 10
1 36 42
1 5 69
1 12 133
1 10 133
1 44 119
1 13 137
1 14 85
1 15 58
1 21 99
1 23 116
1 28 136
1 31 74
2 3 88
2 4 70
2 5 129
2 6 25
2 40 34
2 41 63
2 42 94
2 13 131
2 47 40
2 18 112
2 22 114
2 15 50
2 10 99
3 48 95
3 34 37
3 8 59
3 9 150
3 11 150
3 15 155
3 16 24
3 49 18
3 18 93
3 19 71
3 41 105
3 24 62
3 26 117
3 27 92
4 32 106
4 36 14
4 49 130
4 7 21
4 41 94
4 10 81
4 43 85
4 46 130
4 15 89
4 16 82
4 17 12
4 28 18
4 42 72
4 30 38
5 36 11
5 38 16
5 6 150
5 33 141
5 39 147
5 13 155
5 48 61
5 22 29
5 24 131
5 27 78
5 30 133
5 31 110
6 9 20
6 10 10
6 11 111
6 34 96
6 49 127
6 19 59
6 21 123
6 24 112
6 26 80
6 28 72
6 29 75
6 30 82
7 34 52
7 35 93
7 39 22
7 12 59
7 46 25
7 16 132
7 17 27
7 18 15
7 20 140
7 22 63
7 27 38
7 28 14
7 31 137
8 32 120
8 36 113
8 37 99
8 41 148
8 42 73
8 11 61
8 44 148
8 48 13
8 49 154
8 22 79
8 25 23
8 27 123
8 28 93
8 10 41
9 16 119
9 37 90
9 40 141
9 42 152
9 43 96
9 14 39
9 48 126
9 49 93
9 18 61
9 35 67
9 20 86
9 46 34
9 11 49
10 32 69
10 37 98
10 38 107
10 41 127
10 12 109
10 13 113
10 49 44
10 21 151
10 22 123
10 23 65
11 34 80
11 38 90
11 14 15
11 47 62
11 49 135
11 18 41
11 19 136
11 40 144
11 23 106
11 24 92
11 26 90
12 34 46
12 27 85
12 33 131
12 44 22
12 13 60
12 46 142
12 47 145
12 18 44
12 24 23
12 26 26
12 15 33
12 42 136
13 35 43
13 36 109
13 42 33
13 47 101
13 48 118
13 19 134
13 23 81
13 24 64
13 28 120
14 35 81
14 36 32
14 33 11
14 17 112
14 40 115
14 42 83
14 45 77
14 15 29
14 49 99
14 23 12
14 30 34
14 31 35
15 35 155
15 37 25
15 39 38
15 41 105
15 46 46
15 19 45
15 22 96
15 25 28
15 27 153
16 32 30
16 34 137
16 38 120
16 40 90
16 45 90
16 46 117
16 48 92
16 17 118
16 19 51
16 30 67
16 31 149
17 48 132
17 41 141
17 42 102
17 44 68
17 47 112
17 19 25
17 20 118
17 24 143
17 27 27
17 28 84
17 31 52
18 36 75
18 43 61
18 45 14
18 20 81
18 23 125
18 25 73
18 27 137
18 39 37
18 31 10
19 37 43
19 39 72
19 41 109
19 42 89
19 44 114
19 47 126
19 24 13
19 28 102
20 33 88
20 43 114
20 38 73
20 32 131
20 44 144
20 45 112
20 46 112
20 25 71
20 28 66
21 32 123
21 33 44
21 39 18
21 40 60
21 43 61
21 46 66
21 48 115
21 22 104
21 23 58
21 29 63
21 30 112
22 36 111
22 39 110
22 40 32
22 25 24
22 26 123
22 29 90
22 30 103
23 39 101
23 40 54
23 44 81
23 25 86
23 26 37
23 29 39
23 31 32
24 34 44
24 38 141
24 46 18
24 47 10
24 30 135
25 33 121
25 35 101
25 43 65
25 45 146
25 47 38
25 48 137
25 26 90
25 29 129
26 34 17
26 35 150
26 38 73
26 42 80
26 45 32
26 46 29
26 31 154
27 33 61
27 37 148
27 41 29
27 45 15
27 46 73
27 35 122
28 32 38
28 36 87
28 45 58
28 29 64
28 31 139
29 35 85
29 36 95
29 37 57
29 41 71
29 42 69
29 45 68
29 47 139
29 30 128
30 37 117
30 40 101
30 48 142
30 49 19
30 31 81
31 38 66
31 44 65
31 47 128
32 33 106
32 35 23
32 37 13
32 38 69
32 48 123
32 42 41
32 47 108
33 36 86
33 37 81
33 39 29
33 43 90
33 45 56
34 38 60
34 40 99
34 41 109
34 39 48
34 46 32
35 36 74
35 43 141
35 45 19
36 38 18
36 44 58
37 38 91
37 49 65
37 40 121
38 43 25
38 39 13
39 40 65
39 45 140
40 43 16
40 41 127
41 49 45
41 44 138
42 43 148
42 48 16
43 44 60
43 47 152
43 48 75
44 49 66
44 48 121
44 100001 1450
44 100000 1450
45 49 69
45 100003 1450
45 100001 1450
46 47 22
47 100004 1450
47 100002 1450
48 100000 1450
48 100002 1450
48 100004 1450
48 100003 1450
49 100000 1450
49 100001 1450
49 100003 1450
-2 1 1450
-2 3 1450
-2 4 1450
-5 0 1450
-5 1 1450
-5 4 1450
-4 0 1450
-3 2 1450
-3 5 1450
-1 1 1450
-1 3 1450
-1 4 1450
