0 32 74
0 1 128
0 3 142
0 48 11
0 38 27
0 33 136
0 40 138
0 44 142
0 10 137
0 12 37
0 14 142
0 47 107
0 16 55
0 23 107
0 36 10
0 26 99
0 42 118
0 30 15
1 2 141
1 4 128
1 5 36
1 6 28
1 40 115
1 9 75
1 43 51
1 12 114
1 45 71
1 14 148
1 13 123
1 16 29
1 17 42
1 19 110
1 21 138
1 24 155
1 31 37
2 16 35
2 35 154
2 4 152
2 5 33
2 8 66
2 42 23
2 43 63
2 45 20
2 14 62
2 15 147
2 48 29
2 3 116
2 20 150
2 22 60
2 25 126
2 28 139
2 29 111
3 32 115
3 36 98
3 38 52
3 7 153
3 40 113
3 9 107
3 39 45
3 13 72
3 14 133
3 8 87
3 19 150
3 17 47
3 46 104
3 25 149
3 27 70
3 31 115
4 48 73
4 35 36
4 5 109
4 6 111
4 9 91
4 10 130
4 11 45
4 13 145
4 14 99
4 15 47
4 16 148
4 17 65
4 18 79
4 19 134
4 46 122
4 43 21
5 33 45
5 43 40
5 8 85
5 11 122
5 13 122
5 46 139
5 15 63
5 16 74
5 17 60
5 18 48
5 19 76
5 7 119
5 25 106
5 26 88
5 27 48
6 33 94
6 34 92
6 35 90
6 38 86
6 7 103
6 40 129
6 41 29
6 11 36
6 44 111
6 46 139
6 47 43
6 48 116
6 12 68
6 24 107
6 26 28
6 28 72
7 17 19
7 37 57
7 39 31
7 8 38
7 10 32
7 43 139
7 15 63
7 16 16
7 40 46
7 22 41
7 23 118
7 24 56
7 25 17
7 47 30
7 28 84
8 16 150
8 41 118
8 34 42
8 14 18
8 48 90
8 19 152
8 20 120
8 21 98
8 24 19
8 26 70
8 27 114
8 28 42
8 30 146
8 31 32
9 32 19
9 36 121
9 40 49
9 41 147
9 10 100
9 12 139
9 13 52
9 47 35
9 16 70
9 18 16
9 35 66
9 21 138
9 22 45
9 15 42
9 42 116
10 33 125
10 43 80
10 19 96
10 32 47
10 39 91
10 13 23
10 14 79
10 48 53
10 18 128
10 35 135
10 41 97
10 23 139
10 36 121
10 29 139
11 16 13
11 34 56
11 38 154
11 39 148
11 40 120
11 12 63
11 42 148
11 44 44
11 15 31
11 48 32
11 22 100
11 23 121
11 24 65
11 33 86
11 30 79
12 36 111
12 37 30
12 38 16
12 40 73
12 42 69
12 13 29
12 15 142
12 49 110
12 18 50
12 24 38
12 28 72
12 29 45
12 31 63
13 44 81
13 15 46
13 16 152
13 49 128
13 19 155
13 41 56
13 23 67
13 25 74
13 29 36
13 30 69
13 37 120
14 42 141
14 43 100
14 45 101
14 46 153
14 47 20
14 48 110
14 17 154
14 19 122
14 36 15
14 27 92
14 29 71
15 32 32
15 37 89
15 42 20
15 18 63
15 19 68
15 21 108
15 39 140
15 26 20
15 29 60
15 31 107
16 36 145
16 40 125
16 39 61
16 17 21
16 18 140
16 49 138
16 30 30
16 31 21
17 48 96
17 38 102
17 45 127
17 46 53
17 19 26
17 22 85
17 23 21
17 25 102
17 33 127
17 28 152
17 21 55
18 35 154
18 40 143
18 41 115
18 43 123
18 47 12
18 49 54
18 21 86
18 22 55
18 25 154
18 28 126
18 42 96
19 32 14
19 33 27
19 27 55
19 44 64
19 47 80
19 22 91
19 25 127
19 30 24
20 36 75
20 37 92
20 44 82
20 34 130
20 45 59
20 49 124
20 21 47
20 23 52
20 25 147
20 26 91
21 34 64
21 42 143
21 43 114
21 49 49
21 28 105
22 37 66
22 40 106
22 42 104
22 29 91
22 30 56
23 33 71
23 35 104
23 47 140
23 48 123
23 27 71
24 36 24
24 49 96
24 27 137
24 28 13
24 30 41
24 31 47
25 35 64
25 48 26
25 29 14
26 34 61
26 35 72
26 38 27
26 44 95
26 45 145
26 28 57
27 32 29
27 35 150
27 37 117
27 39 53
27 45 17
28 45 60
28 30 12
29 45 126
29 37 152
29 44 133
29 31 17
30 32 37
30 34 131
30 37 25
31 38 47
31 39 112
31 41 12
31 46 155
32 34 65
32 38 40
32 39 143
32 43 86
33 39 29
33 44 87
33 46 81
33 47 86
34 38 130
34 41 36
34 47 56
34 49 46
35 41 66
35 44 64
36 45 148
36 46 109
36 49 82
37 39 152
37 42 125
37 49 112
38 44 145
38 45 61
39 47 28
40 41 12
41 46 81
41 47 82
42 49 76
43 44 42
43 49 84
44 100002 1450
44 100004 1450
44 100001 1450
44 100003 1450
45 100002 1450
45 46 100
46 100000 1450
46 100002 1450
46 100001 1450
46 48 103
46 100003 1450
47 49 17
48 100001 1450
48 100004 1450
49 100000 1450
-2 0 1450
-2 1 1450
-2 4 1450
-5 0 1450
-5 5 1450
-4 2 1450
-4 3 1450
-4 5 1450
-3 2 1450
-3 4 1450
-1 0 1450
-1 5 1450
