0 33 85
0 2 122
0 3 144
0 36 129
0 37 71
0 6 131
0 1 44
0 8 65
0 9 61
0 10 28
0 11 121
0 12 121
0 13 109
0 15 146
0 16 78
0 17 80
0 18 150
0 19 83
0 22 70
0 4 58
0 5 21
1 2 72
1 3 104
1 4 17
1 5 131
1 6 99
1 7 99
1 8 35
1 9 68
1 10 100
1 11 30
1 12 103
1 13 147
1 14 28
1 15 11
1 16 28
1 17 39
1 18 22
1 19 38
1 24 51
1 29 88
2 34 148
2 3 100
2 4 89
2 5 53
2 6 86
2 7 147
2 8 103
2 9 83
2 10 137
2 11 35
2 12 15
2 13 37
2 14 52
2 15 134
2 16 31
2 17 71
2 18 77
2 19 149
2 39 92
3 33 78
3 4 89
3 5 104
3 6 97
3 7 106
3 8 27
3 9 27
3 10 72
3 11 27
3 12 58
3 14 105
3 15 42
3 16 46
3 17 16
3 18 42
3 19 87
3 22 10
3 27 143
4 5 14
4 38 85
4 7 77
4 8 133
4 9 101
4 10 116
4 11 131
4 13 48
4 14 17
4 15 130
4 16 13
4 34 53
4 18 29
4 19 120
4 6 142
4 28 34
4 37 41
5 37 139
5 6 78
5 7 57
5 8 64
5 9 92
5 10 18
5 11 84
5 12 73
5 13 29
5 14 66
5 15 38
5 18 142
5 19 70
5 32 69
5 25 66
5 29 100
6 7 146
6 8 102
6 9 119
6 10 50
6 11 135
6 12 97
6 13 140
6 14 77
6 15 121
6 16 147
6 17 148
6 18 127
6 19 51
6 22 10
6 29 36
7 32 151
7 36 84
7 39 122
7 8 135
7 9 76
7 11 19
7 12 13
7 13 54
7 14 87
7 15 85
7 16 148
7 17 92
7 18 140
7 19 24
7 24 123
8 9 18
8 10 151
8 11 22
8 12 139
8 13 26
8 14 46
8 15 97
8 16 56
8 17 127
8 18 11
8 21 73
8 33 29
8 26 13
9 10 110
9 11 97
9 12 143
9 13 141
9 14 70
9 15 148
9 16 93
9 17 21
9 18 47
9 19 130
9 28 121
9 30 133
10 35 121
10 11 147
10 12 64
10 14 145
10 15 135
10 16 146
10 17 53
10 18 153
10 19 105
10 20 69
10 29 42
10 30 37
11 38 154
11 12 50
11 13 66
11 14 82
11 15 46
11 16 37
11 17 29
11 18 46
11 19 33
11 25 28
12 13 118
12 14 80
12 15 128
12 16 97
12 17 119
12 18 116
12 19 99
12 23 86
12 28 61
12 30 85
13 36 154
13 37 55
13 14 30
13 15 153
13 17 124
13 18 115
13 19 155
13 25 51
13 28 37
13 30 99
14 32 140
14 36 141
14 15 47
14 16 40
14 17 83
14 18 76
14 21 32
14 31 37
15 34 143
15 16 60
15 17 144
15 18 84
15 19 13
15 26 31
16 39 139
16 17 57
16 18 47
16 19 61
16 20 86
16 23 108
16 27 47
17 39 50
17 18 91
17 19 11
17 24 17
17 27 121
17 28 115
18 21 50
18 23 49
18 26 84
19 35 83
19 33 147
19 34 54
19 23 148
19 25 113
20 24 96
20 37 107
20 38 143
21 25 137
21 39 50
22 38 151
22 31 97
23 35 34
24 35 131
25 33 102
26 27 116
26 34 113
27 32 30
28 33 130
29 31 60
30 33 108
31 38 105
31 36 12
32 35 68
33 34 22
34 100000 1450
34 100003 1450
34 100004 1450
35 37 46
36 100000 1450
36 100003 1450
37 100000 1450
37 100002 1450
37 100001 1450
38 100001 1450
38 100002 1450
39 100001 1450
39 100003 1450
39 100004 1450
39 100002 1450
-2 2 1450
-2 4 1450
-5 0 1450
-5 2 1450
-5 5 1450
-4 3 1450
-4 4 1450
-3 2 1450
-3 4 1450
-1 1 1450
-1 4 1450
