0 32 125
0 1 73
0 38 122
0 46 134
0 47 154
0 48 50
0 49 45
0 25 104
0 57 127
0 29 10
0 31 77
1 3 133
1 4 119
1 38 155
1 8 30
1 46 123
1 18 34
1 51 133
1 20 32
1 36 29
1 30 112
2 6 11
2 39 117
2 40 153
2 42 89
2 43 140
2 46 125
2 49 86
2 21 15
2 23 147
2 24 53
2 7 119
3 37 20
3 8 21
3 46 82
3 15 64
3 49 150
3 55 104
3 26 70
3 59 48
3 28 135
4 32 99
4 39 76
4 8 99
4 12 89
4 45 109
4 16 131
4 17 22
4 25 64
4 30 142
5 38 23
5 39 101
5 9 36
5 10 124
5 11 107
5 12 35
5 20 95
5 53 93
5 56 61
5 58 15
5 30 98
6 42 53
6 11 140
6 13 52
6 14 123
6 15 96
6 16 139
6 18 76
6 22 24
6 56 39
7 34 114
7 36 32
7 54 34
7 41 74
7 17 106
7 53 88
7 22 123
7 55 84
7 56 77
7 25 132
8 34 19
8 13 81
8 50 140
8 52 97
8 20 31
8 58 127
8 26 150
9 33 144
9 40 132
9 41 48
9 45 144
9 46 68
9 51 143
9 25 40
9 29 61
9 37 145
10 32 49
10 36 65
10 39 56
10 11 132
10 49 45
10 51 132
10 25 93
10 57 24
10 27 79
10 28 112
11 32 13
11 33 42
11 19 40
11 20 109
11 21 124
11 58 98
11 51 96
12 14 24
12 47 114
12 49 51
12 50 75
12 20 79
12 54 26
12 24 129
12 57 90
13 35 15
13 38 83
13 15 96
13 16 121
13 22 109
13 59 109
13 28 154
13 30 116
14 36 122
14 47 41
14 50 91
14 53 91
14 54 103
14 55 117
14 24 103
14 27 110
15 34 79
15 38 16
15 41 16
15 35 76
15 56 132
15 29 82
15 37 83
16 42 152
16 53 62
16 55 76
16 24 77
16 58 56
16 28 150
16 21 102
17 37 38
17 41 134
17 18 58
17 19 91
17 20 147
17 25 16
17 26 114
17 27 86
18 19 100
18 33 98
18 34 72
18 51 86
18 54 130
18 26 85
18 31 114
19 32 99
19 33 97
19 36 29
19 42 25
19 48 132
19 50 129
19 25 114
20 38 153
20 44 28
20 51 85
20 21 142
20 27 115
21 35 26
21 36 67
21 39 94
21 41 68
21 50 126
21 22 80
21 28 93
22 39 46
22 44 89
22 47 118
22 50 73
22 55 99
22 56 30
22 26 48
23 37 118
23 38 99
23 39 109
23 45 126
23 48 60
23 50 88
23 53 133
23 54 82
23 57 11
23 31 52
24 32 18
24 40 63
24 44 35
24 43 53
24 49 33
24 50 57
24 58 134
25 34 115
25 46 61
25 54 71
25 42 45
26 46 75
26 47 47
26 49 145
26 51 58
26 53 105
26 31 14
27 35 17
27 41 38
27 42 36
27 43 71
27 45 145
27 48 98
27 54 106
28 33 14
28 34 139
28 35 105
28 43 35
28 54 84
28 56 110
29 35 31
29 37 109
29 40 12
29 44 147
29 47 87
29 49 18
29 52 128
29 53 29
30 38 45
30 39 13
30 40 11
30 46 110
30 48 23
30 56 121
30 59 125
31 32 143
31 38 50
31 43 92
31 47 128
31 49 59
31 53 44
31 59 57
32 34 53
32 44 18
32 47 96
32 53 93
33 34 80
33 37 127
33 48 44
33 55 58
33 56 140
33 58 155
34 35 63
34 50 108
34 59 74
35 37 54
35 38 42
35 52 59
35 55 148
36 51 47
36 40 34
36 54 16
36 55 10
36 57 141
37 51 88
37 41 126
37 47 105
38 43 15
39 41 14
39 57 149
39 59 141
40 49 117
40 44 53
40 46 133
40 51 49
40 56 61
41 59 155
41 43 69
41 57 152
42 48 143
42 43 143
42 45 41
42 52 102
42 58 12
43 52 101
43 55 136
43 58 87
44 45 77
44 50 55
44 52 99
44 55 77
44 59 28
45 48 143
45 52 23
45 53 24
45 57 141
45 58 34
46 54 81
46 56 69
47 48 112
47 57 63
48 52 52
48 59 93
49 53 144
50 57 116
51 58 69
52 54 56
52 56 154
52 59 58
53 59 114
54 56 142
55 100000 1450
55 100004 1450
55 100003 1450
55 100001 1450
55 58 53
56 100002 1450
56 100004 1450
57 100001 1450
57 100003 1450
57 100004 1450
57 59 91
58 100000 1450
58 100002 1450
59 100000 1450
59 100001 1450
59 100003 1450
-2 0 1450
-2 3 1450
-2 5 1450
-5 2 1450
-5 4 1450
-4 0 1450
-4 5 1450
-3 0 1450
-3 4 1450
-1 0 1450
-1 3 1450
-1 5 1450
