0 1 125
0 2 112
0 3 127
0 4 149
0 5 75
0 6 130
0 7 125
0 8 105
0 10 107
0 11 98
0 12 100
0 13 49
0 14 53
0 16 116
0 17 56
0 18 16
0 19 68
0 23 49
0 30 23
0 36 102
0 37 33
0 39 110
0 43 61
0 45 131
1 2 83
1 3 80
1 4 144
1 5 134
1 6 109
1 7 96
1 8 119
1 9 107
1 10 134
1 11 38
1 12 121
1 13 44
1 14 93
1 15 23
1 16 70
1 17 44
1 18 26
1 19 81
1 22 18
1 23 56
1 33 116
1 34 122
1 43 27
2 3 94
2 4 129
2 6 51
2 7 117
2 8 144
2 9 14
2 10 76
2 11 102
2 12 119
2 13 99
2 14 84
2 15 108
2 16 40
2 17 43
2 18 147
2 19 50
2 24 33
2 27 135
2 30 146
2 39 18
2 45 45
2 49 73
3 5 38
3 6 80
3 7 11
3 8 106
3 9 153
3 10 151
3 11 146
3 12 127
3 13 149
3 14 68
3 15 113
3 16 100
3 17 58
3 18 92
3 19 91
3 29 30
3 32 13
3 41 84
3 47 107
3 48 42
3 49 147
4 6 13
4 7 56
4 8 117
4 9 140
4 10 34
4 11 34
4 12 41
4 13 69
4 14 32
4 15 20
4 16 102
4 17 51
4 18 51
4 19 52
4 20 139
4 31 126
4 34 131
4 38 113
4 43 117
4 46 74
4 49 149
5 6 95
5 7 118
5 8 125
5 9 135
5 10 127
5 11 58
5 12 137
5 13 123
5 14 132
5 15 15
5 16 50
5 17 93
5 18 120
5 19 17
5 26 62
5 29 45
5 36 67
5 37 79
5 41 33
5 42 131
5 43 121
6 7 154
6 8 72
6 9 127
6 10 92
6 11 55
6 12 121
6 13 62
6 14 91
6 15 79
6 16 106
6 17 10
6 18 97
6 19 63
6 21 12
6 23 129
6 25 84
6 42 147
6 49 16
7 8 147
7 9 135
7 10 154
7 11 102
7 12 100
7 13 114
7 14 94
7 15 45
7 16 36
7 17 35
7 18 144
7 21 32
7 28 133
7 33 44
7 37 25
7 44 28
7 47 49
8 9 19
8 10 70
8 11 147
8 12 26
8 13 30
8 14 81
8 15 37
8 16 41
8 17 40
8 18 50
8 19 90
8 22 51
8 31 86
8 33 27
8 43 136
8 47 136
9 10 10
9 11 23
9 12 89
9 13 76
9 14 62
9 15 40
9 16 92
9 17 128
9 18 19
9 19 50
9 20 91
9 29 131
9 39 50
9 44 148
9 45 74
9 46 119
10 11 29
10 12 40
10 13 65
10 14 124
10 15 54
10 16 75
10 17 77
10 18 46
10 19 154
10 26 54
10 29 151
10 32 88
10 42 43
10 48 144
11 12 24
11 13 33
11 14 94
11 15 11
11 17 87
11 18 129
11 19 147
11 25 150
11 37 118
11 40 150
11 44 82
11 47 67
11 48 13
12 13 55
12 14 32
12 15 54
12 16 130
12 17 26
12 18 61
12 19 80
12 26 34
12 32 118
12 37 72
12 38 121
12 44 141
13 14 49
13 16 27
13 17 116
13 18 91
13 19 116
13 23 27
13 26 118
13 27 108
13 31 55
13 34 147
13 36 111
14 15 45
14 16 44
14 17 137
14 19 145
14 20 127
14 23 66
14 24 29
14 34 13
14 40 86
14 49 88
15 16 24
15 17 76
15 18 93
15 19 22
15 27 76
15 28 65
15 30 72
15 34 106
15 40 142
15 42 150
15 44 129
16 18 18
16 19 82
16 20 36
16 21 56
16 22 84
16 27 139
16 36 102
16 38 17
16 47 42
17 18 52
17 19 42
17 23 50
17 27 135
17 30 11
17 31 96
17 35 142
17 45 47
18 19 91
18 29 75
18 31 60
18 35 149
18 38 89
18 40 34
18 48 74
19 24 26
19 25 140
19 33 54
19 39 138
19 41 49
19 46 33
20 39 50
20 21 92
20 25 23
21 36 125
21 49 149
21 26 117
22 43 148
22 46 52
22 26 133
22 28 50
23 28 82
24 32 59
24 35 58
24 45 151
24 30 57
25 38 32
25 40 96
25 42 56
26 38 115
27 45 70
27 48 78
28 33 119
28 49 34
28 47 76
29 42 114
29 43 96
30 33 11
30 47 120
31 36 150
31 41 120
32 37 79
32 38 122
32 44 56
33 46 153
34 35 80
34 37 109
35 39 67
35 41 52
35 48 90
36 42 95
37 38 127
38 48 136
39 46 55
40 41 97
40 46 130
41 45 101
42 45 68
43 45 40
44 100002 1450
44 48 103
45 100003 1450
45 100002 1450
46 100003 1450
47 100000 1450
47 100001 1450
47 100004 1450
48 100000 1450
48 100001 1450
48 100002 1450
49 100001 1450
49 100003 1450
-2 1 1450
-2 4 1450
-5 2 1450
-5 5 1450
-4 2 1450
-4 3 1450
-4 4 1450
-3 3 1450
-3 5 1450
-1 0 1450
-1 2 1450
-1 5 1450
