0 1 155
0 34 101
0 3 96
0 36 98
0 5 44
0 38 21
0 39 35
0 42 42
0 13 94
0 15 47
0 16 23
0 49 141
0 25 136
0 33 123
0 27 132
1 32 115
1 35 79
1 4 103
1 41 94
1 12 148
1 46 21
1 47 124
1 48 135
1 17 46
1 19 100
1 14 69
1 24 96
1 25 91
1 29 49
2 33 114
2 35 93
2 36 71
2 37 61
2 8 101
2 47 48
2 10 55
2 11 134
2 13 74
2 15 116
2 21 101
2 9 28
2 31 16
2 28 24
2 5 62
3 32 88
3 35 146
3 6 65
3 7 32
3 12 76
3 45 147
3 14 10
3 16 96
3 18 58
3 23 13
3 25 140
3 28 115
3 29 62
3 31 117
4 33 56
4 5 23
4 6 22
4 9 149
4 10 19
4 43 45
4 45 116
4 15 117
4 16 82
4 17 155
4 20 12
4 22 151
4 23 45
4 25 58
5 6 127
5 9 70
5 42 93
5 45 139
5 46 83
5 47 104
5 49 27
5 19 18
5 24 27
5 36 30
5 28 154
5 30 23
6 7 35
6 40 31
6 43 141
6 12 96
6 14 140
6 27 100
6 8 79
6 46 138
6 25 54
6 31 64
6 30 97
6 37 10
7 36 28
7 9 68
7 44 13
7 17 81
7 18 50
7 35 85
7 20 121
7 21 56
7 23 18
7 24 152
7 26 81
7 29 29
7 30 98
8 33 83
8 39 82
8 41 77
8 10 12
8 44 21
8 12 26
8 49 30
8 18 92
8 9 54
8 23 45
8 24 119
8 25 15
8 31 118
9 32 154
9 34 66
9 41 134
9 11 149
9 12 61
9 13 67
9 14 34
9 19 64
9 21 70
9 39 14
10 34 90
10 27 32
10 37 72
10 38 116
10 40 41
10 44 144
10 14 155
10 15 81
10 18 54
10 19 66
10 21 106
10 47 113
11 48 93
11 34 13
11 37 105
11 38 155
11 12 79
11 13 56
11 14 52
11 16 149
11 17 110
11 18 61
11 20 19
11 25 103
11 30 89
12 32 151
12 34 136
12 43 86
12 44 93
12 13 91
12 14 111
12 17 78
12 46 129
12 31 117
13 48 147
13 43 37
13 47 101
13 16 142
13 19 51
13 22 144
13 25 16
13 27 53
13 28 93
13 30 32
14 34 137
14 36 36
14 15 69
14 48 154
14 17 71
14 24 33
14 28 140
14 29 57
15 33 103
15 38 82
15 40 148
15 41 114
15 43 62
15 34 140
15 46 87
15 20 30
15 26 58
15 31 103
16 37 53
16 42 72
16 46 37
16 45 151
16 48 19
16 43 80
16 19 45
16 20 68
16 21 133
16 26 58
17 34 57
17 38 155
17 44 81
17 45 58
17 22 40
17 25 83
17 26 88
17 27 20
17 31 64
18 37 30
18 38 102
18 39 109
18 44 137
18 48 83
18 49 47
18 21 28
18 23 15
18 28 76
18 42 146
19 32 69
19 39 136
19 42 55
19 43 117
19 46 134
19 23 120
19 24 84
19 25 16
19 26 79
20 33 93
20 35 98
20 36 143
20 38 154
20 39 142
20 26 65
20 47 72
20 31 130
21 32 104
21 37 85
21 47 89
21 22 81
21 41 97
21 29 140
21 31 107
22 37 117
22 38 32
22 39 63
22 40 17
22 41 132
22 44 39
22 46 68
22 23 50
22 30 89
23 32 91
23 36 73
23 37 138
23 46 121
23 28 100
23 29 129
24 36 154
24 38 110
24 39 19
24 40 59
24 26 51
24 29 120
24 30 44
25 34 82
25 45 147
25 27 117
26 40 18
26 42 23
26 46 125
26 48 128
26 27 126
26 29 155
27 32 68
27 35 121
27 41 15
27 45 134
27 47 111
27 49 120
28 32 155
28 35 120
28 40 80
28 45 48
28 47 27
28 48 24
29 37 71
29 38 122
29 45 29
29 48 106
29 30 135
30 36 76
30 41 121
30 46 33
30 47 152
30 49 122
31 36 130
31 37 150
31 47 40
31 49 74
32 35 45
32 38 97
32 43 31
32 49 63
33 35 33
33 37 83
33 41 104
33 44 54
33 45 148
33 46 106
33 49 66
34 39 111
34 40 71
34 41 116
34 42 145
35 42 131
35 43 60
35 44 59
35 49 147
36 39 39
36 40 106
36 48 73
37 46 39
38 40 123
38 44 46
39 42 41
39 49 52
39 41 152
40 41 154
40 42 39
40 45 21
41 43 55
42 47 144
42 48 97
42 49 33
43 44 45
43 48 31
43 47 85
44 100004 1450
44 45 52
44 48 64
45 100000 1450
45 100002 1450
45 49 89
45 100003 1450
46 100000 1450
46 100003 1450
46 100001 1450
47 100003 1450
47 100004 1450
47 100002 1450
48 100002 1450
48 100001 1450
49 100004 1450
49 100001 1450
-2 1 1450
-2 3 1450
-2 5 1450
-5 1 1450
-5 3 1450
-5 4 1450
-4 0 1450
-4 1 1450
-4 5 1450
-3 1 1450
-3 2 1450
-3 3 1450
-1 0 1450
-1 2 1450
-1 5 1450
