0 1 18
0 2 78
0 3 30
0 4 80
0 5 60
0 6 47
0 7 12
0 8 51
0 9 32
0 10 142
0 11 106
0 12 80
0 13 149
0 14 62
0 15 117
0 16 113
0 17 111
0 18 86
0 19 107
0 37 98
0 39 24
0 44 121
0 47 154
0 49 98
1 2 100
1 3 133
1 4 33
1 5 124
1 6 80
1 7 105
1 8 49
1 9 81
1 10 148
1 11 24
1 12 108
1 13 103
1 14 19
1 15 29
1 16 146
1 17 129
1 18 114
1 19 45
1 23 64
1 42 73
1 45 108
1 46 83
1 49 12
2 3 14
2 4 50
2 5 24
2 6 60
2 7 75
2 8 31
2 9 110
2 10 153
2 11 83
2 12 101
2 13 113
2 14 42
2 15 14
2 16 51
2 17 113
2 18 75
2 19 54
2 24 147
2 27 47
2 34 144
2 45 89
2 46 103
3 4 76
3 5 150
3 6 123
3 7 132
3 8 93
3 9 152
3 10 109
3 11 14
3 12 14
3 14 110
3 15 41
3 16 111
3 17 98
3 18 121
3 19 43
3 20 110
3 29 10
3 30 13
3 31 110
3 36 58
3 46 142
4 5 155
4 6 149
4 7 72
4 8 100
4 9 56
4 10 87
4 11 31
4 13 16
4 14 119
4 15 57
4 16 108
4 17 129
4 18 150
4 19 86
4 24 58
4 26 14
4 29 10
4 32 22
4 41 88
4 44 59
5 6 145
5 7 132
5 8 46
5 9 77
5 10 151
5 11 133
5 12 92
5 13 62
5 14 129
5 15 136
5 16 85
5 17 134
5 18 119
5 19 48
5 33 56
5 34 57
5 37 122
5 40 64
5 47 32
6 8 37
6 9 64
6 10 145
6 11 146
6 12 103
6 13 32
6 14 145
6 15 104
6 16 42
6 17 120
6 18 154
6 19 31
6 24 19
6 26 58
6 35 58
6 46 139
6 48 81
6 49 25
7 8 116
7 9 137
7 10 41
7 11 117
7 12 130
7 13 68
7 14 31
7 15 113
7 16 34
7 17 60
7 18 31
7 19 86
7 25 137
7 32 84
7 34 87
7 36 20
7 42 108
7 47 144
8 9 33
8 10 113
8 11 53
8 12 60
8 13 29
8 14 96
8 15 146
8 16 144
8 17 14
8 18 126
8 19 62
8 20 55
8 24 74
8 30 132
8 32 37
8 42 116
9 10 100
9 11 147
9 12 16
9 14 80
9 15 17
9 16 86
9 17 51
9 18 13
9 19 139
9 21 114
9 29 45
9 36 120
9 37 128
9 38 50
9 41 10
10 11 10
10 12 66
10 13 84
10 14 112
10 15 27
10 16 115
10 17 135
10 18 119
10 19 15
10 22 117
10 23 109
10 27 13
10 35 122
10 47 109
11 12 32
11 13 110
11 14 62
11 15 69
11 17 90
11 18 149
11 19 41
11 20 142
11 35 120
11 37 82
11 42 10
11 43 123
11 48 149
12 13 73
12 14 65
12 15 68
12 16 112
12 17 151
12 19 106
12 26 144
12 27 133
12 31 127
12 39 126
12 40 112
12 44 65
12 48 46
13 14 89
13 15 115
13 17 134
13 18 28
13 19 26
13 20 139
13 21 129
13 22 43
13 23 146
13 34 144
13 39 154
13 43 60
13 46 80
14 15 116
14 16 70
14 17 129
14 18 94
14 19 151
14 30 84
14 31 24
14 40 46
14 47 81
14 48 49
15 16 86
15 17 75
15 18 141
15 19 18
15 23 36
15 31 135
15 33 41
15 35 32
15 49 127
16 17 25
16 18 51
16 19 149
16 25 13
16 26 143
16 27 92
16 36 29
16 41 76
16 44 154
16 49 22
17 18 71
17 19 37
17 26 77
17 34 150
17 40 123
17 44 87
17 48 59
18 19 86
18 22 111
18 25 129
18 29 116
18 37 117
18 40 110
18 47 83
19 21 127
19 32 81
19 40 79
19 41 148
19 43 145
20 44 38
20 23 17
21 34 21
21 39 36
21 42 129
22 45 25
22 25 137
22 29 70
23 39 100
24 41 153
24 28 11
25 49 135
25 28 90
26 27 154
27 43 151
28 33 70
28 38 76
28 45 98
28 31 124
29 38 135
30 37 56
30 45 70
30 35 76
31 32 109
32 38 67
33 36 76
33 43 16
33 48 146
34 38 74
35 45 49
36 42 29
37 40 106
38 39 81
38 43 48
39 48 14
40 45 34
41 46 137
42 48 151
43 46 154
44 100002 1450
44 100004 1450
45 100000 1450
45 100001 1450
46 100004 1450
47 100000 1450
47 100003 1450
48 100000 1450
48 100003 1450
48 100001 1450
49 100004 1450
-2 0 1450
-2 3 1450
-2 4 1450
-5 0 1450
-5 2 1450
-4 2 1450
-4 3 1450
-4 4 1450
-3 2 1450
-3 3 1450
-3 4 1450
-1 0 1450
-1 3 1450
-1 5 1450
