0 1 35
0 2 118
0 11 100
0 5 20
0 6 131
0 7 124
0 8 23
0 12 91
0 42 57
0 43 75
0 44 45
0 13 49
0 14 119
0 15 116
0 16 127
0 18 96
0 9 73
0 21 77
0 23 146
0 24 47
0 28 134
1 32 40
1 2 22
1 35 43
1 4 133
1 6 89
1 7 110
1 8 54
1 9 75
1 10 77
1 11 84
1 14 24
1 15 102
1 16 152
1 18 86
1 19 130
1 20 29
1 21 73
1 24 93
1 36 47
1 26 147
2 33 16
2 3 87
2 4 150
2 6 127
2 38 46
2 9 88
2 42 53
2 11 71
2 12 98
2 14 121
2 15 112
2 16 42
2 17 103
2 18 64
2 19 23
2 23 75
2 25 135
2 10 104
2 5 61
3 48 45
3 11 126
3 36 56
3 5 145
3 38 68
3 7 35
3 8 111
3 43 111
3 12 25
3 46 63
3 47 108
3 16 88
3 17 139
3 18 155
3 19 122
3 20 123
3 22 90
3 4 58
3 6 11
3 27 133
4 5 96
4 6 14
4 8 68
4 9 96
4 10 43
4 11 142
4 12 127
4 13 73
4 14 87
4 15 40
4 48 54
4 17 108
4 18 83
4 19 104
4 34 16
4 23 72
4 27 113
4 16 144
5 32 136
5 6 127
5 39 66
5 40 64
5 9 39
5 11 72
5 44 67
5 13 107
5 12 117
5 15 24
5 16 141
5 17 18
5 18 142
5 21 137
5 22 59
5 7 49
5 31 51
6 17 144
6 39 80
6 9 35
6 10 44
6 7 106
6 12 136
6 13 123
6 15 60
6 11 64
6 43 117
6 19 56
6 21 88
6 26 79
6 42 11
6 30 33
7 19 27
7 16 84
7 39 49
7 8 88
7 9 150
7 10 35
7 11 109
7 44 139
7 14 63
7 15 34
7 48 134
7 17 83
7 35 136
7 27 145
7 28 99
7 29 91
8 34 149
8 36 153
8 37 45
8 39 148
8 10 21
8 12 88
8 45 18
8 47 59
8 48 145
8 17 140
8 20 115
8 21 46
8 25 96
8 26 95
8 29 52
8 31 121
9 34 121
9 37 86
9 40 29
9 10 89
9 11 54
9 12 107
9 13 84
9 17 64
9 18 54
9 19 27
9 24 31
9 15 115
9 29 87
9 30 124
10 35 134
10 37 49
10 44 93
10 12 47
10 15 48
10 16 105
10 17 80
10 18 46
10 19 148
10 20 43
10 21 87
10 22 40
10 24 86
10 29 123
11 33 92
11 37 65
11 41 13
11 12 79
11 13 109
11 14 10
11 15 53
11 16 70
11 17 78
11 18 22
11 19 38
11 24 87
12 16 104
12 36 14
12 40 45
12 43 72
12 14 86
12 17 34
12 19 48
12 25 58
12 26 107
12 28 142
12 31 32
13 32 26
13 34 132
13 43 55
13 39 122
13 46 85
13 15 71
13 16 88
13 17 23
13 18 76
13 35 73
13 23 64
13 25 47
13 26 42
13 47 68
13 28 139
14 34 34
14 43 112
14 41 37
14 44 63
14 15 52
14 16 108
14 17 29
14 19 122
14 21 26
14 22 32
14 23 150
14 26 151
14 27 80
14 28 131
15 33 36
15 43 22
15 44 35
15 45 129
15 48 72
15 17 27
15 18 133
15 19 53
15 27 36
16 38 145
16 41 106
16 44 92
16 45 95
16 17 81
16 18 13
16 19 32
16 29 151
16 31 102
17 34 96
17 42 84
17 44 100
17 48 40
17 19 155
17 20 119
18 37 101
18 38 12
18 39 59
18 40 62
18 42 136
18 43 12
18 45 146
18 49 69
18 19 34
19 42 44
19 47 89
19 48 132
19 49 52
19 29 154
19 30 137
20 33 23
20 24 71
20 27 64
20 30 78
21 40 74
21 25 138
22 33 127
22 39 115
22 40 118
22 49 94
22 28 40
23 34 41
23 45 133
23 25 40
23 28 128
24 32 96
24 42 46
24 31 149
25 38 113
25 47 32
25 40 66
26 33 52
26 41 51
26 48 82
27 32 70
27 39 84
27 28 32
28 38 142
29 33 15
29 46 61
29 49 135
30 34 97
30 37 94
30 40 102
30 49 103
30 41 21
31 35 55
31 42 38
31 45 127
31 46 56
32 35 153
32 33 119
32 41 149
32 46 37
33 35 113
34 45 102
35 46 76
35 47 73
36 41 38
36 42 89
36 44 26
36 45 18
36 47 127
37 40 120
37 49 62
37 41 15
38 45 81
38 46 32
38 47 121
39 46 152
40 44 100
41 47 54
42 43 56
43 49 19
44 47 42
45 100003 1450
45 100002 1450
46 100000 1450
46 100004 1450
46 49 79
46 100001 1450
47 100000 1450
47 100002 1450
48 100001 1450
48 100002 1450
48 100003 1450
48 49 75
49 100000 1450
49 100004 1450
-2 0 1450
-2 1 1450
-2 3 1450
-5 1 1450
-5 2 1450
-5 3 1450
-4 0 1450
-4 1 1450
-4 3 1450
-3 0 1450
-3 1 1450
-3 3 1450
-1 0 1450
-1 4 1450
-1 5 1450
