0 1 116
0 6 82
0 38 146
0 39 48
0 41 105
0 10 68
0 43 148
0 14 89
0 48 147
0 21 51
0 46 105
0 26 143
1 32 123
1 3 132
1 5 148
1 38 20
1 39 24
1 40 21
1 9 74
1 42 51
1 14 64
1 37 97
1 31 54
2 32 118
2 33 92
2 4 19
2 5 64
2 38 34
2 12 122
2 44 149
2 16 106
2 49 39
2 23 29
2 25 118
2 30 77
3 38 102
3 12 136
3 46 135
3 48 39
3 17 45
3 18 127
3 19 73
3 21 95
3 24 41
3 27 134
3 29 23
4 16 67
4 2 53
4 38 139
4 7 41
4 8 60
4 10 71
4 46 102
4 47 99
4 48 86
4 17 153
4 19 146
4 15 63
5 37 43
5 40 83
5 41 143
5 43 153
5 12 41
5 45 76
5 46 26
5 47 48
5 21 38
5 28 66
6 35 93
6 37 142
6 38 53
6 41 35
6 42 36
6 11 99
6 47 29
6 48 121
6 22 23
6 23 23
6 31 48
7 49 34
7 38 123
7 39 115
7 40 101
7 42 36
7 11 55
7 14 152
7 15 83
7 17 87
7 19 66
7 25 56
8 39 115
8 41 107
8 10 17
8 11 30
8 44 145
8 45 51
8 15 118
8 48 132
8 20 95
8 26 35
8 30 21
9 36 73
9 41 77
9 10 48
9 13 46
9 16 103
9 17 47
9 22 129
9 24 29
9 25 105
9 26 77
9 27 21
10 32 80
10 37 147
10 17 150
10 24 69
10 25 141
10 28 142
10 29 57
10 36 14
11 33 84
11 36 29
11 13 65
11 45 86
11 40 123
11 18 37
11 21 65
11 23 27
11 29 134
12 32 16
12 41 150
12 43 30
12 13 135
12 35 153
12 21 47
12 22 104
12 37 88
12 31 145
13 32 144
13 35 47
13 40 137
13 44 87
13 49 61
13 20 63
13 43 44
13 41 110
13 28 51
14 32 77
14 38 81
14 42 144
14 45 112
14 49 14
14 20 22
14 22 17
14 24 69
14 25 83
15 33 31
15 35 110
15 37 97
15 46 46
15 48 126
15 19 100
15 20 51
15 29 16
15 30 49
16 35 52
16 37 74
16 40 116
16 41 115
16 42 91
16 49 119
16 23 123
16 26 94
16 27 65
17 45 28
17 48 128
17 19 60
17 20 36
17 21 70
17 22 107
17 27 149
18 32 67
18 34 57
18 48 17
18 20 89
18 22 38
18 26 106
18 27 54
18 28 120
18 29 129
18 30 144
19 34 92
19 47 32
19 20 138
19 21 23
19 24 82
19 26 146
19 29 127
20 36 131
20 49 148
20 42 78
20 43 103
20 21 111
20 23 116
20 25 25
20 30 21
20 31 46
21 35 137
21 36 85
21 37 123
21 42 16
21 45 43
21 46 118
21 23 70
21 26 120
22 33 122
22 35 132
22 37 14
22 40 87
22 41 96
22 45 49
22 24 11
22 26 82
22 27 14
22 29 116
23 34 76
23 38 148
23 39 124
23 45 144
23 47 73
23 25 124
23 26 49
23 28 18
23 30 105
23 31 118
24 34 86
24 38 72
24 39 10
24 44 58
24 45 119
24 29 42
24 49 116
24 28 131
24 42 92
24 30 138
25 33 125
25 34 76
25 40 74
25 41 48
25 44 101
25 27 47
25 29 76
25 30 41
25 31 35
26 48 11
26 34 132
26 39 11
26 41 48
26 43 95
26 40 131
26 27 135
27 34 40
27 38 134
27 39 48
27 45 66
27 46 137
27 28 136
27 29 110
27 31 76
28 32 10
28 33 89
28 36 64
28 39 43
28 40 12
28 47 147
28 49 110
28 30 116
28 37 41
29 36 14
29 39 99
29 44 35
29 48 125
29 42 110
29 30 63
30 36 18
30 37 86
30 41 142
30 43 65
30 44 30
30 40 73
31 32 139
31 35 83
31 33 21
31 42 16
31 43 110
31 44 56
31 45 28
31 47 80
31 41 51
32 34 11
32 35 100
32 37 13
32 33 79
32 43 90
32 47 97
32 39 24
33 37 25
33 41 63
33 43 111
33 44 20
33 46 115
33 48 134
33 49 111
33 47 64
34 35 71
34 39 140
34 43 116
34 44 91
34 46 52
34 47 146
34 48 82
34 49 89
35 36 24
35 38 149
35 44 61
35 45 132
35 41 141
35 47 85
36 38 99
36 40 99
36 44 101
36 46 66
36 47 73
36 48 51
36 42 58
37 48 58
37 42 123
37 44 12
38 40 28
38 41 95
38 39 49
39 43 20
39 46 130
39 49 143
40 42 111
40 43 117
40 46 43
41 45 82
42 44 66
42 49 133
42 46 137
43 44 137
43 47 96
43 49 104
44 100001 1450
44 47 43
44 100003 1450
44 100002 1450
45 46 140
45 47 150
45 48 15
45 49 30
46 100000 1450
46 100003 1450
46 100004 1450
46 49 20
46 100002 1450
46 47 33
47 100004 1450
47 100002 1450
48 49 41
48 100000 1450
49 100000 1450
49 100003 1450
49 100004 1450
49 100001 1450
-2 0 1450
-2 1 1450
-2 5 1450
-5 3 1450
-5 4 1450
-4 0 1450
-4 3 1450
-3 1 1450
-3 2 1450
-1 2 1450
