0 33 133
0 2 74
0 54 108
0 7 29
0 9 16
0 10 64
0 11 67
0 12 80
0 18 34
0 15 28
0 50 20
0 22 34
0 23 57
0 24 88
0 26 54
0 27 66
0 29 115
1 48 139
1 2 49
1 4 54
1 5 120
1 8 138
1 15 83
1 42 52
1 11 102
1 46 15
1 47 113
1 16 71
1 40 75
1 18 122
1 51 45
1 53 32
1 26 135
1 59 82
2 3 74
2 36 69
2 5 147
2 7 14
2 8 120
2 42 79
2 43 88
2 12 153
2 14 18
2 48 40
2 17 51
2 50 54
2 51 59
2 26 144
2 27 80
3 33 131
3 54 137
3 9 105
3 43 60
3 12 129
3 45 47
3 14 116
3 47 118
3 18 43
3 46 77
3 22 101
3 26 30
3 29 106
3 13 148
3 30 49
3 31 85
4 54 67
4 6 25
4 39 80
4 40 123
4 47 80
4 10 131
4 11 109
4 8 140
4 13 46
4 15 49
4 45 26
4 48 125
4 17 29
4 20 42
4 22 108
4 27 140
4 5 71
5 32 32
5 35 133
5 10 145
5 43 97
5 13 122
5 46 14
5 15 135
5 48 98
5 18 15
5 14 110
5 24 27
5 27 117
5 42 143
5 31 78
6 35 154
6 37 150
6 38 51
6 39 84
6 41 142
6 11 14
6 44 112
6 13 123
6 46 62
6 17 50
6 18 69
6 14 102
6 24 106
6 57 96
6 26 96
6 27 11
6 30 37
7 33 105
7 27 111
7 44 133
7 45 32
7 46 24
7 47 100
7 17 88
7 20 135
7 21 112
7 25 72
7 58 139
7 59 113
7 28 89
7 29 102
7 31 62
8 32 42
8 34 24
8 37 97
8 39 85
8 42 60
8 12 30
8 13 60
8 46 102
8 15 24
8 16 116
8 51 14
8 53 54
8 25 68
8 29 52
9 35 126
9 41 116
9 44 122
9 18 155
9 14 154
9 47 36
9 49 15
9 50 134
9 51 154
9 46 49
9 22 89
9 23 92
9 26 116
9 29 19
9 30 17
10 33 37
10 19 153
10 32 61
10 42 25
10 16 10
10 18 98
10 51 96
10 52 45
10 21 120
10 54 79
10 23 136
10 24 104
10 58 65
10 27 105
11 33 52
11 38 30
11 48 144
11 42 81
11 44 116
11 45 41
11 15 15
11 16 91
11 18 131
11 19 76
11 20 81
11 58 75
11 59 38
12 37 146
12 49 102
12 41 23
12 43 138
12 15 118
12 17 150
12 50 120
12 51 109
12 52 100
12 23 69
12 25 35
12 26 30
12 28 112
13 40 101
13 42 111
13 47 14
13 48 123
13 51 44
13 20 32
13 56 153
13 25 116
13 26 50
13 59 11
13 28 72
13 30 90
14 33 95
14 36 87
14 42 61
14 44 92
14 45 88
14 46 77
14 48 57
14 24 139
14 52 26
14 53 66
14 56 143
14 28 27
15 39 121
15 44 141
15 43 52
15 46 127
15 48 44
15 18 18
15 35 81
15 22 33
15 59 46
15 29 16
16 19 18
16 43 70
16 47 48
16 45 40
16 59 25
16 17 137
16 50 105
16 51 40
16 22 16
16 23 64
16 26 45
16 27 128
16 29 70
17 32 26
17 35 145
17 40 93
17 42 81
17 39 93
17 45 40
17 52 70
17 53 74
17 54 64
17 55 154
17 24 29
18 36 32
18 38 25
18 29 123
18 48 109
18 49 76
18 23 141
18 25 139
18 42 12
19 59 49
19 36 147
19 38 48
19 43 56
19 45 134
19 48 108
19 56 127
19 50 99
19 35 69
19 53 55
19 24 128
19 27 83
19 42 93
19 21 57
20 33 126
20 34 148
20 41 150
20 53 153
20 54 142
20 57 95
20 59 71
20 28 35
20 31 100
21 32 86
21 33 145
21 34 74
21 54 133
21 40 60
21 39 113
21 22 151
21 55 113
21 56 31
21 57 116
22 37 141
22 25 111
22 58 97
22 28 38
22 29 147
22 30 93
23 39 107
23 44 69
23 42 68
23 46 78
23 47 74
23 49 44
23 53 15
24 33 50
24 34 62
24 35 153
24 36 42
24 55 151
24 30 147
25 33 125
25 34 44
25 50 144
25 36 96
25 43 66
25 54 133
25 31 45
26 45 111
26 47 149
26 53 133
26 30 66
27 41 72
27 54 15
27 57 108
27 37 22
28 34 108
28 39 150
28 41 122
28 47 120
28 45 114
28 57 98
28 52 149
29 50 63
29 53 60
29 55 20
29 57 22
30 37 113
30 41 125
30 45 136
30 55 13
30 59 39
30 31 14
31 36 14
31 40 65
31 44 127
31 46 130
31 53 102
31 54 32
31 58 35
32 43 73
32 52 46
32 55 28
32 56 48
32 57 113
32 58 80
32 59 86
32 37 96
33 49 92
33 50 113
33 56 36
34 39 105
34 41 98
34 43 108
34 40 81
34 50 90
34 55 74
34 59 136
35 38 154
35 40 93
35 43 65
35 46 70
35 48 44
35 56 129
36 50 34
36 49 92
36 56 83
36 54 56
36 57 109
36 58 139
37 59 38
37 47 43
37 52 17
37 54 130
37 55 43
37 58 149
38 40 92
38 45 127
38 49 116
38 53 77
38 55 132
38 56 47
38 57 50
38 58 139
39 41 139
39 44 56
39 47 38
39 40 10
40 52 114
40 55 151
40 57 68
41 51 78
41 52 119
41 53 92
41 57 15
42 45 26
43 49 51
43 56 53
44 49 110
44 51 45
44 52 113
44 56 84
45 54 144
46 48 20
47 57 104
48 52 51
49 51 33
49 54 23
49 57 108
49 58 132
50 53 131
50 58 67
51 58 16
51 59 38
52 55 79
52 56 106
53 58 103
54 100000 1450
54 100003 1450
55 100000 1450
55 100004 1450
55 100002 1450
55 56 155
55 58 66
56 100002 1450
56 100004 1450
56 100003 1450
57 100000 1450
58 100001 1450
58 100002 1450
58 100003 1450
59 100004 1450
59 100001 1450
-2 0 1450
-2 2 1450
-2 3 1450
-5 0 1450
-5 2 1450
-5 4 1450
-4 1 1450
-4 3 1450
-3 0 1450
-3 2 1450
-3 3 1450
-1 0 1450
-1 1 1450
-1 2 1450
