0 33 33
0 36 20
0 5 143
0 1 75
0 8 93
0 9 43
0 10 20
0 12 49
0 13 36
0 44 117
0 18 134
0 51 136
0 20 17
0 55 141
0 24 110
0 37 82
1 34 21
1 4 92
1 38 27
1 7 27
1 9 110
1 10 56
1 12 105
1 13 85
1 47 30
1 17 69
1 52 142
1 55 128
1 25 72
1 15 143
1 28 119
2 48 139
2 17 126
2 6 111
2 7 80
2 41 137
2 11 15
2 50 125
2 14 65
2 15 76
2 16 138
2 49 46
2 18 70
2 53 35
2 23 153
2 29 21
2 30 76
3 34 97
3 36 139
3 40 142
3 41 58
3 10 149
3 13 23
3 14 53
3 15 24
3 18 107
3 52 86
3 23 109
3 56 71
3 58 13
3 59 118
3 28 28
3 26 63
4 17 136
4 5 113
4 38 78
4 7 149
4 42 22
4 11 37
4 12 93
4 16 24
4 49 78
4 19 19
4 20 137
4 56 112
4 6 82
4 59 125
4 10 53
5 33 111
5 34 150
5 50 74
5 4 130
5 6 64
5 40 122
5 9 32
5 11 82
5 12 58
5 45 17
5 14 50
5 15 71
5 18 90
5 19 140
5 27 42
6 33 119
6 2 152
6 35 11
6 4 97
6 5 82
6 39 89
6 12 25
6 18 11
6 14 63
6 17 102
6 50 129
6 19 49
6 53 94
6 58 103
6 30 10
6 21 22
7 32 154
7 33 153
7 2 132
7 4 134
7 17 144
7 40 102
7 41 88
7 10 75
7 13 79
7 16 54
7 8 145
7 18 74
7 19 65
7 52 121
7 1 75
7 54 116
8 35 59
8 36 61
8 7 43
8 40 89
8 10 91
8 11 131
8 12 34
8 13 154
8 49 108
8 18 27
8 19 88
8 54 100
8 24 135
8 58 29
8 26 135
9 37 38
9 40 124
9 11 53
9 13 84
9 14 77
9 47 88
9 16 66
9 17 142
9 18 19
9 21 130
9 58 26
9 28 143
9 30 73
9 5 76
10 1 106
10 3 36
10 4 44
10 7 143
10 8 39
10 43 20
10 14 121
10 11 137
10 50 22
10 19 115
10 20 94
10 22 99
10 23 129
10 26 30
10 30 137
11 16 132
11 2 84
11 35 44
11 4 149
11 5 37
11 39 73
11 8 89
11 9 131
11 42 75
11 13 103
11 48 144
11 49 44
11 10 93
11 52 154
11 17 20
11 29 11
12 4 121
12 5 25
12 6 44
12 8 120
12 43 152
12 46 100
12 15 54
12 17 67
12 19 45
12 54 31
12 23 117
12 25 36
12 47 30
12 55 97
13 1 62
13 3 55
13 7 87
13 8 149
13 9 132
13 11 66
13 44 93
13 15 10
13 17 98
13 19 30
13 20 102
13 53 67
13 57 31
13 26 32
13 31 103
14 2 92
14 3 62
14 37 66
14 6 155
14 17 44
14 9 11
14 10 66
14 15 97
14 16 28
14 49 92
14 18 95
14 19 64
14 21 81
14 22 26
14 25 132
14 5 22
15 2 130
15 3 31
15 37 90
15 38 131
15 12 20
15 45 21
15 14 10
15 13 14
15 49 52
15 51 88
15 26 98
15 59 50
15 5 152
15 29 73
15 31 44
16 32 127
16 2 69
16 34 155
16 4 60
16 7 90
16 40 118
16 9 152
16 42 74
16 11 137
16 45 27
16 14 41
16 18 106
16 53 63
16 23 66
16 56 50
16 31 96
17 33 151
17 2 140
17 11 112
17 4 45
17 6 123
17 1 123
17 41 69
17 23 140
17 12 149
17 13 37
17 14 96
17 9 11
17 21 82
17 55 53
17 7 13
17 25 46
18 0 138
18 2 141
18 3 87
18 5 133
18 38 40
18 7 119
18 8 25
18 9 16
18 42 128
18 46 58
18 16 112
18 19 30
18 20 75
18 14 127
18 52 146
18 6 102
19 36 95
19 5 142
19 6 129
19 7 50
19 8 56
19 41 34
19 10 63
19 12 27
19 13 61
19 14 59
19 18 30
19 53 68
19 57 17
19 27 100
19 42 98
19 4 66
20 0 29
20 4 59
20 37 90
20 10 59
20 43 120
20 13 57
20 18 115
20 30 54
21 6 112
21 39 110
21 9 79
21 45 106
21 14 117
21 17 87
21 54 112
21 56 150
22 10 151
22 14 90
22 54 16
22 23 24
22 24 149
22 28 146
22 29 32
22 30 95
23 2 38
23 3 17
23 10 36
23 12 151
23 16 53
23 17 86
23 22 154
23 24 65
24 0 38
24 8 79
24 43 90
24 47 50
24 22 45
24 23 152
24 27 143
24 28 52
25 12 50
25 41 57
25 44 104
25 14 56
25 17 101
25 59 116
25 28 95
26 32 138
26 3 25
26 38 69
26 8 79
26 10 133
26 13 131
26 15 51
26 31 72
27 32 107
27 5 102
27 43 146
27 48 121
27 19 61
27 24 126
27 59 137
27 29 70
28 1 62
28 3 52
28 9 42
28 45 153
28 52 111
28 22 65
28 24 125
28 25 142
29 2 29
29 42 24
29 11 19
29 15 123
29 22 46
29 57 56
29 27 15
29 30 60
30 2 137
30 35 79
30 6 53
30 9 126
30 10 41
30 20 11
30 22 32
30 29 73
31 36 44
31 38 79
31 39 95
31 13 55
31 15 58
31 16 75
31 54 127
31 26 77
32 34 55
32 7 118
32 42 25
32 48 133
32 51 43
32 26 32
32 27 112
33 35 42
33 5 120
33 6 145
33 7 125
33 44 131
33 17 123
33 57 117
34 39 105
34 44 97
34 16 89
34 51 124
35 48 115
35 56 134
35 57 56
35 30 114
36 43 32
36 19 124
36 58 98
36 59 152
36 31 146
37 46 94
37 15 23
37 50 86
37 20 67
37 14 140
37 57 86
38 4 117
38 50 41
38 15 133
38 18 22
38 52 154
38 26 24
38 31 104
39 46 89
39 51 104
39 21 101
39 55 75
39 31 10
40 3 29
40 5 103
40 7 76
40 8 143
40 9 42
40 16 29
40 55 46
40 56 143
41 3 74
41 7 51
41 46 30
41 47 98
41 17 109
41 19 99
41 25 145
42 32 132
42 4 103
42 11 110
42 16 22
42 18 74
42 19 94
42 54 143
42 29 122
43 10 133
43 12 140
43 48 85
43 20 97
43 24 58
43 57 67
43 27 145
44 34 80
44 45 83
44 46 111
44 13 33
44 56 115
44 25 96
45 46 79
45 47 148
45 16 70
45 21 112
45 15 124
45 28 31
46 47 64
46 18 73
46 41 115
47 50 52
47 9 63
47 24 113
48 53 88
48 58 131
48 27 67
49 8 39
49 11 55
49 14 79
49 15 141
49 50 123
49 58 28
50 57 67
51 34 134
51 39 76
51 15 26
51 53 96
51 57 68
51 59 122
52 3 116
52 38 121
52 7 124
52 11 24
52 18 125
52 53 75
52 28 36
53 58 23
54 100001 1450
54 100002 1450
54 100003 1450
54 100004 1450
54 8 32
54 42 146
54 12 90
54 21 59
54 22 46
54 58 89
54 31 67
55 1 97
55 100002 1450
55 39 103
55 40 132
55 12 42
55 17 42
55 56 97
55 59 40
56 100000 1450
56 100002 1450
56 35 51
56 4 50
56 40 99
56 100003 1450
56 44 65
56 16 154
56 3 112
56 21 47
56 55 92
57 100000 1450
57 33 15
57 35 68
57 100004 1450
57 37 133
57 51 93
57 100001 1450
57 43 37
57 13 65
57 19 147
57 29 154
58 59 30
-2 0 1450
-2 2 1450
-5 3 1450
-5 4 1450
-5 5 1450
-4 1 1450
-4 2 1450
-4 3 1450
-3 1 1450
-3 3 1450
-3 5 1450
-1 0 1450
-1 1 1450
-1 3 1450
