0 32 149
0 33 89
0 6 24
0 39 12
0 9 22
0 7 85
0 17 113
0 19 11
0 25 33
0 26 70
0 31 121
1 32 12
1 33 128
1 34 106
1 35 55
1 36 82
1 7 150
1 15 44
1 17 60
1 21 143
1 4 76
1 29 97
2 3 131
2 5 131
2 16 140
2 18 23
2 20 33
2 21 33
2 23 66
2 25 145
2 27 108
2 29 119
2 37 122
3 33 122
3 34 147
3 39 134
3 8 58
3 2 32
3 17 100
3 20 139
3 23 136
3 27 36
3 28 128
3 31 80
4 34 17
4 35 42
4 36 28
4 6 17
4 33 28
4 12 34
4 14 81
4 22 67
4 25 117
4 31 96
5 35 52
5 6 18
5 9 82
5 10 64
5 13 150
5 14 13
5 15 20
5 21 29
5 25 21
5 26 90
6 7 68
6 18 77
6 20 103
6 21 15
6 22 45
6 24 74
6 28 152
6 37 18
7 36 100
7 38 33
7 10 13
7 17 46
7 21 131
7 23 105
7 27 22
7 37 95
8 19 100
8 38 37
8 9 22
8 10 102
8 15 58
8 17 71
8 18 14
8 35 90
8 29 38
8 30 77
9 36 61
9 12 147
9 13 101
9 16 116
9 18 134
9 21 81
9 26 80
9 27 146
10 32 100
10 34 73
10 35 78
10 11 102
10 13 37
10 21 125
10 26 40
10 29 111
11 32 71
11 34 102
11 38 18
11 20 96
11 22 155
11 23 119
11 24 48
11 25 14
11 27 102
11 30 132
12 35 29
12 37 103
12 15 105
12 17 11
12 25 31
12 27 59
12 36 97
12 29 13
12 31 150
13 32 23
13 34 47
13 39 150
13 17 134
13 18 48
13 22 95
13 37 63
13 31 17
14 32 29
14 37 35
14 15 57
14 19 152
14 21 18
14 22 72
14 24 32
14 36 75
14 28 82
14 5 116
15 34 59
15 36 27
15 16 59
15 24 151
15 25 103
15 28 151
16 36 51
16 38 42
16 18 79
16 22 57
16 25 58
16 27 151
16 28 106
16 30 137
17 19 10
17 22 73
17 27 132
17 31 131
18 37 121
18 20 39
18 21 73
18 24 80
18 26 80
19 32 40
19 39 125
19 20 127
19 22 148
19 24 136
19 25 53
19 30 133
20 32 44
20 33 94
20 36 62
20 37 18
20 21 72
20 23 40
20 24 58
20 26 137
20 29 116
21 22 141
21 23 151
21 27 115
21 28 146
21 31 100
22 33 135
22 38 34
22 39 83
22 36 52
22 26 45
22 30 102
23 33 47
23 38 72
23 39 151
23 35 71
23 26 19
23 28 117
23 29 127
23 30 73
23 31 62
24 32 89
24 36 117
24 38 139
24 37 13
24 28 140
24 29 31
24 30 45
24 31 142
25 32 66
25 35 122
25 38 48
25 39 25
25 26 118
25 27 67
26 32 40
26 35 152
26 39 92
26 28 97
26 29 44
26 30 32
27 32 37
27 34 74
27 37 28
27 38 45
27 29 139
28 33 72
28 34 98
28 38 145
28 39 144
28 30 41
28 37 92
29 32 34
29 36 44
29 33 139
29 34 151
29 30 13
30 32 118
30 33 130
30 35 40
30 38 130
30 39 96
31 33 105
31 34 87
31 36 130
31 37 66
31 38 114
31 39 138
32 34 137
33 37 118
33 38 53
33 39 87
33 35 86
34 100001 1450
34 38 55
34 39 132
34 100002 1450
34 36 44
35 100000 1450
35 100003 1450
35 38 43
35 39 125
35 100001 1450
35 100004 1450
35 36 147
35 37 47
36 100003 1450
36 100004 1450
37 39 140
37 100002 1450
37 100001 1450
38 100002 1450
39 100004 1450
39 100000 1450
-2 0 1450
-2 2 1450
-2 5 1450
-5 1 1450
-5 4 1450
-5 5 1450
-4 0 1450
-4 2 1450
-4 4 1450
-3 1 1450
-3 3 1450
-3 5 1450
-1 2 1450
-1 3 1450
-1 4 1450
