0 3 112
0 37 42
0 38 34
0 8 136
0 12 130
0 11 76
0 44 91
0 45 22
0 15 19
0 17 50
0 20 141
0 21 24
0 24 126
0 28 72
0 13 49
1 32 55
1 16 143
1 4 51
1 33 29
1 9 59
1 46 141
1 48 43
1 17 14
1 19 19
1 41 94
1 23 36
1 25 131
1 27 31
1 29 25
1 31 145
2 32 143
2 33 64
2 4 90
2 37 69
2 6 34
2 9 18
2 10 36
2 44 150
2 16 91
2 17 18
2 19 98
2 20 94
2 22 74
2 41 139
2 29 61
3 34 113
3 35 18
3 36 18
3 37 59
3 42 31
3 43 12
3 45 102
3 13 90
3 10 113
3 19 106
3 23 22
3 18 114
3 29 30
3 30 148
4 34 57
4 36 153
4 39 140
4 8 12
4 11 120
4 12 94
4 13 114
4 14 134
4 16 44
4 23 135
4 25 44
4 26 93
4 31 139
5 7 88
5 8 98
5 9 120
5 43 102
5 13 145
5 45 108
5 14 84
5 47 42
5 17 17
5 19 101
5 22 17
5 24 52
5 25 37
5 27 96
5 28 102
6 38 85
6 7 93
6 8 101
6 43 20
6 12 52
6 46 116
6 47 51
6 16 72
6 14 20
6 23 53
6 26 83
6 15 113
6 29 67
6 31 145
7 33 75
7 34 141
7 39 50
7 8 83
7 41 139
7 11 37
7 44 60
7 12 147
7 17 135
7 18 121
7 23 32
7 27 77
7 31 75
8 33 153
8 35 109
8 40 113
8 44 144
8 42 26
8 43 50
8 12 141
8 15 97
8 20 38
8 22 51
9 16 105
9 35 73
9 40 44
9 41 154
9 10 115
9 15 57
9 48 44
9 18 111
9 19 149
9 21 60
9 24 153
9 47 64
10 39 97
10 40 49
10 41 141
10 42 53
10 45 145
10 13 80
10 48 59
10 18 92
10 26 92
10 28 31
10 30 52
10 31 57
11 16 130
11 34 108
11 17 89
11 38 129
11 43 12
11 13 141
11 46 40
11 47 136
11 48 142
11 49 110
11 18 69
11 26 69
12 32 96
12 35 59
12 16 103
12 18 56
12 19 110
12 22 146
12 23 31
12 24 131
12 28 138
12 31 49
13 39 48
13 42 138
13 45 75
13 14 141
13 16 134
13 49 143
13 19 139
13 23 47
13 30 50
14 45 99
14 38 58
14 46 51
14 15 150
14 16 142
14 17 31
14 19 73
14 20 155
14 24 58
14 27 57
14 29 89
15 17 87
15 39 71
15 43 124
15 45 113
15 40 47
15 18 66
15 19 119
15 20 95
15 26 79
15 29 40
16 38 110
16 48 24
16 17 119
16 27 96
16 28 92
16 31 130
17 40 26
17 42 25
17 47 112
17 20 140
17 25 66
17 30 61
18 36 154
18 38 41
18 43 57
18 44 42
18 47 17
18 48 117
18 21 64
18 41 58
19 37 133
19 48 66
19 20 80
19 22 45
19 25 121
19 26 100
20 34 78
20 21 41
20 23 95
20 25 120
20 30 27
21 36 133
21 45 19
21 23 21
21 24 94
21 27 51
21 28 128
21 30 133
21 31 64
22 32 133
22 34 83
22 35 74
22 39 86
22 44 46
22 23 152
22 37 98
23 32 97
23 38 22
24 33 34
24 40 98
24 47 106
24 49 98
24 26 122
24 27 90
25 38 57
25 46 136
25 36 98
25 28 66
25 30 27
25 31 33
26 32 48
26 38 149
26 41 114
26 46 152
26 49 109
27 33 95
27 35 147
27 38 51
27 40 44
27 41 126
28 32 78
28 34 91
28 46 97
28 49 112
28 30 155
29 36 130
29 39 65
29 42 37
29 43 126
29 44 96
29 35 132
30 33 70
30 39 16
30 43 101
30 46 42
31 37 42
31 47 89
31 49 118
32 36 113
32 44 30
32 46 140
32 47 86
32 49 73
33 37 117
33 38 119
33 41 142
33 48 115
33 40 135
34 37 26
34 46 106
34 47 147
34 49 135
34 35 74
35 39 48
35 42 153
35 45 18
35 40 33
36 37 36
36 43 85
36 44 90
36 45 100
36 48 68
37 39 100
37 40 17
37 42 38
38 46 25
39 40 43
39 42 142
40 44 143
41 42 87
41 44 23
41 49 120
42 47 112
42 48 134
43 45 95
43 49 56
44 49 14
44 100004 1450
45 100000 1450
45 100002 1450
45 48 138
45 100003 1450
46 48 52
46 100000 1450
47 100003 1450
47 100004 1450
47 49 17
48 100000 1450
48 100001 1450
49 100004 1450
49 100003 1450
49 100002 1450
-2 2 1450
-2 4 1450
-2 5 1450
-5 4 1450
-5 5 1450
-4 0 1450
-4 1 1450
-4 3 1450
-3 2 1450
-3 3 1450
-3 4 1450
-1 1 1450
-1 5 1450
