0 19 99
0 33 81
0 2 48
0 4 44
0 5 150
0 6 36
0 1 81
0 8 154
0 9 74
0 11 100
0 12 85
0 13 80
0 14 129
0 16 36
0 17 144
0 18 53
0 51 46
0 24 24
1 34 107
1 3 111
1 4 86
1 5 10
1 6 61
1 7 132
1 9 110
1 10 110
1 11 37
1 12 143
1 2 117
1 14 154
1 15 129
1 16 133
1 17 142
1 18 136
1 19 66
2 3 128
2 4 42
2 5 86
2 6 63
2 7 23
2 8 149
2 9 99
2 10 24
2 12 108
2 13 44
2 14 12
2 15 114
2 18 67
2 19 101
2 56 33
2 27 117
3 36 51
3 5 19
3 6 154
3 40 12
3 10 80
3 12 45
3 13 75
3 46 110
3 15 111
3 16 11
3 8 72
3 19 55
3 21 63
3 24 42
3 57 129
3 26 142
4 36 93
4 5 75
4 6 106
4 7 115
4 9 25
4 11 12
4 12 75
4 13 136
4 14 93
4 15 25
4 16 86
4 17 111
4 18 92
4 19 100
4 30 27
5 6 136
5 7 70
5 8 26
5 9 22
5 42 37
5 12 38
5 14 127
5 15 11
5 17 16
5 18 38
5 19 119
5 23 18
5 24 128
6 38 143
6 7 38
6 8 46
6 9 62
6 11 114
6 12 142
6 18 52
6 46 98
6 15 71
6 50 76
6 19 108
6 13 155
7 32 25
7 8 99
7 9 103
7 10 105
7 11 66
7 12 137
7 45 73
7 13 69
7 17 54
7 18 39
7 19 87
7 53 140
7 47 126
8 33 19
8 38 47
8 9 48
8 11 95
8 13 106
8 14 91
8 15 102
8 16 137
8 17 42
8 18 73
8 19 128
8 22 132
9 37 68
9 16 69
9 11 134
9 14 39
9 15 16
9 48 52
9 18 58
9 23 60
9 25 131
9 59 44
10 17 12
10 37 56
10 39 151
10 12 14
10 44 135
10 13 41
10 16 35
10 24 96
10 18 40
10 19 91
10 52 132
10 21 146
10 56 58
10 31 84
11 33 68
11 37 29
11 39 135
11 43 80
11 12 147
11 18 116
11 48 112
11 50 109
11 19 46
11 25 15
11 16 108
12 38 125
12 41 50
12 44 148
12 13 51
12 15 36
12 16 77
12 54 96
12 57 42
13 16 82
13 37 28
13 14 45
13 15 79
13 48 36
13 19 86
13 54 79
13 23 103
13 57 51
14 41 97
14 42 16
14 23 35
14 44 153
14 15 105
14 16 65
14 17 139
14 18 91
14 19 127
14 28 48
15 38 60
15 39 52
15 47 108
15 16 76
15 17 141
15 18 104
15 19 97
16 34 48
16 37 49
16 18 64
16 50 117
16 52 42
16 22 146
17 32 93
17 34 142
17 42 57
17 18 36
17 19 60
17 21 78
17 27 81
17 28 123
17 31 59
18 39 96
18 49 39
18 19 111
18 20 70
19 46 71
19 34 143
20 24 56
20 25 126
20 43 56
20 30 155
20 31 13
21 55 139
21 57 152
21 29 17
22 25 153
22 26 129
22 40 13
23 53 21
24 52 21
25 35 81
26 43 104
26 51 111
26 39 79
27 48 85
27 52 10
27 50 149
28 35 81
28 55 59
28 31 12
29 49 94
29 58 118
29 36 81
29 45 95
29 57 119
30 32 94
30 58 31
30 54 13
31 40 119
32 34 149
32 45 98
33 59 70
33 41 123
34 38 82
35 56 78
35 44 68
35 48 51
36 58 128
36 52 15
37 57 90
38 56 148
39 45 150
40 46 38
40 55 85
41 42 139
41 59 133
42 55 94
43 58 85
43 46 105
44 49 33
45 52 35
45 53 70
46 48 105
47 50 120
47 51 134
47 54 51
48 57 53
49 59 135
49 51 39
50 54 104
51 59 13
52 57 83
53 58 63
53 54 32
54 100000 1450
54 100002 1450
54 100004 1450
55 100001 1450
55 100002 1450
55 56 91
56 100003 1450
57 100000 1450
57 100002 1450
57 100004 1450
58 100001 1450
59 100001 1450
-2 0 1450
-2 1 1450
-2 3 1450
-5 1 1450
-5 2 1450
-4 0 1450
-4 2 1450
-4 5 1450
-3 0 1450
-3 1 1450
-1 2 1450
-1 5 1450
