0 19 101
0 1 143
0 2 77
0 3 37
0 4 89
0 38 67
0 6 66
0 14 128
0 15 119
0 18 119
0 51 11
0 22 50
0 23 42
0 27 109
0 35 146
1 3 120
1 5 138
1 7 143
1 9 76
1 10 30
1 11 77
1 46 110
1 47 142
1 18 150
1 19 55
1 21 139
1 56 41
1 28 123
2 32 81
2 3 137
2 36 116
2 6 87
2 8 113
2 10 104
2 43 76
2 12 46
2 14 53
2 16 139
2 18 42
2 51 103
2 53 144
2 58 133
3 35 19
3 36 141
3 5 119
3 8 149
3 41 137
3 12 139
3 13 136
3 15 141
3 16 52
3 40 149
3 18 15
4 36 74
4 49 142
4 10 80
4 11 20
4 12 96
4 13 59
4 14 117
4 15 80
4 17 51
4 18 74
4 19 41
4 55 141
4 7 100
5 19 45
5 34 93
5 7 29
5 10 13
5 11 128
5 12 117
5 13 148
5 14 139
5 16 39
5 51 78
5 22 101
5 59 10
6 41 88
6 57 55
6 43 20
6 44 43
6 13 13
6 12 77
6 48 20
6 20 134
6 53 62
6 9 66
6 25 44
6 31 78
7 37 13
7 38 107
7 11 117
7 12 31
7 13 68
7 14 79
7 47 67
7 18 66
7 19 56
7 54 42
7 15 59
8 37 134
8 40 145
8 41 15
8 42 114
8 11 38
8 29 134
8 52 116
8 21 114
8 25 59
8 15 58
8 53 143
8 31 76
9 32 144
9 37 53
9 40 133
9 12 57
9 11 94
9 44 116
9 15 12
9 18 153
9 19 155
9 52 38
9 53 133
9 59 25
10 49 96
10 11 74
10 12 11
10 45 80
10 15 107
10 16 117
10 17 29
10 50 152
10 20 33
10 25 44
11 36 112
11 12 62
11 45 47
11 46 133
11 13 153
11 19 57
11 15 125
12 13 85
12 52 124
12 54 42
12 26 101
12 59 93
13 38 96
13 40 31
13 18 48
13 15 38
13 50 42
13 20 26
13 30 45
14 32 152
14 48 76
14 34 99
14 43 125
14 16 113
14 19 106
14 53 92
14 57 47
14 58 51
15 32 150
15 41 133
15 17 15
15 51 38
15 55 39
16 34 22
16 39 102
16 40 100
16 41 88
16 42 124
16 44 100
16 49 88
16 50 123
16 20 79
17 38 65
17 40 114
17 55 129
17 44 89
17 45 129
17 46 102
17 51 37
17 23 82
17 24 88
17 58 66
17 30 84
18 32 137
18 23 152
18 19 63
18 55 136
18 58 44
18 28 130
19 42 91
19 45 78
19 57 35
19 26 86
19 30 32
20 48 45
20 22 121
20 28 69
21 34 134
21 38 35
21 54 41
21 55 53
21 26 48
22 44 119
22 45 30
22 48 65
22 50 43
23 33 93
23 44 119
23 50 70
23 27 119
24 43 64
24 49 125
24 52 132
24 56 149
24 39 112
24 28 17
25 39 68
25 47 109
25 51 107
25 59 145
26 34 143
26 46 149
26 47 12
26 30 120
27 33 118
27 39 20
27 42 88
27 51 54
27 29 17
28 35 81
28 42 40
28 59 16
29 35 59
29 36 57
29 47 150
29 53 91
29 54 132
30 35 21
30 54 20
30 55 28
31 42 13
31 45 96
31 50 32
31 52 83
31 56 82
32 36 23
32 41 33
33 37 71
33 43 12
33 46 28
33 54 108
33 58 56
34 35 13
34 43 47
35 56 93
36 41 134
37 39 26
37 55 94
37 57 106
38 49 112
38 48 52
39 48 65
39 59 61
40 58 83
41 53 56
42 57 82
43 52 17
44 45 101
45 56 33
46 54 103
46 59 153
47 49 107
47 57 98
48 57 28
49 56 20
50 56 35
51 54 112
52 58 32
53 56 87
54 100003 1450
55 100002 1450
56 100000 1450
56 100002 1450
56 100004 1450
56 100001 1450
57 100000 1450
57 100001 1450
57 100004 1450
58 100003 1450
59 100000 1450
59 100003 1450
59 100004 1450
-2 0 1450
-2 1 1450
-2 3 1450
-5 0 1450
-5 4 1450
-5 5 1450
-4 3 1450
-4 5 1450
-3 3 1450
-3 5 1450
-1 0 1450
-1 3 1450
-1 5 1450
