0 1 43
0 2 35
0 3 77
0 4 95
0 5 106
0 6 58
0 7 51
0 8 97
0 9 121
0 11 112
0 12 42
0 13 136
0 14 24
0 15 24
0 16 149
0 17 101
0 18 35
0 19 147
0 34 117
0 40 109
0 54 33
0 57 93
1 2 60
1 3 51
1 4 57
1 5 54
1 6 98
1 7 46
1 8 95
1 9 141
1 10 85
1 11 107
1 12 102
1 13 151
1 14 66
1 15 33
1 16 52
1 17 97
1 18 44
1 19 43
1 23 58
1 46 128
1 47 26
2 3 79
2 4 131
2 6 32
2 8 80
2 9 94
2 10 25
2 11 49
2 12 62
2 13 108
2 14 28
2 15 116
2 16 120
2 17 45
2 18 149
2 19 23
2 23 16
2 28 94
2 39 122
2 41 93
2 46 144
3 4 120
3 6 140
3 7 49
3 8 122
3 9 93
3 10 66
3 11 84
3 12 146
3 13 111
3 14 14
3 15 70
3 16 36
3 17 90
3 18 48
3 19 128
3 28 148
3 29 51
3 52 76
3 53 145
4 5 80
4 6 69
4 7 152
4 8 48
4 9 95
4 10 45
4 11 144
4 12 136
4 13 53
4 14 110
4 15 65
4 16 20
4 17 35
4 18 70
4 19 155
4 29 133
4 46 121
4 54 57
5 6 145
5 7 71
5 8 142
5 9 128
5 10 28
5 11 61
5 12 151
5 13 130
5 15 73
5 16 15
5 17 129
5 18 107
5 19 48
5 22 149
5 26 61
5 35 72
5 39 123
5 54 129
5 59 60
6 7 135
6 8 115
6 9 65
6 10 21
6 11 120
6 12 145
6 13 65
6 14 14
6 15 22
6 16 141
6 17 10
6 18 146
6 19 112
6 22 149
6 37 78
6 57 118
7 8 10
7 10 52
7 11 87
7 12 12
7 13 102
7 14 100
7 15 52
7 17 82
7 18 110
7 19 68
7 25 73
7 30 18
7 31 13
7 40 104
7 52 22
7 53 25
8 9 117
8 10 14
8 11 133
8 12 57
8 13 116
8 14 117
8 15 110
8 16 139
8 17 131
8 18 140
8 32 12
8 36 70
8 47 88
8 50 22
9 10 55
9 11 68
9 12 30
9 13 151
9 14 128
9 15 42
9 16 13
9 17 22
9 18 14
9 19 94
9 24 57
9 34 141
9 38 49
9 44 88
10 12 144
10 13 146
10 14 94
10 15 91
10 16 58
10 17 75
10 18 22
10 19 27
10 21 72
10 27 60
10 32 64
10 34 130
10 38 154
10 51 34
11 12 73
11 13 67
11 14 35
11 15 115
11 16 149
11 17 77
11 18 77
11 19 84
11 26 143
11 36 99
11 49 20
11 56 67
12 14 115
12 15 142
12 16 47
12 17 41
12 18 12
12 19 75
12 26 114
12 33 87
12 53 107
12 56 135
13 14 44
13 15 70
13 16 136
13 17 48
13 18 119
13 19 111
13 20 144
13 28 98
13 31 110
13 48 149
14 15 79
14 16 19
14 17 113
14 18 113
14 19 133
14 20 81
14 42 51
14 48 130
14 55 23
15 16 131
15 17 22
15 18 109
15 19 105
15 30 49
15 48 100
15 49 121
16 17 150
16 18 120
16 19 32
16 20 57
16 33 108
16 35 129
16 43 35
17 18 142
17 19 100
17 35 83
17 51 116
17 58 77
18 19 34
18 29 62
18 43 38
18 50 86
19 37 73
19 44 31
19 49 21
19 55 26
20 25 122
21 25 138
21 42 42
21 23 101
22 41 43
23 26 72
24 44 97
24 55 145
25 40 90
26 43 90
27 59 92
27 43 105
28 53 91
29 43 128
30 39 88
31 47 66
32 45 21
33 37 131
34 47 34
35 44 147
36 45 65
37 59 138
38 58 56
39 41 152
40 49 63
41 58 102
42 50 99
43 45 63
44 53 38
45 57 154
46 48 99
47 55 137
48 56 71
49 54 36
50 57 154
51 59 95
52 56 11
53 55 39
54 100001 1450
55 100000 1450
55 100002 1450
55 100003 1450
56 100001 1450
57 100002 1450
58 100004 1450
58 100001 1450
59 100000 1450
59 100003 1450
59 100004 1450
-2 1 1450
-2 4 1450
-2 5 1450
-5 1 1450
-5 2 1450
-5 4 1450
-4 0 1450
-4 2 1450
-3 2 1450
-3 3 1450
-1 0 1450
-1 1 1450
-1 5 1450
