0 1 143
0 2 142
0 3 64
0 4 74
0 37 128
0 6 43
0 39 153
0 40 40
0 9 109
0 10 137
0 11 99
0 12 92
0 13 39
0 15 32
0 48 42
0 17 54
0 7 42
0 27 30
0 5 13
0 29 132
0 31 80
1 33 112
1 34 67
1 4 109
1 37 71
1 6 144
1 7 94
1 40 83
1 9 99
1 10 139
1 11 22
1 44 41
1 13 20
1 12 15
1 15 59
1 16 131
1 8 40
1 19 81
1 14 144
1 17 10
1 5 127
2 32 136
2 3 81
2 34 34
2 43 43
2 4 69
2 37 62
2 6 75
2 7 24
2 8 57
2 41 112
2 11 86
2 14 30
2 47 100
2 19 147
2 20 40
2 9 58
2 25 88
2 15 27
2 28 66
2 31 140
3 16 102
3 35 128
3 17 49
3 5 88
3 6 21
3 39 77
3 9 26
3 42 131
3 7 102
3 12 41
3 45 83
3 14 114
3 13 130
3 48 112
3 49 105
3 18 116
3 19 89
3 20 129
3 15 153
4 32 78
4 16 60
4 36 96
4 6 65
4 17 135
4 8 61
4 9 15
4 11 59
4 44 34
4 15 100
4 48 22
4 49 98
4 18 115
4 19 99
4 40 58
4 22 43
4 41 144
4 26 83
5 33 67
5 34 126
5 14 41
5 7 115
5 40 68
5 41 10
5 10 87
5 39 32
5 44 23
5 13 49
5 12 29
5 16 137
5 8 66
5 18 28
5 19 138
5 21 57
5 9 53
5 25 120
6 33 64
6 34 91
6 38 122
6 42 20
6 7 12
6 13 70
6 14 40
6 15 38
6 16 86
6 11 27
6 18 60
6 35 85
6 17 143
6 23 69
6 36 66
6 10 54
7 33 108
7 36 108
7 40 21
7 9 33
7 10 140
7 11 50
7 12 113
7 13 151
7 14 62
7 15 59
7 16 111
7 49 19
7 17 122
7 24 147
7 28 13
8 35 66
8 36 41
8 39 152
8 41 59
8 10 89
8 12 36
8 14 98
8 47 12
8 9 52
8 19 42
8 20 96
8 21 93
8 23 42
8 24 119
8 26 150
8 15 33
8 30 92
9 42 79
9 43 102
9 12 94
9 13 77
9 14 49
9 15 119
9 16 139
9 17 55
9 18 93
9 21 144
9 46 87
9 33 15
9 30 53
10 34 67
10 35 31
10 17 124
10 38 84
10 41 114
10 43 102
10 44 86
10 12 32
10 15 43
10 11 38
10 49 65
10 19 16
10 28 105
10 29 10
10 16 34
11 35 12
11 36 84
11 41 152
11 42 22
11 12 80
11 13 100
11 14 132
11 15 21
11 17 11
11 19 59
11 20 15
11 21 132
11 26 113
11 29 53
12 16 102
12 17 21
12 42 42
12 24 87
12 13 68
12 14 75
12 15 49
12 48 66
12 49 33
12 18 118
12 22 66
12 31 58
13 35 20
13 37 73
13 17 142
13 42 21
13 46 14
13 14 145
13 15 151
13 43 67
13 21 87
13 22 44
13 28 30
13 29 88
14 32 56
14 17 100
14 37 75
14 39 54
14 15 71
14 16 59
14 40 112
14 18 78
14 26 84
14 31 85
15 17 102
15 39 115
15 40 122
15 16 122
15 49 29
15 18 106
15 46 150
16 32 50
16 18 113
16 42 77
16 44 46
16 45 127
16 17 71
16 19 111
16 23 69
16 29 41
16 31 54
17 32 109
17 41 129
17 46 151
17 43 11
17 18 83
17 29 16
17 30 130
18 33 33
18 34 81
18 38 126
18 39 34
18 40 117
18 45 82
18 47 145
18 19 31
18 24 50
18 26 115
18 27 98
19 35 38
19 39 113
19 41 55
19 43 133
19 34 70
19 47 145
19 24 12
19 25 112
19 27 88
19 28 13
19 30 29
20 36 115
20 38 152
20 34 135
20 46 118
20 47 45
20 28 26
21 37 119
21 38 46
21 44 14
21 25 150
21 27 153
22 32 152
22 33 83
22 46 42
22 47 13
22 23 103
22 27 121
22 28 127
23 33 17
23 34 86
23 35 149
23 37 55
23 46 127
23 27 40
24 38 83
24 41 120
24 42 36
24 45 97
24 26 102
25 37 91
25 45 51
25 47 116
25 49 149
25 31 120
25 28 61
26 33 153
26 35 95
26 27 45
26 30 31
27 44 34
27 29 107
27 30 50
28 47 139
28 42 26
29 36 68
29 41 121
29 43 119
30 34 95
30 45 90
30 46 11
30 40 62
31 36 94
31 45 78
31 49 78
31 46 18
32 38 13
32 44 88
32 45 103
32 47 141
33 49 30
34 37 34
35 48 51
36 43 51
36 49 152
37 43 30
37 45 105
38 40 59
38 47 71
38 48 113
39 43 147
39 44 39
40 47 140
41 49 136
42 48 27
43 45 71
44 48 52
44 100004 1450
45 100004 1450
45 100001 1450
45 48 114
45 100000 1450
46 100000 1450
46 100001 1450
46 100002 1450
46 100003 1450
46 48 85
47 100000 1450
47 100003 1450
47 100002 1450
48 100001 1450
49 100004 1450
49 100003 1450
-2 0 1450
-2 3 1450
-2 4 1450
-5 1 1450
-5 5 1450
-4 0 1450
-4 2 1450
-4 4 1450
-3 4 1450
-3 5 1450
-1 1 1450
-1 4 1450
-1 5 1450
