0 34 153
0 3 78
0 5 72
0 38 29
0 7 75
0 40 10
0 41 114
0 39 117
0 12 95
0 13 80
0 14 17
0 16 53
0 18 105
0 21 68
0 55 73
0 2 26
0 57 64
0 23 78
1 2 35
1 3 73
1 4 69
1 5 102
1 6 92
1 7 149
1 8 65
1 10 36
1 11 50
1 12 86
1 13 15
1 14 98
1 15 125
1 16 134
1 18 130
1 19 107
1 20 139
1 21 28
2 16 99
2 3 139
2 4 46
2 6 86
2 38 118
2 8 133
2 12 60
2 44 84
2 13 127
2 14 54
2 15 55
2 48 79
2 19 80
2 31 125
2 29 61
2 37 118
3 32 108
3 43 16
3 37 122
3 35 51
3 11 132
3 18 75
3 27 137
3 17 109
3 50 40
3 19 17
3 20 65
3 25 113
3 6 45
3 59 136
3 5 66
4 33 74
4 6 92
4 8 103
4 9 144
4 10 56
4 7 122
4 12 33
4 14 96
4 47 113
4 16 41
4 17 13
4 18 54
4 19 19
4 52 46
4 25 152
4 15 100
5 32 64
5 35 59
5 7 15
5 8 106
5 12 33
5 42 93
5 44 99
5 45 74
5 13 29
5 49 137
5 51 102
5 20 22
5 21 100
5 9 71
5 10 66
6 8 102
6 10 35
6 12 80
6 18 108
6 14 57
6 13 141
6 16 103
6 17 47
6 50 38
6 19 86
6 56 135
6 57 90
6 15 55
6 31 45
7 34 147
7 35 138
7 49 116
7 40 144
7 42 78
7 44 151
7 47 42
7 17 26
7 18 154
7 19 120
7 8 10
7 23 107
7 24 89
7 26 147
8 41 94
8 10 54
8 11 133
8 14 151
8 15 86
8 16 154
8 17 117
8 18 81
8 19 51
8 21 102
8 27 25
8 30 108
9 36 31
9 37 54
9 39 91
9 40 136
9 12 106
9 43 142
9 44 126
9 45 154
9 14 87
9 15 35
9 16 47
9 17 115
9 18 112
9 51 97
9 55 47
9 56 56
10 42 64
10 11 32
10 12 135
10 13 49
10 14 88
10 15 131
10 48 141
10 18 32
10 19 80
10 20 89
10 21 52
10 56 49
10 47 49
11 19 14
11 36 73
11 39 34
11 43 116
11 12 143
11 13 77
11 14 90
11 16 90
11 17 140
11 18 90
11 35 115
11 58 132
11 30 34
11 31 55
12 37 73
12 39 60
12 13 92
12 46 91
12 15 25
12 16 80
12 17 44
12 14 124
12 31 137
13 18 144
13 35 128
13 37 82
13 45 41
13 47 105
13 16 106
13 17 17
13 50 22
13 53 47
13 27 62
14 36 105
14 16 88
14 17 144
14 18 135
14 19 67
14 20 61
14 41 10
14 30 39
15 34 63
15 35 21
15 41 55
15 45 103
15 47 13
15 52 51
15 53 76
15 22 144
15 55 100
15 27 12
16 17 39
16 49 99
16 51 45
16 21 137
16 23 148
16 19 81
16 31 42
17 33 105
17 42 110
17 18 100
17 57 140
17 26 119
17 59 70
17 29 28
18 34 45
18 39 19
18 45 134
18 27 11
18 29 60
19 45 36
19 46 113
19 52 83
19 22 10
19 25 91
19 26 34
19 31 153
20 55 132
20 56 47
21 53 149
22 37 41
22 43 31
22 53 83
22 57 139
22 28 154
23 46 143
23 54 115
23 24 90
23 29 59
24 38 73
24 40 44
24 49 107
24 54 135
24 59 11
25 32 28
25 33 125
25 46 149
25 48 152
26 43 120
26 55 92
26 27 58
26 28 70
27 59 74
28 32 100
28 39 72
28 47 78
28 51 133
28 54 66
29 32 93
29 38 153
29 30 85
30 43 64
30 50 132
30 52 25
31 32 115
32 38 63
33 41 58
33 42 112
33 45 66
33 49 49
34 39 51
34 44 54
34 53 132
35 46 10
36 37 144
36 40 126
36 52 11
36 54 94
37 54 65
38 40 18
38 58 99
39 42 58
40 58 27
41 57 27
41 59 10
42 49 135
42 56 147
43 56 51
44 51 73
44 59 18
45 56 77
46 54 20
46 56 87
47 48 25
48 54 35
48 57 82
48 59 21
49 50 69
50 52 61
50 55 38
51 52 152
51 58 60
52 53 24
53 55 124
53 58 147
54 100001 1450
54 100003 1450
54 58 21
55 100001 1450
55 100003 1450
56 100000 1450
56 100002 1450
56 100003 1450
57 100000 1450
57 100004 1450
57 58 61
58 100002 1450
59 100000 1450
59 100004 1450
-2 0 1450
-2 4 1450
-2 5 1450
-5 3 1450
-5 4 1450
-4 0 1450
-4 2 1450
-3 0 1450
-3 2 1450
-3 4 1450
-1 1 1450
-1 3 1450
-1 4 1450
