0 33 56
0 35 25
0 37 46
0 1 48
0 41 153
0 43 60
0 16 52
0 53 90
0 54 28
0 58 97
0 27 52
0 29 49
0 21 37
1 19 43
1 5 144
1 6 116
1 8 34
1 12 68
1 45 61
1 46 38
1 15 135
1 51 34
1 54 114
1 56 26
1 58 40
1 27 146
2 36 127
2 37 141
2 39 85
2 10 131
2 43 109
2 44 24
2 46 97
2 51 153
2 53 103
2 55 41
2 24 19
2 30 105
2 31 24
3 51 103
3 36 131
3 38 81
3 48 19
3 9 103
3 44 107
3 13 39
3 16 153
3 19 78
3 22 12
3 26 17
3 29 55
3 31 131
4 36 63
4 37 27
4 38 32
4 7 151
4 41 35
4 10 105
4 11 133
4 46 81
4 15 50
4 50 124
4 25 31
4 59 71
4 31 71
5 6 10
5 38 126
5 7 147
5 40 126
5 14 22
5 15 131
5 49 86
5 52 95
5 55 106
5 24 36
5 25 14
5 28 62
6 48 129
6 49 115
6 18 98
6 51 85
6 56 91
6 57 58
6 58 95
6 59 132
6 28 47
6 29 96
6 30 70
7 33 32
7 37 29
7 40 98
7 55 10
7 12 132
7 45 33
7 13 62
7 19 45
7 54 138
7 23 154
7 26 109
8 33 22
8 34 36
8 35 76
8 40 154
8 47 19
8 56 51
8 52 76
8 21 107
8 54 82
8 24 92
8 26 26
8 59 28
8 30 20
9 38 40
9 15 26
9 43 146
9 44 65
9 13 102
9 47 41
9 35 58
9 21 136
9 56 29
9 25 36
9 58 113
9 27 31
10 41 59
10 43 68
10 13 45
10 47 21
10 15 67
10 17 63
10 19 139
10 55 30
10 56 141
10 26 89
10 27 123
11 33 40
11 44 84
11 43 150
11 12 134
11 45 46
11 47 70
11 16 102
11 18 66
11 54 129
11 58 65
11 27 71
11 26 113
12 34 20
12 44 95
12 45 58
12 15 146
12 18 19
12 19 88
12 21 10
12 23 77
12 26 94
12 27 112
13 37 106
13 39 120
13 40 69
13 20 38
13 55 101
13 57 108
13 26 45
13 42 31
13 31 19
14 38 109
14 41 123
14 52 73
14 17 27
14 20 87
14 23 117
14 24 14
14 25 129
14 26 56
14 28 126
14 58 31
14 31 88
15 38 126
15 16 35
15 21 87
15 23 119
15 24 23
15 57 85
15 42 32
16 32 57
16 37 142
16 33 148
16 44 83
16 43 81
16 51 44
16 53 71
16 54 44
16 56 37
17 33 77
17 43 77
17 48 43
17 49 100
17 50 28
17 19 140
17 20 29
17 54 29
17 23 123
17 57 71
17 30 59
18 33 69
18 39 67
18 42 111
18 47 11
18 48 134
18 50 115
18 53 102
18 59 81
18 29 48
18 30 78
19 32 36
19 41 99
19 45 151
19 47 14
19 52 94
19 22 34
19 58 120
20 34 45
20 37 116
20 38 118
20 49 65
20 45 78
20 52 61
20 53 41
20 54 14
20 56 123
20 25 125
20 30 13
20 31 78
21 33 154
21 34 117
21 59 153
21 39 41
21 40 102
21 47 27
21 51 114
21 22 15
21 57 56
21 31 135
22 34 86
22 40 113
22 42 12
22 43 89
22 46 116
22 47 131
22 24 149
22 56 55
22 25 41
22 27 152
22 28 19
22 30 48
23 33 122
23 35 112
23 38 103
23 43 149
23 27 22
23 50 17
23 46 65
23 24 33
23 57 129
23 47 44
24 38 111
24 45 19
24 47 110
24 48 12
24 46 68
24 56 56
24 26 146
24 29 115
25 32 116
25 33 144
25 41 121
25 42 153
25 43 36
25 47 135
25 52 48
25 58 153
25 29 147
26 34 69
26 36 153
26 43 16
26 53 69
26 46 32
26 28 61
27 34 53
27 36 120
27 49 101
27 51 68
27 52 121
27 41 154
27 28 144
28 32 141
28 59 66
28 36 44
28 38 40
28 39 68
28 44 31
28 50 19
28 51 116
28 53 106
29 32 40
29 34 105
29 37 105
29 41 92
29 45 62
29 48 46
29 49 78
29 59 59
29 31 76
30 50 27
30 40 38
30 45 76
30 46 22
30 53 134
30 55 97
30 57 17
30 59 47
31 33 22
31 39 85
31 42 144
31 44 111
31 53 50
31 52 101
31 58 88
32 51 63
32 34 76
32 40 55
32 44 116
32 45 30
32 53 133
32 54 128
32 55 79
32 56 141
32 58 116
33 36 43
33 43 107
33 53 54
33 40 112
34 35 35
34 36 31
34 44 21
34 48 39
34 50 115
34 57 58
35 37 54
35 39 81
35 40 79
35 45 59
35 46 56
35 48 49
35 49 70
35 50 96
35 52 84
35 57 100
36 37 155
36 43 148
36 51 39
36 52 105
36 53 44
36 54 126
36 57 104
37 43 118
37 46 50
37 47 63
37 53 100
37 39 81
38 46 96
38 48 44
38 50 66
38 52 104
38 58 112
39 41 52
39 45 93
39 48 125
39 49 58
39 55 102
39 57 128
39 59 131
40 41 96
40 42 76
40 43 69
40 49 97
40 56 62
41 45 72
41 51 117
41 52 94
41 57 100
41 42 63
42 44 76
42 47 121
42 50 80
42 51 36
42 54 60
42 56 31
42 58 95
43 49 67
44 48 71
44 51 36
44 53 20
44 55 104
45 49 19
45 56 78
46 55 101
46 48 155
46 54 141
46 59 17
47 56 54
47 58 93
48 49 80
48 55 15
48 59 30
49 50 142
49 51 111
49 54 30
49 55 34
50 55 88
50 52 127
50 57 152
50 59 55
51 53 34
52 59 10
52 56 16
53 57 124
54 100004 1450
54 55 76
54 58 134
54 100001 1450
55 100000 1450
55 100003 1450
55 100002 1450
55 59 29
56 100001 1450
57 100003 1450
57 58 82
57 59 136
58 100004 1450
59 100000 1450
59 100001 1450
59 100002 1450
-2 1 1450
-2 4 1450
-5 0 1450
-5 1 1450
-5 2 1450
-4 0 1450
-4 3 1450
-4 4 1450
-3 3 1450
-3 4 1450
-3 5 1450
-1 0 1450
-1 1 1450
-1 3 1450
