0 34 121
0 3 115
0 38 84
0 45 16
0 18 77
0 20 39
0 23 100
0 24 27
0 31 99
1 32 34
1 36 17
1 5 88
1 41 42
1 15 113
1 48 127
1 4 35
1 28 34
1 29 16
2 32 152
2 35 74
2 36 57
2 5 79
2 11 44
2 25 129
2 4 149
2 27 91
2 30 151
3 17 35
3 37 114
3 7 88
3 9 150
3 15 78
3 48 16
3 49 16
3 28 47
4 32 26
4 1 18
4 2 40
4 8 98
4 10 24
4 44 70
4 48 76
4 27 147
4 31 84
5 6 134
5 8 100
5 45 149
5 46 117
5 20 55
5 23 113
5 24 151
6 33 97
6 35 33
6 5 70
6 39 52
6 9 79
6 43 79
6 15 19
6 20 74
6 26 80
7 32 85
7 3 63
7 17 92
7 8 101
7 44 152
7 47 89
7 40 44
7 23 91
7 30 60
8 35 114
8 4 147
8 37 61
8 38 117
8 7 84
8 40 112
8 17 130
8 21 114
8 5 22
9 37 80
9 6 26
9 19 30
9 22 101
9 23 66
9 26 136
9 30 38
9 31 112
10 34 134
10 4 140
10 41 116
10 43 79
10 44 47
10 14 114
10 48 101
10 25 90
10 31 117
11 36 71
11 39 92
11 34 36
11 46 31
11 47 118
11 19 60
11 20 101
11 29 86
12 32 39
12 34 107
12 37 97
12 39 71
12 48 134
12 49 46
12 19 70
12 21 147
12 23 79
13 35 143
13 36 105
13 16 45
13 21 86
13 22 133
13 24 74
13 25 10
13 30 105
13 31 76
14 42 117
14 29 74
14 46 12
14 47 70
14 16 124
14 19 128
14 21 59
14 27 59
14 10 71
15 42 45
15 44 145
15 46 123
15 47 29
15 48 80
15 16 109
16 34 67
16 43 70
16 13 39
16 14 126
16 47 15
16 21 153
16 23 129
16 24 48
16 15 73
17 33 13
17 35 85
17 7 41
17 8 127
17 19 109
17 22 102
17 25 77
17 27 20
18 32 74
18 34 132
18 39 58
18 40 95
18 43 122
18 48 66
18 49 149
18 26 62
19 36 27
19 9 154
19 42 80
19 11 15
19 12 143
19 14 80
19 17 53
19 24 13
19 29 70
20 33 154
20 35 133
20 36 41
20 5 121
20 6 150
20 41 19
20 11 106
20 44 80
20 46 85
20 49 142
20 23 32
20 24 113
20 27 23
20 28 131
20 37 19
20 30 44
20 31 125
21 33 138
21 34 142
21 36 122
21 37 112
21 38 106
21 8 37
21 41 33
21 43 63
21 12 57
21 13 69
21 14 21
21 16 24
21 49 37
21 23 110
21 25 46
21 26 72
21 28 37
21 30 63
22 33 126
22 35 49
22 49 140
22 38 136
22 39 65
22 9 19
22 43 56
22 44 40
22 13 141
22 45 76
22 48 138
22 17 110
22 25 22
22 27 94
22 28 139
22 29 119
22 30 21
22 31 66
23 32 37
23 35 22
23 36 136
23 5 50
23 7 36
23 9 43
23 42 131
23 12 13
23 16 13
23 33 71
23 20 139
23 21 145
23 26 21
23 27 116
23 29 39
23 30 78
23 37 31
24 32 64
24 34 50
24 36 41
24 5 47
24 42 138
24 43 22
24 44 41
24 13 98
24 45 101
24 16 28
24 49 27
24 19 149
24 20 104
24 28 134
24 29 128
24 30 110
24 31 98
25 32 74
25 33 129
25 2 75
25 37 73
25 38 15
25 39 55
25 40 41
25 41 119
25 10 120
25 45 110
25 13 14
25 46 31
25 47 128
25 17 19
25 21 145
25 22 112
25 26 38
25 31 151
26 38 44
26 39 64
26 40 136
26 41 24
26 43 139
26 44 13
26 46 144
26 47 54
26 48 34
26 18 55
26 21 28
26 9 147
26 23 106
26 25 23
26 27 90
26 28 134
26 31 113
27 35 36
27 4 114
27 38 36
27 17 61
27 41 76
27 42 59
27 45 92
27 14 138
27 47 135
27 34 39
27 49 55
27 20 41
27 22 85
27 23 120
27 26 106
27 28 28
27 29 109
28 32 131
28 1 74
28 34 71
28 3 127
28 39 72
28 41 67
28 47 100
28 49 37
28 35 143
28 20 39
28 21 81
28 22 54
28 24 67
28 26 99
28 27 69
28 29 54
28 30 56
28 31 117
29 37 15
29 38 104
29 33 60
29 40 131
29 41 127
29 11 108
29 45 120
29 46 145
29 49 104
29 19 35
29 14 101
29 22 94
29 23 106
29 24 63
29 39 89
29 27 21
29 28 132
30 32 31
30 2 115
30 34 109
30 7 101
30 40 87
30 9 42
30 42 92
30 45 151
30 13 16
30 46 91
30 47 59
30 49 22
30 20 147
30 21 88
30 22 45
30 23 141
30 24 26
30 28 110
31 34 85
31 4 80
31 40 53
31 9 15
31 42 11
31 13 98
31 46 45
31 48 119
31 49 108
31 20 152
31 22 90
31 24 76
31 25 49
31 26 23
31 28 80
31 10 22
31 36 92
32 43 55
32 37 62
32 38 28
32 40 115
32 39 67
32 34 150
32 46 94
33 34 23
33 36 135
33 6 105
33 39 131
33 40 76
33 42 80
33 43 70
33 45 149
33 46 36
33 47 104
33 48 59
33 17 63
33 20 60
33 21 52
33 22 82
33 23 69
33 25 150
33 29 145
34 43 115
34 38 138
34 47 92
34 48 126
35 37 31
35 49 92
35 40 96
35 41 113
35 42 37
35 43 96
35 38 122
35 45 89
35 20 141
35 8 100
35 23 127
35 22 64
35 27 105
35 28 91
36 43 119
36 37 105
36 38 66
36 40 59
36 42 112
36 47 15
36 49 78
36 31 44
37 41 127
37 38 24
37 42 86
37 44 87
37 46 31
37 49 26
38 40 135
38 41 28
38 44 10
38 45 91
38 46 135
39 43 104
39 40 126
39 44 56
39 42 87
39 45 29
39 47 69
39 48 62
40 41 56
40 43 18
40 45 99
40 46 106
41 44 76
41 45 98
41 47 80
41 49 84
41 42 114
42 43 140
42 44 74
42 45 85
42 46 123
43 44 140
43 48 14
44 100001 1450
44 100002 1450
44 100003 1450
44 45 93
44 46 98
44 47 42
44 48 15
45 100002 1450
45 100004 1450
45 48 24
45 49 16
45 100001 1450
46 100003 1450
46 47 73
47 100000 1450
47 100003 1450
47 48 90
47 100002 1450
47 100004 1450
48 100000 1450
48 49 52
48 100001 1450
49 100000 1450
-2 1 1450
-2 2 1450
-2 5 1450
-5 4 1450
-5 5 1450
-4 3 1450
-4 5 1450
-3 1 1450
-3 3 1450
-1 2 1450
-1 3 1450
