0 34 13
0 3 127
0 4 10
0 37 22
0 6 47
0 7 18
0 8 73
0 10 122
0 2 121
0 12 77
0 13 139
0 46 48
0 45 69
0 16 61
0 17 152
0 18 101
0 19 76
0 14 101
0 25 32
0 30 134
0 5 13
1 2 81
1 3 150
1 5 29
1 6 45
1 7 87
1 8 105
1 9 109
1 10 106
1 11 63
1 13 78
1 15 81
1 48 117
1 17 24
1 18 61
1 19 17
1 20 40
1 21 97
1 23 118
1 26 114
1 28 49
1 30 152
2 32 124
2 3 30
2 4 117
2 6 52
2 38 70
2 7 144
2 8 152
2 9 145
2 11 85
2 12 39
2 46 145
2 15 40
2 48 84
2 18 123
2 19 140
2 20 37
2 14 141
2 25 141
2 5 139
3 11 60
3 36 22
3 5 61
3 6 16
3 7 11
3 8 67
3 9 32
3 10 119
3 43 144
3 13 102
3 14 138
3 15 76
3 16 115
3 18 63
3 19 81
3 20 110
3 4 115
3 26 64
4 16 134
4 36 11
4 5 97
4 38 63
4 7 65
4 8 23
4 9 117
4 10 95
4 11 120
4 12 100
4 46 68
4 15 29
4 48 91
4 18 60
4 19 86
4 14 87
4 26 12
4 30 74
5 6 26
5 7 130
5 8 67
5 9 120
5 42 117
5 43 48
5 44 95
5 13 23
5 10 31
5 15 124
5 16 95
5 18 81
5 19 11
5 20 39
5 27 133
5 29 83
6 32 92
6 8 115
6 9 119
6 42 27
6 12 73
6 15 60
6 47 153
6 48 62
6 17 100
6 18 144
6 14 74
6 24 136
6 27 142
6 29 14
6 30 43
6 16 97
7 32 54
7 33 67
7 40 31
7 9 105
7 10 89
7 44 73
7 45 129
7 12 52
7 47 124
7 16 87
7 17 85
7 19 153
7 20 30
7 25 126
7 15 42
8 19 127
8 35 129
8 17 61
8 9 41
8 10 139
8 44 130
8 13 74
8 14 61
8 15 35
8 16 100
8 49 71
8 21 106
8 41 146
8 24 65
9 39 16
9 12 35
9 13 106
9 45 42
9 15 110
9 16 147
9 49 125
9 19 117
9 20 75
9 17 143
9 23 92
9 27 96
9 29 69
10 11 107
10 17 113
10 37 43
10 39 100
10 13 110
10 14 151
10 16 15
10 49 94
10 18 32
10 19 77
10 24 137
10 25 118
10 27 102
10 30 30
11 32 143
11 16 70
11 33 121
11 42 85
11 12 47
11 34 104
11 14 108
11 15 110
11 48 36
11 17 74
11 18 45
11 19 93
11 21 114
11 22 24
11 27 52
11 29 72
12 32 118
12 33 10
12 34 40
12 17 20
12 42 105
12 14 27
12 16 23
12 49 109
12 18 69
12 19 61
12 20 77
12 22 118
12 28 152
12 29 62
13 33 13
13 38 23
13 43 19
13 16 139
13 46 32
13 15 37
13 48 138
13 17 122
13 14 16
13 21 135
13 23 139
13 25 83
13 19 67
13 31 50
14 36 61
14 37 32
14 38 74
14 40 114
14 15 12
14 16 69
14 17 149
14 18 23
14 19 93
14 20 132
14 30 65
15 34 111
15 16 141
15 40 138
15 19 10
15 17 128
15 22 98
15 45 29
15 25 116
15 28 103
16 36 57
16 37 145
16 39 115
16 17 148
16 18 80
16 19 41
16 41 46
17 37 122
17 48 64
17 41 44
17 42 108
17 45 71
17 18 110
17 19 66
17 21 23
18 34 121
18 35 101
18 38 128
18 43 154
18 19 83
18 23 26
18 27 124
18 31 26
19 35 32
19 41 72
19 23 92
20 36 65
21 47 115
21 22 47
21 27 124
22 32 125
22 35 141
22 39 146
22 28 19
23 36 30
23 47 90
23 29 59
24 35 111
24 39 70
24 43 73
24 28 144
24 42 42
25 35 96
25 39 45
26 43 114
26 45 10
26 46 77
26 27 30
26 28 124
27 30 95
28 44 109
28 31 11
29 39 38
29 40 89
30 32 49
30 49 57
31 33 152
31 36 24
31 42 67
31 44 125
31 49 110
32 41 115
33 35 116
33 40 103
33 49 155
34 38 78
34 46 12
34 47 19
35 44 49
36 41 84
36 47 100
37 38 43
37 47 123
37 49 32
38 47 29
39 46 145
40 43 22
40 45 19
40 48 100
41 42 85
41 44 148
42 45 112
43 46 134
44 100000 1450
44 100002 1450
44 45 138
44 100003 1450
45 100002 1450
46 100001 1450
46 100003 1450
47 100000 1450
47 100004 1450
48 100001 1450
49 100000 1450
49 100004 1450
49 100001 1450
-2 2 1450
-2 3 1450
-2 5 1450
-5 1 1450
-5 3 1450
-4 3 1450
-4 4 1450
-3 1 1450
-3 3 1450
-1 0 1450
-1 2 1450
