0 32 27
0 1 90
0 35 119
0 9 122
0 12 65
0 3 78
0 23 79
0 24 57
0 27 127
0 30 42
1 4 98
1 38 93
1 6 87
1 8 54
1 14 97
1 20 61
1 21 34
1 23 95
1 31 46
2 34 130
2 6 49
2 38 22
2 7 151
2 9 144
2 13 151
2 16 71
2 18 28
2 23 89
2 25 145
3 33 119
3 36 149
3 5 124
3 32 112
3 12 11
3 19 83
3 21 122
3 22 23
3 26 90
4 35 125
4 36 145
4 5 18
4 8 59
4 22 99
4 23 27
4 24 33
4 27 131
4 29 21
5 38 68
5 11 61
5 14 76
5 15 81
5 20 137
5 22 83
5 23 121
5 25 81
6 32 91
6 7 33
6 8 126
6 20 142
6 23 23
6 24 113
6 26 10
6 28 38
7 38 99
7 39 143
7 16 21
7 18 143
7 19 101
7 20 83
7 25 130
7 30 114
8 33 85
8 38 114
8 14 112
8 17 128
8 19 118
8 28 144
8 37 30
9 32 144
9 38 113
9 10 26
9 13 68
9 15 154
9 20 149
9 24 105
9 29 126
10 33 64
10 39 102
10 16 145
10 20 61
10 23 23
10 25 115
10 26 27
10 29 128
10 31 127
11 33 129
11 36 28
11 38 108
11 39 11
11 19 39
11 22 154
11 37 93
11 30 143
11 31 154
12 34 49
12 38 108
12 21 36
12 23 153
12 26 81
12 27 29
12 28 137
12 30 136
13 32 144
13 34 116
13 35 83
13 36 67
13 37 65
13 38 34
13 22 50
13 31 90
14 32 67
14 34 34
14 36 80
14 16 75
14 20 154
14 30 21
14 37 17
15 34 131
15 35 89
15 39 45
15 17 33
15 24 86
15 26 113
15 28 138
15 29 153
16 35 44
16 36 138
16 38 61
16 17 127
16 22 130
16 25 114
17 33 40
17 35 124
17 21 38
17 23 23
17 26 42
17 28 45
17 30 97
18 34 43
18 35 46
18 37 16
18 19 99
18 20 17
18 21 77
18 29 39
18 31 134
19 33 37
19 34 81
19 21 45
19 29 43
19 31 122
20 32 39
20 35 135
20 36 155
20 22 98
20 26 111
20 27 78
20 30 74
20 37 44
21 34 100
21 37 47
21 39 18
21 33 61
21 22 78
21 23 126
21 24 141
21 26 65
21 27 76
21 28 71
22 32 149
22 39 111
22 25 95
22 26 95
22 28 104
22 29 151
22 30 12
22 31 123
23 33 52
23 34 142
23 24 89
23 27 143
23 29 144
23 30 65
24 33 86
24 38 132
24 39 65
24 25 70
24 36 35
24 26 13
24 27 107
24 28 43
24 30 66
25 32 75
25 33 116
25 35 110
25 39 90
25 37 81
25 27 117
25 28 132
25 29 77
25 31 94
26 33 137
26 34 117
26 37 123
26 39 35
26 27 106
26 28 65
27 33 111
27 35 63
27 39 66
27 36 35
27 28 49
27 29 77
27 30 24
28 32 70
28 34 69
28 35 23
28 37 27
28 29 96
29 32 53
29 34 74
29 37 133
29 39 19
29 31 17
30 32 38
30 34 87
30 35 12
30 36 33
30 31 130
31 32 40
31 35 126
31 36 73
31 33 47
31 38 50
31 39 17
32 36 62
32 37 54
32 39 127
33 36 120
33 38 41
33 39 61
34 100001 1450
34 35 130
34 36 136
34 38 83
34 100003 1450
35 100001 1450
35 37 149
35 36 61
35 100004 1450
36 37 38
36 100000 1450
36 100003 1450
37 100000 1450
37 38 74
37 39 69
37 100004 1450
38 100004 1450
38 100002 1450
38 39 10
39 100002 1450
-2 1 1450
-2 2 1450
-2 3 1450
-5 0 1450
-5 3 1450
-5 4 1450
-4 1 1450
-4 3 1450
-4 4 1450
-3 1 1450
-3 3 1450
-1 0 1450
-1 1 1450
-1 5 1450
