0 1 75
0 2 20
0 3 85
0 4 40
0 5 138
0 6 57
0 7 13
0 8 91
0 9 99
0 10 141
0 12 151
0 13 13
0 14 46
0 15 141
0 16 37
0 17 143
0 18 35
0 19 16
0 20 143
0 30 48
0 34 108
0 36 145
1 2 121
1 3 58
1 4 79
1 6 132
1 7 139
1 8 108
1 9 129
1 10 15
1 11 11
1 12 87
1 13 66
1 14 25
1 15 135
1 16 148
1 17 63
1 18 51
1 19 80
1 25 145
1 27 134
1 30 136
1 34 21
2 3 122
2 4 60
2 5 68
2 6 89
2 7 48
2 8 143
2 9 148
2 10 78
2 11 152
2 12 83
2 13 24
2 14 131
2 15 145
2 16 76
2 17 80
2 18 25
2 19 135
2 20 154
2 32 86
2 37 94
3 4 54
3 5 121
3 6 87
3 7 14
3 8 86
3 9 99
3 10 83
3 11 124
3 12 101
3 13 58
3 14 15
3 15 60
3 16 92
3 17 121
3 18 123
3 19 63
3 25 107
3 28 77
3 37 143
4 5 103
4 6 79
4 7 103
4 8 93
4 9 149
4 10 16
4 11 110
4 12 85
4 13 42
4 14 28
4 15 105
4 16 116
4 17 111
4 18 17
4 19 138
4 21 38
4 30 17
4 38 126
5 6 49
5 7 104
5 8 72
5 9 142
5 10 110
5 11 123
5 12 132
5 13 92
5 14 151
5 15 94
5 16 96
5 17 139
5 18 141
5 19 26
5 21 12
5 23 78
5 36 48
5 37 103
6 7 121
6 8 39
6 9 116
6 10 75
6 11 19
6 12 147
6 13 120
6 14 129
6 15 79
6 16 56
6 17 116
6 18 147
6 19 26
6 21 82
6 29 90
6 39 15
7 8 62
7 9 149
7 10 103
7 12 118
7 13 73
7 14 40
7 15 83
7 16 78
7 17 69
7 18 121
7 19 59
7 28 147
7 31 104
7 33 33
7 37 63
8 9 49
8 10 122
8 11 117
8 12 36
8 13 54
8 14 141
8 15 11
8 16 38
8 17 71
8 18 128
8 19 128
8 21 84
8 29 87
8 30 49
9 10 103
9 11 31
9 12 29
9 13 57
9 14 62
9 15 25
9 16 36
9 17 115
9 18 120
9 19 149
9 22 27
9 23 73
9 39 84
10 11 143
10 12 119
10 14 95
10 15 154
10 16 103
10 17 41
10 18 42
10 19 65
10 20 148
10 26 117
10 29 40
10 35 132
11 12 75
11 13 58
11 14 131
11 15 10
11 17 69
11 18 132
11 19 80
11 22 155
11 25 28
11 26 75
11 28 118
11 32 16
11 35 112
12 13 44
12 14 38
12 15 135
12 16 50
12 17 140
12 18 148
12 19 149
12 24 154
12 26 43
12 36 58
13 14 136
13 15 29
13 16 122
13 17 93
13 18 56
13 19 127
13 27 126
13 31 54
13 32 10
13 35 44
14 15 73
14 16 59
14 17 50
14 18 138
14 19 35
14 20 39
14 31 95
14 34 122
15 16 140
15 17 76
15 18 59
15 19 99
15 34 37
15 38 104
15 39 27
16 17 30
16 18 109
16 19 154
16 24 51
16 27 27
16 29 128
16 31 104
17 18 35
17 19 88
17 28 78
17 33 73
17 35 20
18 19 90
18 22 25
18 24 86
18 33 98
19 25 145
19 38 109
19 39 67
20 25 86
21 33 130
22 36 73
23 32 96
23 27 120
24 38 123
25 35 143
26 33 73
27 36 109
28 38 102
29 38 104
30 36 153
31 32 96
32 38 148
33 35 31
34 100001 1450
35 100000 1450
35 100003 1450
35 100004 1450
36 100001 1450
36 100004 1450
37 100002 1450
37 100004 1450
38 100002 1450
38 100003 1450
39 100000 1450
39 100001 1450
-2 1 1450
-2 2 1450
-2 3 1450
-5 3 1450
-5 4 1450
-4 0 1450
-4 3 1450
-3 2 1450
-3 4 1450
-3 5 1450
-1 2 1450
-1 5 1450
