0 1 25
0 2 96
0 3 20
0 4 43
0 5 151
0 7 58
0 8 119
0 9 88
0 12 111
0 13 134
0 14 39
0 15 146
0 16 23
0 17 79
0 19 56
0 25 51
0 32 57
0 36 127
0 37 152
0 53 139
0 55 63
0 56 114
0 58 30
1 2 112
1 3 74
1 4 44
1 5 134
1 6 58
1 7 19
1 8 71
1 9 103
1 12 67
1 13 132
1 14 19
1 16 138
1 17 68
1 19 88
1 20 77
1 21 102
1 32 117
1 40 15
1 42 121
1 43 105
1 54 32
1 57 19
2 4 60
2 5 69
2 6 81
2 7 38
2 8 25
2 9 134
2 10 64
2 11 80
2 12 105
2 13 55
2 14 34
2 16 20
2 18 43
2 19 143
2 27 97
2 28 121
2 33 81
2 43 17
2 45 144
2 46 23
2 51 13
3 4 126
3 5 69
3 6 95
3 7 23
3 8 23
3 9 146
3 11 51
3 12 140
3 13 59
3 14 54
3 15 89
3 16 112
3 17 72
3 19 53
3 21 128
3 29 141
3 34 150
3 37 151
3 41 25
3 56 86
3 58 81
4 5 100
4 6 38
4 7 65
4 8 31
4 11 108
4 13 27
4 14 114
4 16 24
4 17 129
4 19 88
4 21 126
4 24 84
4 27 141
4 31 55
4 36 54
4 51 53
4 53 40
4 56 94
4 58 154
5 6 76
5 7 120
5 8 59
5 9 17
5 11 50
5 12 18
5 13 24
5 14 144
5 15 102
5 16 44
5 17 63
5 18 117
5 38 129
5 39 77
5 41 140
5 50 100
5 54 101
5 57 106
6 7 120
6 10 17
6 11 56
6 12 93
6 13 41
6 14 18
6 15 86
6 17 25
6 18 22
6 19 68
6 26 36
6 35 51
6 37 68
6 38 22
6 46 142
6 50 40
6 55 43
6 59 56
7 8 29
7 9 80
7 10 93
7 11 109
7 13 122
7 14 34
7 15 20
7 16 48
7 17 31
7 18 103
7 19 150
7 25 40
7 28 132
7 35 55
7 36 128
7 48 79
8 9 128
8 10 32
8 12 86
8 13 138
8 14 55
8 15 44
8 16 57
8 17 116
8 18 113
8 19 110
8 21 87
8 22 90
8 24 131
8 36 38
8 48 146
8 50 92
9 11 148
9 12 10
9 13 99
9 14 146
9 15 50
9 17 66
9 19 35
9 25 28
9 27 128
9 32 63
9 38 42
9 39 153
9 50 144
9 51 57
9 58 61
9 59 94
10 11 98
10 12 10
10 14 33
10 16 69
10 18 81
10 19 134
10 25 104
10 30 107
10 36 91
10 37 22
10 39 47
10 43 17
10 45 107
10 47 40
10 48 143
10 49 94
10 51 96
10 54 45
10 58 143
11 12 146
11 13 116
11 14 139
11 15 136
11 16 128
11 17 65
11 18 72
11 22 11
11 24 30
11 25 63
11 30 54
11 42 12
11 49 151
11 54 137
11 59 58
12 13 109
12 14 148
12 15 133
12 16 50
12 17 96
12 19 131
12 21 58
12 24 32
12 26 105
12 33 47
12 34 91
12 45 57
12 49 50
13 16 74
13 17 142
13 18 45
13 25 54
13 26 79
13 30 84
13 31 54
13 32 88
13 44 104
13 47 103
13 54 60
14 15 138
14 16 149
14 17 116
14 18 47
14 19 152
14 25 102
14 30 115
14 31 93
14 43 71
14 44 104
15 16 155
15 17 133
15 18 75
15 19 34
15 28 52
15 33 109
15 35 89
15 39 69
15 40 85
15 42 96
15 45 48
15 46 102
15 53 55
16 17 102
16 18 63
16 19 64
16 24 12
16 27 141
16 33 94
16 37 11
16 44 151
16 59 80
17 18 122
17 19 37
17 23 41
17 29 24
17 37 82
17 44 35
17 48 115
17 52 29
18 19 44
18 25 73
18 30 57
18 34 136
18 41 76
18 42 81
18 44 81
18 45 49
18 50 15
18 51 82
18 58 89
19 24 138
19 25 106
19 33 50
19 37 34
19 46 122
19 52 70
19 55 77
20 34 62
20 41 26
20 42 67
20 43 154
20 49 81
20 55 22
20 26 115
20 59 92
20 28 78
21 46 97
21 53 129
21 56 83
21 58 129
21 28 70
22 35 153
22 40 83
22 41 16
22 43 64
22 44 34
22 46 20
22 55 103
22 59 70
23 32 37
23 35 65
23 39 80
23 41 97
23 52 140
23 57 88
23 27 38
23 29 28
23 30 98
24 35 135
24 46 69
24 49 39
24 54 36
25 53 99
26 36 120
26 47 144
26 49 125
26 53 109
26 57 127
26 52 114
27 34 69
27 39 40
27 44 120
27 47 123
27 31 65
28 38 10
28 43 35
28 44 57
28 56 53
28 47 138
29 33 85
29 41 31
29 55 118
29 45 37
29 53 12
29 54 49
29 57 135
30 50 20
30 49 13
30 51 151
30 52 29
31 38 49
31 40 53
31 45 144
31 46 110
31 47 49
31 57 132
32 36 111
32 41 50
32 44 96
32 50 141
32 51 14
33 34 94
33 52 76
33 53 129
33 59 94
34 36 102
34 42 85
34 46 63
34 48 13
35 44 56
35 48 71
35 56 54
35 57 53
36 47 95
36 56 54
37 38 69
37 50 80
37 42 130
38 39 12
38 49 18
38 57 124
38 59 55
39 46 126
39 58 100
39 59 15
40 47 43
40 48 125
40 51 132
40 53 119
40 55 93
40 57 140
41 45 86
41 56 19
42 48 28
42 52 70
42 56 89
43 47 152
43 49 54
43 52 87
44 51 21
45 51 133
45 58 98
46 53 134
47 55 69
48 52 28
48 57 73
49 55 62
50 54 20
50 55 128
51 54 129
52 58 138
53 54 97
54 100000 1450
54 100004 1450
54 100001 1450
55 100002 1450
55 100003 1450
56 100001 1450
56 59 127
57 58 20
58 100000 1450
58 100002 1450
58 100003 1450
58 100004 1450
59 100003 1450
59 100004 1450
-2 3 1450
-2 4 1450
-5 0 1450
-5 3 1450
-5 4 1450
-4 0 1450
-4 2 1450
-3 0 1450
-3 1 1450
-1 3 1450
-1 4 1450
-1 5 1450
