0 2 12
0 6 119
0 39 140
0 8 73
0 9 105
0 14 78
0 17 39
0 46 12
0 22 54
0 41 97
0 24 34
0 28 62
1 32 66
1 3 29
1 38 133
1 49 35
1 9 23
1 39 122
1 17 132
1 35 142
1 20 32
1 43 104
1 24 79
1 27 37
2 34 123
2 35 122
2 38 116
2 7 146
2 9 130
2 39 114
2 45 21
2 47 118
2 16 64
2 15 37
2 30 99
3 4 135
3 41 96
3 42 123
3 11 58
3 12 41
3 46 75
3 21 144
3 22 121
3 24 142
3 26 71
3 27 131
4 34 147
4 36 16
4 5 68
4 40 25
4 44 83
4 48 143
4 17 80
4 18 49
4 27 114
4 30 68
4 37 41
5 37 154
5 6 26
5 8 113
5 10 102
5 14 115
5 15 32
5 21 134
5 23 57
5 25 85
5 26 62
5 38 121
6 33 132
6 41 22
6 43 63
6 44 63
6 13 27
6 14 137
6 47 61
6 46 73
6 22 27
6 28 92
7 35 32
7 36 155
7 40 93
7 41 13
7 34 118
7 18 130
7 19 27
7 20 110
7 9 50
7 25 51
7 30 90
8 39 101
8 41 26
8 14 95
8 47 126
8 48 119
8 18 118
8 19 51
8 25 122
8 30 102
8 31 11
9 35 28
9 32 87
9 40 154
9 46 101
9 47 51
9 14 76
9 22 150
9 25 10
10 41 137
10 11 22
10 44 93
10 14 120
10 15 141
10 49 52
10 20 148
10 21 82
10 24 146
10 47 19
10 28 39
11 33 71
11 45 101
11 36 11
11 41 18
11 13 18
11 15 134
11 35 113
11 23 52
11 28 10
11 42 25
12 32 33
12 38 103
12 45 106
12 14 112
12 20 28
12 22 102
12 24 46
12 26 15
12 27 56
12 28 33
12 31 65
13 32 145
13 36 32
13 37 64
13 40 65
13 42 121
13 45 36
13 14 37
13 47 91
13 25 149
13 29 130
14 46 71
14 23 97
14 25 24
14 26 45
15 36 131
15 41 49
15 48 18
15 17 121
15 18 103
15 23 139
15 26 150
15 29 70
16 33 44
16 35 149
16 37 69
16 38 25
16 39 59
16 40 76
16 43 66
16 44 18
16 47 47
16 19 93
16 23 66
17 33 90
17 34 125
17 36 56
17 42 101
17 46 92
17 19 132
17 32 144
17 22 10
18 34 11
18 37 128
18 39 99
18 44 89
18 47 29
18 25 38
18 28 104
18 29 32
19 36 130
19 43 122
19 45 145
19 20 32
19 21 71
19 23 63
19 24 82
19 29 43
20 37 141
20 38 139
20 42 58
20 45 154
20 49 58
20 25 114
20 27 80
20 29 65
20 30 85
20 31 18
21 34 76
21 36 38
21 37 88
21 39 111
21 41 121
21 43 96
21 47 93
21 49 107
21 25 22
21 27 17
21 42 118
22 35 154
22 37 72
22 42 77
22 46 77
22 23 110
22 25 75
22 29 60
22 30 29
22 31 13
23 33 27
23 35 25
23 37 56
23 42 80
23 44 88
23 45 103
23 26 106
23 28 117
24 37 56
24 33 119
24 40 10
24 43 155
24 46 49
24 47 129
24 49 143
24 26 37
24 30 149
25 35 27
25 43 94
25 49 93
25 26 116
25 37 11
26 35 135
26 40 98
26 41 127
26 45 67
26 27 106
26 29 123
26 37 105
27 34 106
27 37 151
27 38 61
27 42 87
27 48 86
27 28 101
27 30 101
27 31 22
28 34 18
28 43 21
28 40 144
28 42 12
28 44 149
28 45 147
28 46 82
29 32 114
29 34 11
29 39 79
29 45 98
29 48 36
29 49 97
29 30 155
29 31 36
30 33 113
30 34 128
30 39 80
30 43 19
30 44 89
30 48 20
31 49 149
31 38 101
31 39 49
31 42 113
31 43 111
31 44 152
31 45 86
31 46 127
31 40 46
32 33 35
32 34 142
32 35 23
32 36 13
32 38 62
32 40 73
32 41 94
32 44 145
32 48 58
33 34 42
33 43 119
33 38 114
33 40 82
33 44 61
33 47 101
33 49 36
34 40 10
34 41 72
34 43 82
35 48 40
35 44 83
35 46 14
35 49 125
36 37 55
36 38 77
36 43 28
36 45 56
36 47 60
36 48 67
37 42 133
38 41 61
38 42 82
38 43 22
38 47 18
39 49 46
39 40 111
39 44 116
39 45 15
39 46 119
40 48 15
40 49 130
41 46 121
41 42 128
42 49 115
43 47 138
44 100002 1450
44 48 134
44 46 144
44 100003 1450
44 100001 1450
44 100000 1450
45 100000 1450
45 48 101
45 49 124
46 100002 1450
46 100004 1450
46 48 63
47 100003 1450
47 48 100
47 100001 1450
48 100004 1450
48 49 84
48 100003 1450
49 100000 1450
49 100002 1450
49 100001 1450
-2 0 1450
-2 1 1450
-2 2 1450
-5 0 1450
-5 3 1450
-5 5 1450
-4 1 1450
-4 4 1450
-4 5 1450
-3 2 1450
-3 4 1450
-1 0 1450
-1 2 1450
