0 8 63
0 48 84
0 23 98
0 24 22
0 25 116
0 28 35
1 39 119
1 16 28
1 21 86
1 22 110
1 28 117
1 30 115
2 39 53
2 41 83
2 43 111
2 19 75
2 20 11
2 27 102
3 32 100
3 35 48
3 40 124
3 41 72
3 45 131
3 49 57
4 32 103
4 37 15
4 12 66
4 46 77
4 17 138
4 30 147
5 36 17
5 39 140
5 11 155
5 47 60
5 15 129
5 28 84
6 36 104
6 43 52
6 17 121
6 21 108
6 27 81
6 31 35
7 34 149
7 38 35
7 13 115
7 24 27
7 27 10
7 31 80
8 34 75
8 12 95
8 20 25
8 23 147
8 30 136
9 12 140
9 48 89
9 19 15
9 20 155
9 30 149
9 31 147
10 35 46
10 36 40
10 45 78
10 14 151
10 28 120
10 31 83
11 34 132
11 5 27
11 39 63
11 14 57
11 46 36
11 22 127
12 9 113
12 15 155
12 22 45
12 47 19
13 34 73
13 36 17
13 7 40
13 43 46
13 45 124
13 20 83
14 32 23
14 38 109
14 10 35
14 11 86
14 46 20
14 48 53
15 33 85
15 37 48
15 43 77
15 12 139
15 48 117
15 5 115
16 1 26
16 39 83
16 41 26
16 45 149
16 18 130
16 29 75
17 35 123
17 4 117
17 6 125
17 49 112
17 25 29
17 27 80
18 37 131
18 16 41
18 20 89
18 24 42
18 27 17
18 29 129
19 2 74
19 39 151
19 9 142
19 45 122
19 25 90
19 31 104
20 33 125
20 2 69
20 34 127
20 37 98
20 38 53
20 8 84
20 9 60
20 42 29
20 43 145
20 44 17
20 13 89
20 46 12
20 45 155
20 48 17
20 18 42
20 22 152
20 23 49
20 24 144
20 47 127
20 30 40
21 35 50
21 36 87
21 38 116
21 6 136
21 39 38
21 40 130
21 41 77
21 42 92
21 45 144
21 46 11
21 47 31
21 49 149
21 22 13
21 24 49
21 25 14
21 33 67
21 27 96
21 28 33
21 30 70
22 32 116
22 1 146
22 34 63
22 36 123
22 33 41
22 44 124
22 42 30
22 11 106
22 12 75
22 46 115
22 47 140
22 48 124
22 41 45
22 20 17
22 21 138
22 23 13
22 25 79
22 26 75
22 29 35
22 31 99
23 33 15
23 32 151
23 37 71
23 38 18
23 39 143
23 8 113
23 41 99
23 42 29
23 44 28
23 47 15
23 48 147
23 49 134
23 20 68
23 22 43
23 40 32
23 24 59
23 26 136
23 27 94
23 28 104
24 32 92
24 35 19
24 36 16
24 37 41
24 38 67
24 7 79
24 41 97
24 43 78
24 49 13
24 18 108
24 20 42
24 21 28
24 23 41
24 25 92
24 26 40
24 27 116
24 28 61
24 29 100
24 30 93
25 32 87
25 0 148
25 34 113
25 37 119
25 38 56
25 49 49
25 40 100
25 42 99
25 46 22
25 47 40
25 48 61
25 17 35
25 19 90
25 21 112
25 22 151
25 24 39
25 28 138
25 29 82
25 30 61
25 31 97
26 32 59
26 33 114
26 34 38
26 35 86
26 36 14
26 37 106
26 40 48
26 41 92
26 42 45
26 43 88
26 44 136
26 45 89
26 46 86
26 22 76
26 23 26
26 24 47
26 27 80
26 28 132
26 29 71
26 31 25
27 33 44
27 2 32
27 36 91
27 6 149
27 38 139
27 7 116
27 40 77
27 43 141
27 45 122
27 46 57
27 17 61
27 18 51
27 21 87
27 23 145
27 24 54
27 39 105
27 49 29
27 26 94
27 29 70
27 30 49
28 32 96
28 33 80
28 35 92
28 1 51
28 5 42
28 0 17
28 39 59
28 40 34
28 41 35
28 10 66
28 44 64
28 47 86
28 48 107
28 21 34
28 23 144
28 24 84
28 25 44
28 26 99
28 29 54
28 37 130
29 32 47
29 33 46
29 35 128
29 38 106
29 42 110
29 43 19
29 44 57
29 45 47
29 46 111
29 47 37
29 16 93
29 49 106
29 18 109
29 22 91
29 24 17
29 25 45
29 26 106
29 27 49
29 28 19
29 30 27
30 34 78
30 27 139
30 4 140
30 37 70
30 39 41
30 8 84
30 9 13
30 43 98
30 45 130
30 47 85
30 48 98
30 40 106
30 20 85
30 21 145
30 24 98
30 25 132
30 31 53
30 29 119
30 36 75
31 32 20
31 33 71
31 34 109
31 36 78
31 38 67
31 6 60
31 7 67
31 40 16
31 9 44
31 42 111
31 44 83
31 46 114
31 48 34
31 49 71
31 19 68
31 22 138
31 25 112
31 26 40
31 10 94
31 30 10
32 33 147
32 34 148
32 3 79
32 36 144
32 37 121
32 38 155
32 40 105
32 41 118
32 42 133
32 44 104
32 14 41
32 22 133
32 23 127
32 24 74
32 25 24
32 26 10
32 28 72
32 29 84
32 4 63
32 31 35
33 34 105
33 35 139
33 38 84
33 39 152
33 43 11
33 44 124
33 45 125
33 46 114
33 15 133
33 49 34
33 20 147
33 21 59
33 22 95
33 23 25
33 26 107
33 27 55
33 28 94
33 29 87
33 31 89
34 43 35
34 37 30
34 7 97
34 8 130
34 11 63
34 44 79
34 13 33
34 46 96
34 49 113
34 48 123
34 40 109
34 35 151
34 20 38
34 22 15
34 25 59
34 26 75
34 30 56
34 31 99
35 36 105
35 37 144
35 38 118
35 40 85
35 41 31
35 10 64
35 44 102
35 45 85
35 46 137
35 47 17
35 17 46
35 29 62
35 21 145
35 24 99
35 26 31
35 28 87
35 42 112
36 39 147
36 40 148
36 38 54
36 10 73
36 43 16
36 44 132
36 13 78
36 49 62
36 21 58
36 22 33
36 24 41
36 26 82
36 27 108
36 42 29
36 30 120
36 31 73
37 40 92
37 41 101
37 42 149
37 44 111
37 15 108
37 48 83
37 49 119
37 18 125
37 20 31
37 23 31
37 24 35
37 25 104
37 26 80
37 47 40
37 28 98
37 30 113
38 33 118
38 35 59
38 36 137
38 7 66
38 40 124
38 41 117
38 42 151
38 39 17
38 44 76
38 45 88
38 14 48
38 20 21
38 21 100
38 23 142
38 24 73
38 25 77
38 27 120
38 29 13
38 31 10
39 43 95
39 36 12
39 5 142
39 38 10
39 48 108
39 11 29
39 44 103
39 45 153
39 46 31
39 16 42
39 49 148
39 19 15
39 21 149
39 23 44
39 33 63
39 27 144
39 28 123
39 30 68
40 3 115
40 36 146
40 37 26
40 38 138
40 41 150
40 42 96
40 45 17
40 46 31
40 49 142
40 35 14
40 21 124
40 23 103
40 25 76
40 26 145
40 27 42
40 28 33
40 30 47
40 31 65
41 38 87
41 40 36
41 42 32
41 43 53
41 44 30
41 45 52
41 47 47
41 16 64
41 49 39
41 35 43
41 21 55
41 22 118
41 23 121
41 24 36
41 26 18
41 28 53
42 37 115
42 38 131
42 40 48
42 41 44
42 43 55
42 44 25
42 46 155
42 47 99
42 48 99
42 20 105
42 21 136
42 22 50
42 23 60
42 25 13
42 26 31
42 29 14
42 31 20
43 45 25
43 47 35
43 15 39
43 48 122
43 20 70
43 46 88
43 24 121
43 26 32
43 27 40
43 29 40
43 30 126
44 26 78
44 28 138
44 29 67
44 31 85
44 32 105
44 33 140
44 34 143
44 35 140
44 36 30
44 37 127
44 38 151
44 39 103
44 41 39
44 42 124
44 47 49
44 48 19
44 49 136
44 100000 1450
44 100002 1450
45 100004 1450
45 47 124
45 16 133
45 49 154
45 19 41
45 20 122
45 21 52
45 26 34
45 27 12
45 29 54
45 30 75
45 35 67
46 14 96
46 20 30
46 21 82
46 22 131
46 25 41
46 26 57
46 27 38
46 29 88
46 31 57
46 33 153
46 34 146
46 35 45
46 39 56
46 40 93
46 42 50
46 43 149
46 47 28
46 48 58
46 100002 1450
46 100003 1450
47 100000 1450
47 100001 1450
47 100004 1450
47 48 34
47 49 111
47 100003 1450
48 100000 1450
48 100001 1450
48 100003 1450
48 100004 1450
48 49 18
48 100002 1450
-2 1 1450
-2 5 1450
-5 0 1450
-5 1 1450
-5 5 1450
-4 1 1450
-4 5 1450
-3 0 1450
-3 2 1450
-3 4 1450
-1 2 1450
-1 3 1450
-1 4 1450
