0 1 81
0 2 28
0 3 130
0 4 81
0 5 132
0 6 113
0 7 52
0 8 96
0 9 91
0 11 50
0 12 73
0 13 61
0 14 80
0 15 143
0 17 18
0 18 123
0 19 116
0 22 118
0 23 66
0 34 42
0 35 146
0 38 43
0 45 144
0 46 148
1 2 43
1 3 57
1 4 15
1 5 83
1 6 116
1 7 74
1 8 113
1 9 43
1 10 34
1 11 68
1 12 35
1 13 106
1 14 11
1 15 76
1 16 103
1 17 127
1 18 110
1 19 28
1 24 36
1 30 92
1 33 70
1 35 87
1 49 77
2 4 35
2 5 128
2 6 72
2 7 39
2 8 153
2 9 103
2 10 65
2 11 93
2 12 113
2 13 40
2 14 132
2 15 64
2 16 56
2 17 98
2 18 81
2 19 77
2 26 150
2 34 100
2 37 94
2 41 108
2 47 70
2 49 25
3 4 87
3 5 154
3 7 125
3 9 59
3 10 66
3 11 114
3 12 131
3 13 128
3 14 44
3 16 122
3 18 14
3 20 19
3 21 20
3 24 132
3 28 14
3 29 103
3 38 44
3 40 99
3 42 104
3 46 31
3 48 64
3 49 146
4 5 145
4 6 115
4 7 56
4 8 54
4 9 114
4 10 155
4 11 33
4 13 26
4 14 98
4 15 78
4 17 29
4 18 62
4 19 59
4 21 13
4 28 119
4 36 120
4 37 120
4 39 77
4 41 125
4 43 60
5 6 121
5 7 66
5 8 138
5 9 57
5 10 47
5 11 150
5 12 71
5 13 147
5 14 108
5 15 122
5 16 60
5 17 98
5 18 153
5 19 72
5 31 29
5 32 130
5 33 74
5 37 24
5 39 28
6 7 103
6 8 129
6 9 15
6 10 91
6 12 130
6 13 102
6 14 79
6 15 88
6 16 73
6 17 117
6 18 21
6 19 146
6 22 76
6 29 100
6 32 75
6 34 16
6 35 82
6 36 90
6 41 73
7 8 96
7 9 55
7 10 78
7 11 54
7 12 151
7 14 98
7 15 31
7 16 143
7 17 120
7 18 42
7 19 70
7 22 78
7 26 84
7 39 18
7 41 31
7 44 142
7 46 136
8 10 140
8 11 135
8 12 66
8 13 49
8 14 58
8 16 49
8 17 52
8 18 110
8 19 22
8 20 10
8 27 27
8 28 150
8 34 61
8 39 152
8 44 81
8 46 154
8 49 32
9 11 103
9 12 84
9 13 14
9 14 77
9 15 59
9 16 50
9 17 146
9 19 149
9 20 111
9 23 70
9 27 118
9 28 146
9 31 75
9 35 18
9 48 109
9 49 148
10 11 147
10 12 72
10 13 137
10 14 128
10 15 95
10 16 78
10 17 33
10 18 23
10 19 155
10 20 140
10 22 91
10 25 154
10 33 77
10 35 134
10 37 49
10 38 23
11 12 72
11 13 13
11 14 73
11 15 51
11 16 86
11 18 35
11 19 33
11 22 31
11 24 66
11 27 51
11 34 146
11 38 125
11 40 134
11 41 43
12 13 132
12 14 27
12 15 78
12 16 40
12 17 37
12 18 40
12 19 32
12 22 80
12 24 65
12 25 126
12 28 118
12 46 86
12 48 60
13 14 24
13 15 138
13 16 95
13 17 22
13 18 62
13 20 26
13 21 134
13 23 16
13 31 52
13 37 37
13 38 134
13 39 124
14 15 24
14 16 24
14 17 69
14 18 121
14 19 35
14 24 37
14 28 45
14 37 97
14 44 44
14 48 10
15 16 53
15 17 118
15 18 107
15 19 40
15 25 115
15 29 60
15 30 155
15 32 18
15 40 46
15 43 12
15 49 79
16 17 79
16 18 20
16 19 16
16 23 99
16 27 42
16 28 147
16 36 18
16 45 112
16 47 94
16 49 139
17 18 153
17 19 14
17 27 126
17 30 96
17 37 139
17 39 96
17 41 89
17 42 20
17 45 113
18 19 155
18 20 20
18 21 69
18 27 141
18 33 28
18 43 94
18 47 48
19 21 39
19 23 145
19 33 35
19 36 87
19 38 119
19 44 77
19 46 48
20 42 145
20 21 13
21 39 106
21 30 69
22 47 121
22 26 23
23 40 31
23 42 136
23 30 116
24 34 87
24 41 68
24 43 45
25 36 114
25 37 16
25 43 125
25 48 106
25 27 81
26 36 30
26 43 37
26 44 48
26 47 114
26 30 94
27 48 124
28 39 102
29 33 85
29 34 129
29 45 153
29 46 101
29 49 135
30 44 134
30 45 103
31 32 118
31 36 37
31 38 147
31 40 98
31 43 84
32 33 62
32 34 89
32 43 148
32 44 88
33 42 99
34 47 84
35 40 100
35 42 128
35 45 117
36 38 111
37 48 37
38 47 94
39 44 66
40 41 85
40 48 97
41 42 12
42 44 154
42 45 34
43 45 95
44 100001 1450
44 100003 1450
45 100002 1450
45 100004 1450
45 47 103
46 100000 1450
46 100004 1450
46 47 72
47 100000 1450
47 48 126
47 100003 1450
47 100001 1450
48 100000 1450
48 100001 1450
48 100004 1450
49 100002 1450
49 100003 1450
-2 0 1450
-2 1 1450
-2 4 1450
-5 2 1450
-5 3 1450
-5 5 1450
-4 1 1450
-4 3 1450
-4 4 1450
-3 0 1450
-3 4 1450
-1 1 1450
-1 4 1450
