0 32 102
0 2 155
0 37 71
0 39 72
0 9 62
0 13 25
0 14 147
0 15 17
0 16 72
0 18 18
0 24 45
0 26 42
0 5 139
0 31 24
1 2 49
1 35 42
1 4 116
1 6 79
1 39 51
1 10 69
1 11 82
1 13 124
1 15 73
1 16 84
1 19 17
1 20 134
1 21 138
1 30 144
2 36 64
2 5 129
2 6 113
2 9 62
2 12 47
2 13 32
2 14 136
2 16 135
2 17 125
2 27 71
2 29 49
2 30 112
3 34 28
3 4 67
3 5 28
3 39 153
3 8 48
3 9 101
3 10 145
3 11 66
3 14 155
3 15 79
3 22 80
3 23 98
3 24 121
3 29 94
4 19 131
4 35 80
4 38 120
4 9 141
4 10 21
4 13 111
4 15 12
4 16 146
4 17 80
4 3 68
4 22 90
4 25 59
4 28 46
5 33 24
5 34 56
5 37 138
5 38 45
5 39 48
5 11 86
5 18 76
5 35 128
5 22 110
5 26 77
5 28 118
6 36 50
6 38 35
6 7 55
6 8 125
6 11 24
6 12 87
6 19 19
6 22 13
6 23 12
6 24 52
6 25 110
6 30 23
7 32 77
7 33 20
7 35 23
7 37 43
7 9 90
7 11 34
7 19 55
7 22 51
7 23 123
7 24 35
7 28 37
7 29 16
7 30 42
8 33 47
8 37 83
8 9 72
8 12 33
8 13 42
8 16 95
8 17 132
8 18 18
8 19 137
8 20 20
8 21 13
8 27 47
9 33 30
9 35 71
9 36 47
9 38 47
9 10 60
9 12 30
9 17 36
9 24 41
10 33 57
10 37 97
10 39 120
10 11 58
10 13 18
10 14 155
10 35 28
10 22 95
10 25 123
10 28 79
11 32 107
11 34 10
11 12 14
11 16 26
11 35 143
11 23 117
11 28 45
11 37 78
12 33 63
12 38 20
12 39 22
12 15 67
12 18 18
12 25 131
12 27 123
12 29 79
12 30 60
13 33 19
13 34 46
13 15 48
13 17 44
13 19 83
13 25 15
13 27 38
13 28 19
14 37 19
14 38 17
14 39 124
14 16 137
14 17 155
14 18 12
14 21 23
14 27 41
14 28 32
14 29 98
15 16 44
15 18 21
15 21 14
15 24 12
15 26 126
15 27 105
15 28 49
15 31 60
16 38 56
16 39 111
16 17 13
16 23 12
16 26 64
16 31 85
17 36 155
17 19 73
17 20 36
17 22 121
17 25 27
17 29 134
17 30 79
18 34 103
18 36 97
18 38 109
18 39 146
18 19 108
18 21 76
18 26 12
18 28 67
19 34 37
19 33 10
19 23 94
19 26 57
19 27 57
19 31 60
20 34 99
20 35 114
20 36 41
20 38 119
20 21 111
20 24 151
20 27 20
20 29 150
20 31 32
21 32 128
21 22 130
21 23 110
21 24 93
21 27 43
21 29 78
22 33 44
22 34 146
22 25 74
22 31 27
23 32 45
23 35 141
23 36 39
23 26 117
23 27 62
24 36 69
24 25 97
24 29 73
24 30 118
25 32 102
25 33 130
25 37 95
25 26 143
26 32 56
26 37 48
26 29 49
26 31 52
27 34 70
27 39 37
28 32 130
28 38 132
28 39 110
29 37 87
29 35 39
30 33 139
30 37 118
30 34 54
30 38 105
30 31 48
31 32 93
31 34 87
31 36 19
31 33 82
32 35 120
32 36 44
32 39 82
33 35 152
34 100002 1450
34 36 34
35 100002 1450
35 100003 1450
35 38 112
35 100001 1450
36 100000 1450
36 100003 1450
36 100004 1450
36 37 33
37 100001 1450
38 100002 1450
39 100004 1450
39 100003 1450
39 100001 1450
-2 0 1450
-2 1 1450
-5 0 1450
-5 1 1450
-5 2 1450
-4 0 1450
-4 2 1450
-4 5 1450
-3 0 1450
-3 1 1450
-3 4 1450
-1 1 1450
-1 3 1450
-1 5 1450
