0 1 58
0 2 12
0 3 106
0 5 138
0 38 78
0 39 64
0 8 13
0 9 117
0 10 130
0 7 46
0 12 56
0 14 77
0 19 54
0 20 18
0 24 84
0 27 56
0 29 57
1 32 60
1 35 79
1 4 122
1 38 94
1 39 12
1 9 83
1 10 97
1 11 72
1 13 123
1 15 155
1 17 67
1 18 105
1 19 103
1 22 21
1 23 58
1 29 130
2 3 96
2 4 55
2 5 71
2 6 72
2 39 103
2 8 141
2 9 121
2 12 139
2 15 48
2 17 55
2 18 129
2 21 36
2 22 35
2 24 133
2 25 138
2 29 150
3 35 69
3 36 68
3 6 55
3 7 84
3 8 138
3 9 58
3 10 83
3 11 123
3 13 15
3 17 47
3 18 81
3 19 63
3 26 90
3 28 18
3 30 130
4 32 42
4 33 53
4 6 104
4 39 10
4 11 81
4 12 42
4 13 16
4 15 68
4 16 106
4 17 138
4 19 11
4 24 15
4 25 60
4 28 36
4 31 84
5 33 89
5 36 85
5 8 47
5 9 129
5 11 61
5 12 89
5 14 94
5 16 63
5 17 135
5 19 73
5 20 112
5 21 76
5 22 27
5 28 73
5 29 100
6 33 57
6 34 34
6 37 34
6 39 34
6 11 110
6 16 69
6 18 73
6 19 130
6 20 123
6 22 140
6 23 34
6 7 120
6 25 45
6 31 109
7 33 59
7 32 57
7 39 116
7 9 61
7 10 144
7 12 145
7 13 133
7 14 128
7 16 19
7 18 20
7 23 58
7 25 81
7 29 101
7 30 23
8 19 118
8 34 50
8 36 39
8 38 133
8 9 116
8 11 16
8 13 112
8 17 150
8 18 145
8 35 112
8 28 22
8 29 93
8 31 101
9 33 86
9 38 105
9 10 37
9 11 109
9 12 116
9 13 23
9 16 83
9 18 39
9 19 79
9 30 59
10 36 68
10 37 53
10 38 83
10 12 93
10 14 92
10 15 29
10 16 87
10 17 145
10 18 137
10 19 23
10 27 31
10 28 121
11 32 91
11 34 121
11 12 57
11 14 142
11 15 52
11 16 93
11 18 131
11 20 133
11 21 98
11 26 112
12 32 54
12 33 77
12 38 45
12 14 49
12 17 50
12 18 116
12 19 60
12 24 76
12 26 50
13 32 118
13 34 79
13 39 27
13 15 149
13 16 112
13 17 21
13 18 89
13 19 16
13 21 50
13 25 62
13 30 27
14 37 52
14 38 136
14 15 29
14 18 79
14 19 127
14 21 13
14 23 131
14 24 24
14 26 48
14 27 134
14 30 83
15 35 63
15 38 22
15 39 103
15 18 22
15 19 16
15 26 93
15 27 37
15 28 55
15 29 104
15 30 37
16 32 45
16 35 25
16 38 77
16 17 127
16 19 46
16 21 10
16 25 96
16 27 88
16 30 106
17 34 133
17 18 22
17 19 56
17 20 143
17 24 129
17 25 100
17 26 60
18 37 111
18 33 121
18 28 53
19 35 22
19 31 57
20 32 26
20 37 82
20 24 84
20 26 155
21 37 90
21 23 86
21 24 69
22 32 70
22 36 120
22 37 55
22 29 28
22 31 140
23 34 78
23 26 106
23 27 146
23 31 60
24 27 19
25 33 50
25 27 79
26 34 26
27 36 153
28 36 22
28 31 142
29 37 53
30 35 14
30 37 85
31 34 83
31 35 39
32 33 53
33 34 74
34 100000 1450
34 100003 1450
35 100002 1450
35 36 72
35 100001 1450
35 100003 1450
35 100004 1450
36 100000 1450
36 100002 1450
36 100004 1450
36 39 21
37 100001 1450
37 100002 1450
37 100003 1450
37 100004 1450
38 39 65
39 100000 1450
-2 0 1450
-2 4 1450
-2 5 1450
-5 1 1450
-5 3 1450
-5 5 1450
-4 3 1450
-4 4 1450
-3 1 1450
-3 4 1450
-1 0 1450
