0 2 42
0 35 48
0 4 31
0 5 77
0 38 128
0 7 27
0 9 43
0 16 132
0 20 41
0 22 14
0 23 23
0 25 155
0 28 70
1 2 80
1 35 141
1 36 25
1 37 60
1 6 106
1 13 86
1 16 81
1 19 47
1 23 70
1 26 122
1 28 140
1 30 145
1 31 77
2 34 39
2 37 66
2 38 148
2 12 36
2 14 109
2 18 137
2 22 48
2 25 64
2 6 19
2 27 136
2 30 74
3 4 140
3 5 130
3 38 38
3 39 112
3 8 50
3 9 87
3 11 152
3 12 117
3 13 42
3 20 120
3 24 90
3 30 70
3 31 24
4 38 94
4 6 140
4 39 111
4 10 110
4 7 152
4 13 36
4 15 109
4 20 115
4 25 126
4 29 113
4 30 136
5 34 99
5 38 152
5 7 12
5 8 106
5 11 65
5 14 49
5 18 24
5 35 89
5 21 128
5 26 54
5 29 117
6 34 120
6 7 138
6 9 88
6 10 44
6 13 16
6 18 55
6 25 35
6 27 59
6 28 85
6 30 134
7 36 26
7 37 15
7 38 61
7 8 56
7 9 120
7 15 142
7 18 71
7 22 83
7 31 139
8 32 129
8 34 125
8 37 33
8 9 145
8 12 153
8 13 116
8 15 152
8 16 12
8 21 91
8 29 122
9 32 139
9 13 103
9 15 105
9 16 84
9 19 31
9 25 110
9 27 113
9 30 63
10 32 131
10 33 119
10 35 85
10 12 131
10 16 121
10 25 53
10 21 62
10 22 84
10 23 117
10 36 17
10 30 37
11 33 47
11 37 111
11 38 115
11 12 146
11 17 50
11 35 141
11 20 58
11 21 32
11 23 126
11 29 118
11 31 122
12 34 14
12 37 95
12 14 20
12 15 41
12 16 125
12 17 83
12 18 45
12 31 109
13 33 63
13 14 79
13 18 93
13 20 53
13 26 69
13 28 125
13 31 125
14 35 143
14 38 37
14 39 28
14 17 129
14 19 66
14 21 111
14 23 149
14 24 96
14 28 22
15 33 113
15 37 127
15 39 50
15 19 96
15 24 41
15 26 154
15 27 121
15 30 52
16 33 19
16 38 96
16 32 57
16 24 48
16 27 17
16 28 99
16 31 74
17 34 122
17 39 80
17 18 25
17 20 128
17 21 112
17 23 93
17 24 24
17 25 123
17 28 141
17 30 153
18 35 17
18 36 37
18 19 30
18 23 106
18 26 51
18 28 137
19 35 90
19 36 37
19 20 60
19 23 99
19 24 23
19 27 22
19 28 118
19 31 130
20 34 28
20 37 90
20 39 128
20 22 105
20 24 17
20 29 80
21 32 38
21 36 20
21 22 142
21 23 129
21 25 138
21 29 119
21 31 130
22 35 89
22 36 108
22 39 22
22 23 56
22 24 47
22 26 23
22 27 149
23 34 32
23 37 57
23 28 126
24 33 126
24 36 20
24 38 55
24 39 28
24 27 26
25 32 92
25 37 12
25 39 38
25 36 97
25 26 114
26 32 103
26 33 64
26 34 71
26 35 47
26 28 26
26 29 36
27 32 75
27 33 17
27 37 45
27 39 51
27 29 131
28 35 36
28 31 68
29 32 70
29 34 119
29 38 121
29 36 155
29 31 81
30 32 78
30 35 22
30 38 118
30 33 57
31 34 48
31 36 47
32 34 146
32 37 96
32 39 135
33 34 142
33 37 142
33 38 118
33 39 34
34 35 23
35 36 136
36 100002 1450
36 39 82
36 100001 1450
37 100000 1450
37 100002 1450
38 100004 1450
38 100000 1450
39 100001 1450
39 100004 1450
39 100003 1450
-2 3 1450
-2 4 1450
-5 0 1450
-5 4 1450
-4 1 1450
-4 4 1450
-3 0 1450
-3 1 1450
-3 2 1450
-1 3 1450
-1 4 1450
-1 5 1450
