0 32 32
0 36 142
0 39 144
0 9 18
0 12 40
0 24 89
0 27 58
0 28 100
0 29 105
1 33 65
1 35 71
1 37 67
1 7 128
1 39 100
1 12 151
1 26 155
1 30 130
1 5 110
2 33 121
2 35 127
2 6 56
2 10 15
2 23 44
2 25 126
2 28 77
2 29 56
2 31 65
3 32 133
3 33 111
3 37 83
3 38 119
3 39 46
3 20 143
3 29 113
3 30 113
3 31 75
4 33 154
4 38 121
4 15 132
4 17 71
4 20 132
4 22 17
4 24 31
4 26 22
4 31 72
5 35 29
5 36 23
5 39 124
5 11 94
5 13 66
5 14 52
5 28 29
5 31 153
6 32 50
6 35 69
6 8 139
6 17 66
6 18 96
6 21 19
6 25 16
6 31 45
7 35 144
7 8 130
7 13 52
7 14 46
7 21 55
7 23 30
7 27 95
7 28 152
8 32 52
8 33 130
8 34 97
8 35 149
8 15 109
8 23 12
8 30 123
9 33 33
9 36 61
9 38 107
9 14 61
9 22 50
9 24 119
9 25 89
9 29 43
10 33 48
10 37 90
10 39 12
10 16 12
10 17 44
10 20 50
10 26 91
10 27 108
11 32 40
11 35 38
11 36 60
11 12 115
11 13 100
11 19 30
11 20 120
11 27 85
12 34 48
12 37 143
12 16 129
12 21 127
12 23 94
12 28 120
13 36 133
13 38 16
13 22 35
13 23 43
13 26 27
13 30 82
14 32 155
14 39 14
14 15 78
14 18 102
14 20 154
14 21 41
15 37 66
15 19 68
15 20 116
15 21 15
15 36 77
15 28 15
16 32 85
16 17 52
16 19 152
16 21 95
16 22 112
16 26 145
16 31 135
17 34 31
17 24 101
17 28 87
17 29 132
17 31 11
18 34 125
18 36 78
18 37 132
18 22 44
18 23 89
18 24 48
18 31 31
19 32 42
19 34 154
19 20 75
19 25 78
19 26 153
19 27 18
20 33 119
20 39 138
20 21 73
20 22 70
20 23 50
20 25 154
20 26 90
20 29 86
20 30 26
20 31 140
21 33 74
21 34 146
21 35 104
21 36 130
21 39 135
21 24 58
21 25 149
21 27 66
21 29 17
21 30 26
22 37 96
22 38 31
22 39 38
22 23 60
22 24 94
22 25 51
22 26 76
22 27 140
22 28 123
22 29 26
22 31 138
23 32 28
23 34 43
23 38 65
23 39 10
23 24 53
23 25 117
23 27 15
23 28 108
23 29 46
24 33 142
24 35 145
24 37 11
24 38 135
24 39 31
24 36 135
24 27 99
24 28 123
24 30 95
25 32 89
25 33 131
25 35 30
25 37 28
25 39 95
25 26 119
25 27 52
25 28 105
25 29 35
26 34 85
26 35 151
26 38 138
26 36 36
26 27 96
26 28 47
26 30 66
26 31 86
27 32 11
27 34 121
27 35 90
27 29 106
27 30 60
27 31 64
28 35 42
28 38 59
28 34 140
28 30 18
28 37 117
29 33 103
29 37 94
29 38 80
29 39 65
29 34 50
29 31 62
30 32 127
30 34 32
30 35 34
30 36 38
30 33 115
30 38 136
30 39 148
31 32 118
31 33 74
31 36 16
31 38 152
32 34 46
32 35 138
32 36 50
32 38 152
33 34 84
33 37 41
33 38 96
34 100002 1450
34 36 63
34 37 141
34 38 10
34 100001 1450
34 100004 1450
35 39 135
35 100002 1450
35 37 135
36 37 53
36 38 87
36 39 113
36 100001 1450
37 100000 1450
37 38 63
37 100004 1450
37 39 39
37 100001 1450
38 100004 1450
38 100003 1450
38 100002 1450
38 100000 1450
39 100003 1450
-2 0 1450
-2 2 1450
-5 2 1450
-5 4 1450
-4 2 1450
-4 3 1450
-3 0 1450
-3 4 1450
-1 0 1450
-1 1 1450
-1 2 1450
