0 32 98
0 1 121
0 2 29
0 3 154
0 4 87
0 5 126
0 6 133
0 8 51
0 9 106
0 10 72
0 11 28
0 12 89
0 13 56
0 14 117
0 16 133
0 17 127
0 18 57
0 19 46
0 27 129
0 31 152
1 2 145
1 3 18
1 4 149
1 5 88
1 6 37
1 39 120
1 9 140
1 10 20
1 11 153
1 13 33
1 14 40
1 15 150
1 16 50
1 17 151
1 18 15
1 19 99
1 24 89
1 7 33
1 30 140
2 3 114
2 4 25
2 5 85
2 6 47
2 7 27
2 8 135
2 9 17
2 11 31
2 12 38
2 13 39
2 14 46
2 15 52
2 16 63
2 18 119
2 19 62
2 21 58
2 22 107
2 25 19
3 33 148
3 34 44
3 4 23
3 5 114
3 6 107
3 8 112
3 9 28
3 10 67
3 11 77
3 12 99
3 14 154
3 15 102
3 16 115
3 17 149
3 21 75
3 25 97
3 13 54
4 5 149
4 38 151
4 39 83
4 8 47
4 9 87
4 10 33
4 11 106
4 15 101
4 16 55
4 17 103
4 18 118
4 19 25
4 20 92
4 24 146
4 7 54
4 6 14
5 36 120
5 37 52
5 7 103
5 8 140
5 9 132
5 10 13
5 12 39
5 13 37
5 14 126
5 15 90
5 16 70
5 17 18
5 18 21
5 19 116
5 26 17
6 33 39
6 34 18
6 36 58
6 8 134
6 10 147
6 12 68
6 13 41
6 14 91
6 16 92
6 17 57
6 18 125
6 19 25
6 11 63
6 28 116
6 30 18
7 34 60
7 35 36
7 38 74
7 39 32
7 8 145
7 9 61
7 10 112
7 11 58
7 12 85
7 14 144
7 17 76
7 18 95
7 19 46
7 20 141
7 24 143
7 30 48
8 37 89
8 9 134
8 10 77
8 11 41
8 14 127
8 16 95
8 17 78
8 18 145
8 19 121
8 23 136
8 25 63
8 26 41
8 28 20
9 11 72
9 12 100
9 13 61
9 14 124
9 15 104
9 16 13
9 17 128
9 18 126
9 19 48
9 23 106
9 27 131
9 29 78
10 34 22
10 11 98
10 12 101
10 13 28
10 14 99
10 15 145
10 16 90
10 17 90
10 18 123
10 19 81
10 27 74
10 29 32
11 12 84
11 13 79
11 14 29
11 16 25
11 17 94
11 18 138
11 19 13
11 22 90
11 23 137
11 31 104
12 33 137
12 37 42
12 13 43
12 14 150
12 15 134
12 16 39
12 17 23
12 18 71
12 19 66
12 39 134
12 38 125
13 35 47
13 14 77
13 15 36
13 16 108
13 17 42
13 18 71
13 19 84
13 20 110
13 22 11
13 24 148
14 15 119
14 16 51
14 17 27
14 18 59
14 19 64
14 26 124
14 29 125
15 32 106
15 38 31
15 16 109
15 34 17
15 19 92
15 21 141
15 22 38
15 26 83
15 28 115
15 31 94
16 33 131
16 17 74
16 18 42
16 19 74
16 21 46
17 33 134
17 36 68
17 19 38
17 20 15
17 25 113
18 19 112
18 21 56
18 23 126
18 29 79
18 37 140
19 37 115
19 27 117
20 24 24
20 36 52
21 30 52
22 25 68
22 28 91
23 32 55
23 24 101
24 33 82
25 38 107
26 32 27
26 27 73
27 35 143
28 34 89
28 39 136
29 35 90
29 30 118
30 39 75
31 32 43
31 37 68
31 38 96
32 36 147
33 35 141
34 100000 1450
34 100001 1450
34 100002 1450
35 100000 1450
35 100003 1450
35 36 137
35 100004 1450
36 100002 1450
36 100004 1450
37 100001 1450
37 100003 1450
38 100002 1450
38 100003 1450
38 100004 1450
39 100000 1450
39 100001 1450
-2 0 1450
-2 2 1450
-2 3 1450
-5 0 1450
-5 1 1450
-5 3 1450
-4 0 1450
-4 5 1450
-3 2 1450
-3 4 1450
-3 5 1450
-1 0 1450
-1 1 1450
-1 5 1450
