0 2 31
0 38 56
0 39 144
0 8 93
0 11 104
0 34 106
0 46 46
0 18 30
0 53 81
0 55 143
0 24 21
1 35 121
1 4 120
1 40 143
1 42 102
1 11 109
1 46 52
1 49 77
1 18 96
1 59 99
1 23 28
1 27 87
1 29 40
2 6 88
2 39 61
2 44 104
2 47 105
2 17 109
2 52 133
2 53 62
2 57 52
2 15 116
2 31 91
3 32 66
3 34 52
3 5 69
3 6 141
3 7 88
3 8 128
3 44 54
3 13 63
3 49 43
3 22 17
3 23 91
3 59 48
4 32 80
4 33 152
4 59 33
4 6 62
4 44 131
4 19 12
4 52 133
4 23 95
4 20 14
4 27 111
4 30 78
5 38 145
5 9 13
5 42 69
5 43 100
5 47 90
5 50 67
5 52 127
5 54 65
5 56 145
5 57 19
6 42 53
6 12 15
6 14 29
6 49 15
6 52 51
6 53 83
6 22 147
6 55 37
7 32 100
7 43 127
7 46 85
7 47 139
7 20 69
7 21 55
7 22 103
7 56 111
7 15 149
7 28 112
7 31 129
8 40 131
8 10 54
8 14 87
8 16 21
8 19 62
8 22 51
8 56 114
8 26 39
8 29 47
9 51 107
9 38 33
9 39 68
9 41 115
9 13 27
9 16 149
9 19 56
9 21 120
9 26 117
9 58 47
10 41 140
10 23 39
10 44 27
10 13 27
10 14 97
10 50 25
10 53 136
10 54 23
10 55 119
10 21 48
11 38 93
11 40 49
11 12 135
11 14 133
11 47 129
11 50 62
11 22 66
11 57 50
11 31 128
12 35 142
12 39 146
12 44 122
12 14 93
12 47 86
12 49 82
12 50 47
12 52 55
12 58 71
13 38 19
13 41 116
13 44 106
13 48 76
13 52 113
13 55 148
13 24 33
13 57 65
14 33 65
14 17 73
14 19 150
14 52 39
14 55 24
14 31 17
15 37 51
15 39 30
15 48 52
15 52 112
15 53 100
15 54 97
15 25 137
15 58 78
15 28 45
16 36 155
16 23 41
16 45 152
16 46 125
16 49 129
16 50 70
16 52 51
16 41 148
16 28 104
17 42 51
17 55 149
17 34 37
17 50 66
17 53 35
17 54 33
17 57 21
17 25 150
17 30 65
18 36 52
18 37 116
18 38 68
18 42 61
18 44 69
18 53 90
18 24 49
18 26 70
18 29 140
19 33 29
19 35 110
19 38 65
19 47 25
19 52 27
19 53 99
19 23 36
20 32 62
20 34 112
20 43 22
20 44 125
20 46 88
20 50 43
20 51 34
20 22 55
20 55 24
20 24 17
20 39 130
20 26 10
20 36 119
20 31 38
21 33 121
21 34 95
21 35 69
21 37 105
21 38 127
21 40 84
21 41 90
21 43 42
21 46 144
21 48 36
21 54 19
21 25 115
21 58 103
22 33 34
22 40 124
22 43 121
22 46 21
22 49 50
22 57 46
22 24 42
22 25 65
22 55 15
22 37 129
23 40 119
23 44 91
23 45 80
23 47 88
23 24 66
23 50 55
23 54 146
23 56 26
23 57 23
23 28 80
24 32 35
24 35 59
24 42 53
24 43 112
24 29 67
24 45 81
24 51 33
24 26 137
24 59 148
24 58 117
25 32 88
25 49 61
25 41 31
25 42 53
25 48 114
25 51 63
25 52 148
25 55 64
25 56 31
25 58 80
25 30 142
25 53 144
26 32 120
26 35 48
26 36 107
26 38 48
26 39 62
26 45 16
26 47 103
26 40 10
26 56 103
26 28 58
26 30 63
27 32 50
27 35 110
27 37 136
27 38 114
27 33 135
27 48 49
27 50 131
27 51 94
27 52 46
27 54 26
27 55 25
27 36 145
27 28 137
27 30 111
28 34 15
28 35 48
28 36 49
28 37 149
28 39 110
28 40 132
28 45 64
28 46 16
28 58 143
28 31 29
29 34 51
29 37 56
29 39 110
29 42 51
29 43 106
29 45 77
29 51 136
29 40 60
29 56 92
29 57 154
29 58 21
29 59 78
30 32 153
30 49 129
30 41 99
30 43 30
30 46 57
30 47 146
30 48 125
30 57 145
30 55 47
30 36 123
30 31 10
31 40 49
31 41 35
31 42 108
31 34 62
31 48 151
31 51 100
31 46 144
31 39 141
31 59 37
32 33 123
32 41 127
32 42 59
32 47 34
32 48 51
32 51 10
32 54 26
33 36 92
33 37 101
33 38 98
33 42 127
33 46 86
33 48 138
33 49 57
33 56 141
33 58 50
34 37 145
34 40 130
34 45 118
34 47 57
34 49 38
34 50 104
34 54 83
34 56 94
35 38 46
35 40 55
35 44 76
35 46 33
35 52 37
35 53 59
35 58 143
35 51 110
36 59 79
36 40 152
36 42 68
36 45 152
36 46 75
36 54 27
36 56 118
36 58 23
37 59 49
37 39 110
37 43 135
37 46 33
37 48 108
37 56 31
37 57 13
38 43 41
38 55 50
38 56 37
38 57 25
39 43 142
39 46 92
39 49 81
39 51 94
39 52 78
40 45 62
40 50 39
40 51 78
41 45 66
41 42 64
41 47 27
41 50 116
41 54 62
41 56 28
41 58 122
42 46 67
42 47 118
42 48 143
43 59 141
43 45 78
43 50 68
43 51 141
43 54 59
44 55 51
44 45 154
44 53 48
44 54 89
44 56 102
44 59 13
45 54 100
45 55 128
45 58 101
45 59 150
46 51 85
47 51 93
47 52 31
47 57 22
48 50 140
48 54 42
48 55 123
48 57 78
48 53 145
49 54 86
49 53 15
49 57 16
49 58 51
49 59 49
50 53 42
50 59 43
51 59 109
51 55 22
51 56 137
52 57 105
53 56 82
53 59 97
54 100003 1450
54 100002 1450
54 100004 1450
55 100001 1450
55 100002 1450
55 100003 1450
56 100004 1450
57 100000 1450
57 58 37
58 100000 1450
58 100001 1450
58 100004 1450
58 100003 1450
58 59 105
59 100002 1450
-2 3 1450
-2 5 1450
-5 0 1450
-5 3 1450
-5 5 1450
-4 1 1450
-4 5 1450
-3 1 1450
-3 2 1450
-1 0 1450
-1 1 1450
-1 2 1450
