0 32 94
0 35 70
0 9 43
0 14 88
0 3 14
0 23 13
0 56 29
0 57 107
0 29 39
1 33 52
1 6 30
1 16 40
1 25 141
1 23 35
1 24 76
1 57 17
1 59 20
1 28 68
2 32 114
2 3 133
2 37 101
2 40 42
2 51 104
2 20 114
2 53 117
2 23 85
2 29 84
3 32 14
3 34 65
3 37 124
3 45 124
3 22 60
3 57 17
3 54 125
4 34 103
4 37 80
4 7 91
4 40 53
4 10 96
4 11 138
4 45 62
4 47 27
4 50 124
4 52 138
4 58 89
4 27 14
5 32 116
5 35 101
5 38 70
5 12 109
5 15 59
5 48 130
5 21 96
5 55 101
5 58 31
6 33 95
6 20 81
6 54 99
6 24 27
6 25 47
6 58 147
6 28 13
6 31 70
7 39 45
7 8 124
7 46 139
7 15 117
7 21 59
7 23 52
7 25 59
7 29 84
7 53 102
8 59 137
8 36 49
8 41 144
8 43 123
8 12 40
8 13 58
8 26 78
8 27 93
8 29 39
9 41 65
9 12 124
9 45 97
9 44 113
9 53 73
9 54 44
9 24 23
9 27 97
10 32 148
10 39 42
10 43 102
10 48 57
10 49 142
10 19 148
10 52 103
10 22 78
10 31 141
11 34 115
11 22 127
11 38 143
11 43 14
11 47 111
11 17 23
11 51 129
11 20 154
11 54 121
12 35 31
12 42 121
12 17 13
12 51 102
12 54 29
12 41 28
13 33 70
13 34 147
13 40 16
13 41 124
13 43 43
13 45 71
13 54 76
13 25 50
13 58 76
14 40 143
14 47 109
14 16 120
14 50 17
14 20 50
14 21 58
14 54 69
14 24 153
15 18 10
15 36 82
15 45 115
15 48 60
15 50 48
15 22 54
15 23 115
15 30 32
16 32 109
16 33 114
16 35 18
16 37 112
16 40 137
16 48 150
16 26 70
17 32 33
17 33 110
17 19 27
17 56 78
17 57 18
17 28 14
17 31 103
18 35 122
18 38 41
18 43 44
18 47 105
18 51 146
18 21 20
18 57 151
18 27 132
18 31 26
19 33 139
19 43 45
19 44 99
19 47 38
19 48 20
19 25 57
19 58 64
20 32 90
20 33 146
20 43 52
20 37 72
20 39 34
20 34 138
20 50 65
20 51 37
20 23 109
20 56 54
20 25 52
20 26 116
20 28 32
21 36 138
21 26 48
21 42 106
21 43 69
21 44 19
21 22 74
21 23 146
21 24 153
21 25 92
21 58 132
21 59 143
21 29 78
21 37 141
22 29 89
22 40 27
22 41 72
22 44 11
22 46 81
22 26 127
22 55 114
22 23 154
22 57 61
22 58 41
22 27 117
22 42 144
23 33 133
23 36 133
23 41 99
23 44 79
23 45 79
23 49 26
23 55 67
23 26 36
23 27 131
24 59 71
24 39 95
24 42 115
24 55 79
24 44 81
24 53 118
24 41 56
24 25 90
24 58 93
24 27 115
24 26 53
24 31 70
25 35 129
25 38 115
25 40 116
25 42 143
25 39 109
25 44 19
25 52 95
25 27 136
25 53 28
26 35 87
26 37 73
26 41 122
26 46 120
26 48 108
26 49 50
26 50 138
26 57 20
26 59 121
26 30 61
27 32 135
27 33 102
27 38 107
27 42 67
27 44 70
27 49 122
27 52 155
27 29 12
27 31 10
28 36 90
28 39 43
28 40 94
28 41 60
28 42 142
28 45 126
28 46 36
28 47 27
28 56 79
28 57 49
28 58 68
28 30 114
28 52 155
29 32 94
29 35 117
29 36 131
29 37 51
29 38 126
29 39 61
29 48 126
29 50 56
29 55 22
29 53 13
30 35 138
30 36 137
30 37 146
30 40 26
30 47 72
30 43 97
30 44 92
30 46 133
30 49 42
30 50 90
30 52 71
30 57 73
30 59 46
30 58 87
31 32 10
31 34 99
31 35 15
31 46 13
31 47 137
31 53 79
31 55 112
31 56 111
31 57 80
31 58 70
31 59 39
32 49 47
32 50 38
32 37 91
32 53 141
32 56 140
32 52 19
33 34 123
33 41 118
33 55 57
33 46 72
33 54 62
33 56 109
33 57 98
33 59 17
34 37 55
34 40 80
34 42 30
34 46 121
34 48 128
34 49 134
34 35 108
34 57 114
34 59 114
34 36 143
35 48 46
35 41 35
35 46 73
35 47 82
35 51 53
35 55 155
36 55 137
36 38 127
36 41 12
36 42 65
36 43 143
36 52 65
36 54 107
36 56 37
36 57 22
37 48 58
37 39 81
37 44 33
37 46 78
37 45 41
37 58 66
38 59 16
38 42 147
38 45 145
38 49 76
38 50 68
38 52 11
38 54 88
38 55 82
38 56 42
38 58 131
39 40 115
39 45 117
39 47 20
39 48 127
39 51 104
39 53 120
39 55 32
39 42 119
39 52 106
40 42 76
40 43 147
40 44 83
40 47 151
40 49 107
40 57 98
41 47 105
41 55 132
41 56 88
41 57 119
41 44 58
42 59 56
42 46 133
42 49 34
42 50 40
42 53 130
43 50 110
43 49 57
43 46 103
43 45 142
43 54 155
43 56 70
44 59 58
44 49 145
44 51 119
44 54 85
44 55 88
45 50 77
45 51 97
45 52 29
45 53 34
45 58 97
45 59 28
46 48 69
46 49 111
46 50 103
46 54 84
46 56 91
47 51 144
47 48 124
47 52 89
47 53 30
47 55 151
48 50 130
48 51 128
48 53 103
48 55 125
49 50 151
49 51 102
49 52 87
49 54 83
50 54 66
50 58 14
51 52 100
51 53 35
51 54 40
51 56 47
51 59 133
52 54 38
52 56 140
52 59 133
53 57 35
53 55 132
53 58 130
54 100000 1450
54 100002 1450
54 100001 1450
54 100004 1450
55 100000 1450
55 100003 1450
55 59 79
56 100002 1450
56 100000 1450
56 57 137
56 58 17
56 59 85
57 100004 1450
57 100001 1450
58 100003 1450
58 100002 1450
59 100003 1450
59 100004 1450
59 100001 1450
-2 2 1450
-2 5 1450
-5 0 1450
-5 2 1450
-5 4 1450
-4 1 1450
-4 3 1450
-4 4 1450
-3 0 1450
-3 1 1450
-3 2 1450
-1 1 1450
-1 2 1450
-1 5 1450
