0 2 135
0 7 25
0 8 51
0 11 52
0 15 114
0 48 52
0 19 95
0 53 64
0 22 103
0 56 127
0 26 142
0 29 123
1 6 34
1 10 102
1 43 70
1 44 106
1 45 103
1 24 85
1 19 20
1 56 117
1 25 132
1 58 46
1 30 38
1 31 130
2 32 14
2 36 68
2 41 89
2 42 11
2 45 10
2 17 64
2 52 56
2 54 11
2 23 86
2 57 111
2 10 136
3 34 77
3 38 73
3 12 95
3 44 71
3 45 108
3 15 49
3 48 85
3 52 60
3 24 129
3 25 48
3 59 70
3 31 153
4 33 16
4 34 107
4 45 59
4 46 91
4 15 76
4 16 72
4 18 54
4 20 114
4 21 82
4 57 20
4 27 11
4 31 130
5 32 93
5 35 18
5 9 144
5 42 74
5 11 111
5 13 148
5 17 97
5 20 120
5 21 135
5 23 153
5 28 146
5 10 32
6 33 26
6 8 71
6 41 113
6 11 75
6 12 93
6 15 147
6 16 20
6 21 102
6 7 33
6 30 155
6 31 141
7 38 148
7 49 31
7 8 12
7 10 75
7 44 99
7 13 47
7 17 107
7 20 10
7 53 62
7 29 120
8 37 119
8 40 141
8 11 14
8 12 27
8 13 77
8 14 50
8 19 61
8 26 49
8 31 13
9 32 107
9 34 79
9 36 144
9 12 83
9 46 79
9 47 64
9 52 104
9 54 72
9 23 134
9 27 86
9 31 115
10 47 121
10 48 13
10 51 107
10 22 144
10 55 26
10 28 45
10 30 106
10 37 38
11 34 102
11 35 55
11 43 37
11 49 68
11 24 138
11 56 100
11 57 100
11 58 140
12 59 112
12 37 33
12 17 128
12 54 10
12 23 75
12 57 36
12 27 73
12 29 71
13 16 75
13 33 149
13 43 128
13 46 29
13 15 14
13 48 103
13 18 134
13 39 154
13 30 90
14 38 70
14 23 37
14 45 16
14 46 132
14 15 51
14 50 68
14 22 102
14 55 77
14 56 143
14 58 24
14 26 117
15 36 125
15 39 135
15 42 32
15 49 58
15 35 52
15 54 43
16 32 125
16 34 75
16 50 76
16 37 21
16 23 126
16 18 154
16 57 86
16 55 58
16 25 54
17 32 88
17 37 124
17 47 124
17 49 16
17 20 13
17 22 124
17 26 120
17 30 29
18 35 43
18 38 23
18 40 22
18 41 98
18 20 36
18 56 88
18 36 57
18 58 151
18 59 38
19 35 31
19 33 48
19 27 149
19 24 41
19 53 48
19 55 39
19 56 76
19 59 87
19 31 115
20 37 153
20 38 102
20 47 118
20 54 138
20 24 95
21 33 125
21 6 150
21 41 80
21 47 66
21 49 35
21 52 74
21 24 102
21 57 53
22 39 90
22 47 78
22 48 31
22 53 50
22 56 128
22 58 138
23 53 31
23 55 69
23 29 35
23 30 19
24 36 66
24 50 111
24 52 79
24 28 82
25 32 91
25 40 131
25 42 26
25 43 70
25 44 32
25 50 55
25 54 51
26 35 44
26 39 68
26 59 10
26 52 93
26 57 30
26 27 119
27 45 123
27 50 41
27 41 50
27 59 116
27 31 86
28 39 134
28 41 29
28 44 66
28 46 40
28 55 52
28 58 143
28 29 67
29 46 12
29 47 35
29 51 31
29 54 146
29 31 16
30 33 127
30 49 59
30 42 25
30 52 103
31 36 38
32 38 147
32 41 37
32 47 95
32 56 42
33 51 128
33 37 72
33 36 95
33 59 66
34 39 83
34 45 150
34 49 86
34 53 43
34 54 48
35 51 102
35 40 55
35 46 45
35 52 36
36 39 13
36 48 126
36 55 17
37 40 153
37 51 35
37 59 57
38 41 84
38 43 85
38 48 139
38 50 50
39 44 97
39 50 93
39 58 131
40 46 102
40 55 105
40 56 54
40 57 154
40 59 112
41 47 59
41 58 23
42 45 107
42 49 140
42 52 126
42 54 115
42 57 71
43 44 152
43 45 72
43 50 123
43 53 141
43 58 98
44 46 54
44 48 155
44 57 122
45 51 81
46 50 109
47 55 53
48 51 53
48 53 135
49 58 26
49 53 150
50 52 45
51 54 11
51 56 34
51 59 133
52 59 61
53 55 154
54 100003 1450
55 100000 1450
55 100003 1450
55 100004 1450
56 100002 1450
57 100004 1450
58 100001 1450
59 100002 1450
59 100004 1450
59 100001 1450
59 100000 1450
-2 3 1450
-2 4 1450
-2 5 1450
-5 0 1450
-5 5 1450
-4 5 1450
-3 0 1450
-3 1 1450
-3 4 1450
-1 0 1450
-1 2 1450
