0 32 131
0 2 95
0 3 133
0 4 121
0 7 143
0 8 60
0 9 53
0 10 80
0 11 97
0 44 147
0 13 51
0 12 10
0 15 24
0 16 152
0 17 76
0 18 72
0 19 153
0 20 16
0 25 104
0 29 103
1 3 106
1 36 20
1 5 72
1 6 58
1 7 155
1 8 88
1 10 144
1 43 44
1 12 114
1 13 132
1 14 133
1 16 92
1 17 127
1 18 89
1 19 81
1 52 126
1 54 97
1 4 44
1 59 16
1 31 84
2 33 97
2 34 46
2 3 44
2 4 122
2 5 21
2 6 34
2 17 65
2 40 32
2 9 111
2 10 19
2 11 101
2 12 37
2 13 117
2 14 111
2 15 137
2 16 151
2 8 115
2 19 150
2 29 58
3 11 41
3 4 97
3 37 97
3 38 76
3 7 49
3 9 148
3 43 131
3 12 42
3 14 147
3 15 43
3 16 67
3 17 18
3 18 26
3 19 48
3 22 28
3 25 142
3 6 21
3 30 59
4 36 25
4 5 47
4 6 44
4 7 14
4 9 27
4 10 95
4 11 124
4 12 78
4 13 50
4 14 11
4 15 31
4 16 11
4 49 38
4 18 111
4 52 113
4 17 20
5 6 132
5 7 77
5 8 102
5 9 61
5 10 78
5 43 98
5 12 126
5 13 55
5 14 13
5 15 140
5 16 71
5 17 107
5 18 44
5 19 62
5 54 115
5 45 127
5 28 153
6 32 61
6 33 110
6 8 15
6 9 59
6 10 26
6 11 152
6 12 77
6 50 138
6 14 28
6 16 18
6 18 155
6 19 97
6 22 150
6 55 106
6 26 91
7 19 43
7 9 30
7 10 136
7 11 127
7 12 75
7 13 125
7 14 123
7 15 45
7 16 153
7 17 50
7 18 127
7 51 144
7 20 49
7 54 16
7 25 83
8 17 49
8 9 129
8 10 73
8 11 98
8 46 84
8 15 56
8 16 68
8 24 40
8 18 74
8 19 111
8 14 30
8 55 27
8 56 143
8 23 59
8 26 152
9 16 149
9 44 88
9 10 144
9 11 114
9 12 57
9 13 90
9 14 43
9 15 43
9 48 125
9 17 66
9 18 152
9 19 97
10 11 102
10 17 141
10 12 146
10 13 95
10 14 104
10 16 144
10 49 91
10 18 46
10 19 152
10 21 75
10 55 149
11 19 115
11 35 128
11 12 99
11 13 95
11 14 19
11 47 63
11 16 46
11 17 52
11 24 69
11 15 64
11 31 78
12 41 26
12 13 92
12 14 54
12 15 53
12 16 89
12 17 59
12 18 115
12 26 127
12 42 92
13 36 105
13 51 56
13 40 117
13 15 93
13 16 107
13 17 54
13 19 131
13 57 92
13 56 50
13 39 71
14 15 74
14 16 76
14 17 43
14 18 145
14 19 28
14 58 139
14 27 150
14 31 81
15 48 34
15 17 67
15 18 77
15 19 56
15 52 12
15 53 63
15 23 132
15 28 137
16 46 37
16 17 88
16 18 150
16 21 79
16 59 111
17 39 48
17 18 49
17 19 147
17 28 73
18 34 57
18 49 29
18 19 67
18 46 29
18 24 39
19 50 93
19 22 22
19 23 73
19 27 61
20 49 38
20 55 78
21 58 15
21 23 117
22 40 34
23 34 141
24 27 10
25 47 110
26 35 41
27 53 94
28 51 148
29 53 25
29 47 38
30 32 135
30 57 98
30 54 150
30 47 72
31 59 93
32 56 74
33 51 25
33 52 111
34 48 17
34 58 145
35 45 67
35 39 145
36 48 151
37 50 12
37 42 62
37 38 136
38 41 114
38 50 122
39 59 23
40 41 76
41 57 52
42 43 137
42 46 101
43 54 144
44 56 130
44 57 132
45 58 94
45 53 136
46 53 54
47 59 59
48 55 128
49 57 150
50 59 79
51 55 27
52 56 111
53 57 100
54 100000 1450
54 100002 1450
54 100003 1450
55 100000 1450
55 100002 1450
55 100004 1450
56 59 34
57 100001 1450
57 100002 1450
58 100001 1450
58 100003 1450
59 100000 1450
59 100004 1450
-2 0 1450
-2 1 1450
-2 3 1450
-5 2 1450
-5 5 1450
-4 2 1450
-4 3 1450
-4 4 1450
-3 1 1450
-3 2 1450
-3 5 1450
-1 1 1450
-1 2 1450
-1 3 1450
