0 32 86
0 1 39
0 2 13
0 3 28
0 4 127
0 5 40
0 38 93
0 8 153
0 9 40
0 10 33
0 11 10
0 12 108
0 13 106
0 14 148
0 16 147
0 17 138
0 18 88
0 19 24
0 27 100
1 2 20
1 3 110
1 4 10
1 37 22
1 38 93
1 7 45
1 9 140
1 10 107
1 11 44
1 13 32
1 14 144
1 15 16
1 16 57
1 17 21
1 19 77
1 20 54
1 6 136
1 5 65
2 3 80
2 4 11
2 5 97
2 6 62
2 7 89
2 8 141
2 9 123
2 10 62
2 11 36
2 12 43
2 15 117
2 16 134
2 18 113
2 19 110
2 22 64
2 25 77
2 31 152
3 4 68
3 5 128
3 7 20
3 10 81
3 12 100
3 13 131
3 14 126
3 15 32
3 16 84
3 17 56
3 18 89
3 19 73
3 23 14
3 26 66
3 27 91
3 31 124
4 5 112
4 6 44
4 8 31
4 9 94
4 10 130
4 11 16
4 12 11
4 13 153
4 14 117
4 15 82
4 16 151
4 17 100
4 18 152
4 19 55
4 23 71
5 32 87
5 34 118
5 6 16
5 1 150
5 8 114
5 10 100
5 11 62
5 12 27
5 13 13
5 14 142
5 15 123
5 16 118
5 17 134
5 7 62
5 2 123
5 28 85
6 32 98
6 33 87
6 35 11
6 8 39
6 9 47
6 10 145
6 11 22
6 12 153
6 13 45
6 14 17
6 18 110
6 21 48
6 24 37
6 7 116
6 27 53
7 39 87
7 8 31
7 9 109
7 13 62
7 14 41
7 15 124
7 16 104
7 17 68
7 18 105
7 19 115
7 24 70
7 26 122
7 30 94
7 31 137
8 35 80
8 9 138
8 10 116
8 11 33
8 13 64
8 14 32
8 15 25
8 17 36
8 18 22
8 19 88
8 26 22
8 27 34
8 37 98
9 34 141
9 11 155
9 4 87
9 6 103
9 38 135
9 39 140
9 8 93
9 7 136
9 12 79
9 2 114
9 14 148
9 15 64
9 16 110
9 18 52
9 22 131
9 25 58
9 27 128
10 35 57
10 11 131
10 12 126
10 13 153
10 14 101
10 16 90
10 17 28
10 18 138
10 3 60
10 21 27
10 26 18
10 28 142
11 33 108
11 39 11
11 12 122
11 13 73
11 15 129
11 16 94
11 17 90
11 18 104
11 19 144
11 1 131
11 24 61
12 33 23
12 14 67
12 15 74
12 17 80
12 19 79
12 20 53
12 25 106
12 36 22
12 27 140
12 30 37
13 38 92
13 8 53
13 10 105
13 11 55
13 15 54
13 17 18
13 18 106
13 19 16
13 24 96
13 25 137
13 26 112
13 5 48
13 37 24
14 32 66
14 15 100
14 16 62
14 17 27
14 18 10
14 19 152
14 1 142
14 22 75
14 31 104
15 34 29
15 16 155
15 17 95
15 18 62
15 19 104
15 22 66
15 30 114
16 34 81
16 33 58
16 39 37
16 17 138
16 22 54
16 26 102
16 28 62
16 5 132
17 36 146
17 18 40
17 19 28
17 23 112
17 4 90
17 28 19
18 38 95
18 19 132
18 21 28
18 25 134
18 26 19
19 33 43
19 34 22
19 20 96
19 21 77
19 27 151
20 32 22
20 36 84
20 37 10
20 29 117
21 33 88
21 28 137
21 29 102
22 32 149
22 2 45
22 9 95
22 14 92
22 15 24
22 16 15
22 24 24
23 36 55
23 38 12
23 4 37
23 28 129
23 30 61
24 35 142
24 37 31
24 6 41
24 7 39
24 11 27
24 13 92
24 22 80
25 36 38
25 12 47
25 13 32
25 18 37
25 31 147
26 3 82
26 7 143
26 8 23
26 10 108
26 13 87
26 16 72
26 18 18
27 3 37
27 6 79
27 8 19
27 9 14
27 12 48
27 19 114
28 36 81
29 33 108
29 34 122
29 35 16
29 37 91
29 31 24
30 35 82
30 36 95
30 7 30
30 39 129
30 12 63
30 15 145
30 23 11
31 37 108
32 39 72
33 37 80
34 100001 1450
34 100003 1450
34 39 71
35 100000 1450
35 100002 1450
35 100004 1450
35 38 143
36 100002 1450
36 100003 1450
37 100000 1450
37 100002 1450
38 100001 1450
39 100000 1450
39 100003 1450
39 100004 1450
39 100001 1450
-2 2 1450
-2 3 1450
-2 4 1450
-5 1 1450
-5 2 1450
-4 3 1450
-4 5 1450
-3 1 1450
-3 3 1450
-3 5 1450
-1 1 1450
-1 3 1450
