0 1 29
0 5 69
0 7 27
0 8 12
0 44 55
0 45 154
0 21 125
0 24 11
0 26 16
0 28 26
1 32 148
1 2 59
1 42 19
1 12 149
1 13 47
1 45 50
1 20 33
1 22 35
1 29 77
2 3 15
2 4 84
2 7 142
2 41 64
2 42 124
2 47 41
2 10 37
2 31 97
3 33 16
3 35 29
3 40 86
3 9 149
3 44 147
3 23 101
3 26 21
3 28 53
4 6 132
4 40 100
4 11 125
4 12 150
4 34 148
4 15 111
4 24 53
4 26 68
4 30 144
5 35 62
5 36 86
5 10 106
5 46 10
5 25 23
5 26 89
5 28 11
5 29 33
6 37 35
6 10 16
6 11 147
6 14 37
6 16 14
6 46 93
6 23 131
6 25 53
6 26 57
7 32 122
7 38 67
7 39 18
7 42 71
7 48 134
7 29 154
7 30 141
8 33 135
8 41 151
8 11 151
8 46 116
8 48 127
8 17 51
8 18 67
8 25 92
9 39 53
9 43 40
9 12 103
9 13 16
9 18 56
9 21 63
9 22 49
9 23 21
10 36 125
10 40 82
10 13 142
10 17 117
10 23 77
10 29 25
11 32 55
11 43 38
11 12 59
11 19 37
11 24 120
11 25 153
12 35 117
12 18 155
12 19 58
12 21 86
12 28 111
13 40 15
13 44 33
13 18 20
13 20 79
13 22 152
13 23 65
14 36 33
14 37 128
14 47 133
14 16 48
14 49 24
14 21 54
14 22 30
14 30 31
15 34 133
15 42 16
15 18 34
15 22 68
15 24 50
15 26 24
15 28 57
15 31 101
16 38 64
16 17 143
16 48 116
16 49 43
16 22 134
16 28 134
16 37 106
17 32 152
17 34 33
17 39 73
17 49 101
17 22 45
17 24 86
18 37 71
18 38 53
18 46 90
18 48 131
19 32 77
19 33 35
19 43 26
19 20 60
19 27 92
19 30 106
19 31 21
20 34 95
20 36 115
20 33 39
20 39 38
20 41 49
20 46 70
20 22 151
20 25 69
20 27 79
20 28 87
20 29 25
20 30 110
20 37 13
21 32 63
21 35 51
21 42 153
21 43 50
21 45 58
21 46 143
21 47 18
21 41 117
21 22 81
21 23 80
21 28 118
21 30 104
22 40 73
22 41 93
22 46 115
22 44 83
22 45 41
22 28 32
22 29 28
23 34 136
23 36 89
23 37 124
23 38 133
23 35 141
23 41 68
23 24 147
23 27 75
23 28 60
23 29 120
24 32 24
24 36 141
24 38 27
24 40 131
24 45 28
24 47 38
24 48 92
24 26 62
24 27 57
24 29 101
25 35 122
25 49 101
25 38 97
25 45 125
25 48 46
25 43 35
25 26 33
25 27 18
25 28 73
25 29 94
25 37 88
26 33 135
26 39 67
26 47 50
26 42 51
26 49 47
26 35 17
26 27 39
26 31 103
27 34 81
27 36 32
27 38 37
27 40 32
27 41 92
27 45 140
27 46 144
27 49 35
27 30 18
27 31 24
28 42 91
28 47 63
28 35 18
28 29 44
28 31 88
29 32 49
29 34 136
29 36 146
29 38 83
29 43 127
29 44 54
30 32 95
30 33 60
30 35 112
30 40 155
30 42 66
30 46 42
30 44 95
30 47 114
30 31 89
31 32 118
31 33 26
31 35 134
31 40 80
31 42 62
31 45 134
31 44 35
31 34 61
31 46 38
32 35 28
32 33 54
32 38 10
32 46 113
32 48 140
32 49 139
33 36 104
33 37 107
33 39 46
33 41 54
33 43 43
33 46 82
33 47 136
33 48 85
34 37 28
34 38 75
34 41 14
34 43 150
34 44 108
34 45 66
34 46 71
34 36 114
35 36 30
35 39 69
35 44 41
35 42 14
35 48 118
36 39 55
36 43 94
36 48 124
36 49 117
36 42 18
37 38 144
37 40 17
37 41 34
37 43 70
37 45 103
37 47 60
37 49 98
38 48 44
38 41 66
38 39 147
38 45 37
38 47 55
39 40 32
39 43 26
39 44 56
39 46 138
39 47 90
39 48 96
39 49 47
40 43 112
40 44 57
40 47 88
40 49 93
40 42 130
41 42 128
41 43 127
41 45 59
41 46 127
41 48 79
42 44 15
42 49 43
42 47 27
43 44 80
43 45 118
43 49 50
44 100000 1450
44 45 90
44 48 133
44 49 16
45 100002 1450
45 47 126
45 48 92
45 100000 1450
46 100004 1450
46 100000 1450
46 49 128
46 100001 1450
47 100004 1450
47 48 99
47 49 104
47 100001 1450
48 100004 1450
48 100003 1450
48 100001 1450
49 100003 1450
-2 3 1450
-2 5 1450
-5 2 1450
-5 5 1450
-4 2 1450
-4 3 1450
-4 5 1450
-3 0 1450
-3 3 1450
-3 4 1450
-1 0 1450
-1 3 1450
-1 5 1450
