0 32 110
0 34 47
0 11 35
0 36 45
0 6 15
0 8 138
0 9 37
0 18 113
0 13 91
0 2 91
0 14 43
0 15 49
0 16 57
0 17 106
0 50 38
0 51 138
0 24 72
0 25 106
0 26 88
0 4 133
0 31 19
1 32 48
1 19 134
1 2 94
1 3 111
1 36 10
1 5 25
1 6 42
1 7 12
1 40 79
1 10 155
1 39 69
1 45 131
1 15 131
1 48 60
1 49 53
1 18 10
1 51 24
1 22 138
1 55 135
1 56 101
1 26 103
2 33 124
2 5 15
2 7 70
2 41 14
2 11 101
2 12 130
2 13 70
2 14 145
2 49 71
2 18 130
2 19 141
2 53 43
2 9 44
2 24 99
2 57 102
2 28 53
2 29 143
2 39 53
2 21 54
3 19 52
3 33 98
3 36 122
3 5 114
3 38 84
3 7 83
3 8 131
3 9 48
3 12 104
3 14 105
3 15 70
3 48 49
3 17 19
3 51 150
3 20 30
3 1 28
3 22 29
3 26 142
3 29 56
3 30 147
3 16 38
4 33 121
4 45 13
4 37 88
4 39 109
4 40 139
4 42 95
4 43 104
4 44 30
4 50 22
4 47 30
4 24 37
4 18 82
4 51 103
4 21 64
4 22 63
4 23 70
4 56 93
4 26 127
4 27 30
4 30 46
5 34 51
5 17 132
5 6 21
5 38 96
5 7 43
5 40 92
5 9 63
5 13 67
5 12 87
5 15 57
5 16 73
5 8 97
5 18 21
5 19 23
5 53 142
5 22 69
5 25 116
5 26 50
6 32 117
6 8 130
6 41 111
6 11 30
6 12 88
6 14 35
6 15 79
6 16 90
6 17 35
6 18 25
6 19 48
6 52 152
6 9 77
6 57 56
6 26 83
6 59 104
6 29 10
6 31 54
7 59 48
7 17 125
7 35 77
7 33 126
7 40 109
7 41 79
7 39 31
7 12 145
7 45 82
7 14 118
7 15 19
7 16 109
7 8 80
7 19 117
7 55 76
7 27 150
7 13 133
8 18 63
8 41 72
8 43 80
8 13 32
8 45 39
8 12 37
8 15 14
8 16 155
8 17 72
8 50 133
8 19 63
8 54 150
8 24 95
8 57 131
8 26 81
8 28 74
9 34 79
9 35 75
9 38 129
9 43 135
9 14 72
9 13 32
9 11 117
9 17 77
9 19 126
9 54 61
9 56 59
9 24 27
9 25 64
9 22 153
9 37 147
9 31 102
10 36 118
10 20 28
10 39 155
10 40 75
10 12 140
10 43 131
10 44 78
10 13 119
10 46 46
10 16 31
10 18 130
10 52 50
10 14 138
10 54 35
10 23 15
10 57 28
10 58 80
10 59 87
10 29 39
10 30 35
11 35 103
11 36 69
11 42 69
11 12 108
11 18 52
11 15 103
11 16 47
11 17 155
11 50 24
11 52 127
11 21 126
11 54 49
11 25 16
11 58 10
11 27 46
11 13 110
11 30 36
12 32 50
12 17 103
12 39 30
12 41 37
12 14 108
12 15 92
12 16 45
12 49 92
12 19 50
12 22 131
12 23 141
12 28 23
12 29 29
13 45 115
13 14 17
13 15 83
13 16 67
13 17 34
13 18 118
13 19 46
13 53 17
13 22 140
13 24 136
13 25 150
13 59 76
13 28 84
14 33 115
14 37 93
14 42 93
14 44 49
14 45 79
14 47 149
14 16 88
14 17 134
14 19 132
14 56 100
14 15 136
14 31 36
15 33 91
15 34 10
15 40 77
15 17 64
15 45 130
15 16 109
15 51 149
15 53 152
15 36 72
15 58 151
16 33 35
16 36 67
16 37 53
16 42 136
16 17 80
16 50 88
16 21 121
16 22 79
16 58 128
17 37 56
17 42 124
17 45 32
17 48 42
17 19 130
17 41 32
17 57 114
17 30 115
18 43 147
18 44 143
18 46 90
18 47 28
18 48 137
18 51 128
18 20 20
18 54 120
18 22 39
18 19 111
18 37 131
19 33 68
19 40 27
19 44 125
19 49 140
19 52 47
19 58 87
19 26 138
19 30 45
20 39 54
20 43 40
20 53 110
20 55 43
20 24 141
20 57 126
20 58 152
20 31 78
21 32 30
21 37 50
21 41 100
21 43 46
21 44 137
21 46 135
21 25 146
22 51 25
22 55 17
23 38 51
23 40 128
23 46 62
23 51 93
23 52 57
23 24 64
23 57 147
23 31 139
24 38 61
24 34 97
24 58 86
25 35 33
25 43 54
25 49 51
25 50 105
25 52 94
26 38 46
26 41 43
26 47 21
27 34 75
27 35 122
27 43 41
27 46 53
27 54 34
27 59 24
27 28 111
27 29 122
28 32 143
28 33 153
28 35 20
28 37 14
28 51 33
28 31 51
29 44 36
29 34 57
29 50 59
29 55 89
29 42 127
30 38 92
30 45 152
30 46 98
30 47 70
30 31 48
31 33 50
31 39 86
31 54 142
32 42 43
32 47 83
32 55 44
32 57 53
32 59 12
33 58 30
34 35 123
34 36 96
34 59 121
34 52 153
35 36 38
35 40 65
35 44 96
35 53 118
36 38 56
36 53 121
37 38 11
37 42 105
37 48 155
38 55 88
38 57 64
39 48 105
39 50 71
39 42 69
40 53 29
40 56 67
41 49 147
41 52 67
41 56 124
42 47 127
42 52 58
43 47 50
43 52 91
44 47 110
44 50 94
44 56 146
45 46 134
45 56 92
46 50 55
46 51 100
46 55 31
46 57 79
47 49 18
47 58 152
48 53 125
48 55 66
48 56 35
48 58 90
48 59 14
49 51 141
49 53 151
49 54 22
49 56 19
50 54 143
51 54 67
52 55 72
53 59 71
54 100002 1450
54 100003 1450
54 55 110
54 57 33
55 100004 1450
55 100001 1450
56 100000 1450
56 100002 1450
56 59 43
57 100000 1450
57 100003 1450
57 100004 1450
58 100002 1450
58 100001 1450
58 59 95
59 100000 1450
59 100004 1450
-2 2 1450
-2 3 1450
-2 5 1450
-5 2 1450
-5 3 1450
-4 1 1450
-4 2 1450
-3 1 1450
-3 3 1450
-1 0 1450
-1 3 1450
-1 4 1450
