0 35 124
0 10 155
0 11 14
0 44 108
0 13 95
0 49 135
0 3 147
0 22 129
0 25 82
0 26 11
0 29 120
1 5 38
1 43 77
1 44 79
1 45 66
1 13 43
1 19 110
1 21 12
1 26 31
1 27 95
1 31 139
2 32 58
2 36 80
2 7 51
2 8 107
2 11 28
2 12 136
2 45 99
2 19 98
2 26 123
3 41 94
3 43 136
3 13 139
3 14 144
3 15 86
3 18 137
3 22 41
3 47 80
3 31 22
4 6 81
4 39 77
4 8 126
4 44 113
4 45 125
4 20 142
4 21 49
4 29 25
4 30 58
5 32 27
5 34 111
5 35 52
5 11 154
5 46 63
5 19 46
5 20 28
5 25 144
5 29 62
6 37 87
6 43 28
6 12 107
6 46 82
6 47 143
6 14 117
6 23 86
6 30 110
7 33 34
7 34 20
7 8 133
7 42 148
7 12 17
7 2 61
7 13 127
7 23 32
7 27 57
8 9 50
8 42 54
8 44 117
8 13 137
8 46 153
8 18 62
8 23 27
9 32 44
9 36 40
9 42 30
9 43 148
9 45 52
9 14 137
9 17 19
9 22 128
9 29 141
10 41 107
10 43 69
10 49 75
10 21 154
10 22 63
10 25 78
10 26 59
10 27 120
10 30 86
11 36 84
11 48 85
11 17 58
11 20 24
11 26 67
11 29 104
12 32 143
12 33 67
12 46 96
12 16 124
12 18 34
12 26 99
13 34 155
13 36 95
13 16 39
13 28 142
14 40 154
14 47 122
14 15 17
14 17 91
14 19 70
14 27 107
15 32 18
15 38 76
15 43 149
15 49 134
15 18 150
15 20 72
15 28 52
16 35 10
16 37 129
16 44 102
16 49 66
16 20 31
16 24 90
16 31 130
17 35 47
17 37 28
17 48 110
17 24 13
17 28 98
17 30 118
18 47 155
18 49 89
18 21 67
18 28 29
18 30 70
19 33 93
19 45 27
19 20 131
19 22 111
19 31 133
20 32 45
20 33 104
20 34 103
20 43 41
20 37 147
20 39 87
20 40 133
20 44 69
20 45 22
20 46 64
20 28 66
21 32 91
21 33 114
21 34 141
21 35 26
21 36 51
21 38 35
21 39 109
21 40 27
21 46 112
21 47 40
21 22 110
21 24 145
21 30 151
22 32 14
22 38 10
22 33 87
22 40 77
22 43 150
22 45 26
22 49 68
22 23 151
22 24 149
22 27 78
22 42 31
23 33 89
23 35 26
23 37 17
23 41 109
23 44 106
23 45 52
23 46 57
23 48 67
23 24 106
23 26 126
23 38 31
23 28 62
23 31 143
24 34 125
24 35 24
24 37 30
24 40 54
24 43 136
24 45 143
24 47 94
24 49 53
24 26 146
24 28 135
24 29 132
24 31 114
25 32 105
25 35 17
25 36 36
25 38 120
25 39 20
25 40 142
25 41 35
25 46 89
25 48 30
25 26 123
25 28 23
25 29 94
25 30 18
25 37 19
26 32 66
26 37 95
26 33 131
26 44 124
26 34 155
26 48 30
26 49 67
26 41 19
27 32 123
27 34 117
27 36 63
27 37 109
27 40 42
27 43 27
27 44 86
27 45 11
27 47 105
27 46 109
27 29 63
27 31 102
28 33 71
28 34 61
28 38 27
28 40 34
28 41 51
28 42 13
28 43 70
28 46 151
28 31 20
29 36 39
29 39 82
29 40 72
29 42 102
29 43 34
29 47 33
29 49 29
29 30 95
29 31 151
30 35 122
30 38 148
30 39 138
30 41 149
30 43 49
30 44 127
30 45 10
30 42 141
30 31 11
31 34 11
31 38 72
31 48 24
31 40 38
31 41 29
31 45 124
31 47 98
32 36 30
32 42 13
32 45 23
32 46 111
32 48 25
32 37 141
33 41 94
33 42 141
33 43 88
33 45 136
33 46 131
33 44 42
33 48 91
33 47 86
34 35 46
34 36 128
34 40 134
34 41 123
34 39 147
34 47 141
34 48 52
35 36 92
35 38 124
35 40 131
35 39 150
35 48 135
35 49 142
35 37 42
36 39 63
36 40 131
36 42 98
36 44 64
36 48 76
36 49 106
37 48 90
37 38 83
37 41 29
37 42 71
37 46 49
37 47 147
38 41 155
38 42 46
38 43 117
38 44 127
38 46 113
38 48 29
38 47 135
39 41 55
39 42 38
39 43 153
39 44 89
39 45 41
39 47 24
39 48 110
39 49 72
40 44 133
40 46 125
40 47 49
40 49 10
41 42 124
41 47 39
41 48 34
41 49 144
42 44 123
42 45 21
42 49 45
43 47 14
44 100003 1450
44 48 102
45 100003 1450
45 100002 1450
45 46 73
45 100000 1450
45 100004 1450
46 49 27
47 100000 1450
47 100001 1450
48 49 117
48 100002 1450
48 100004 1450
48 100000 1450
48 100001 1450
49 100002 1450
49 100003 1450
-2 1 1450
-2 4 1450
-5 0 1450
-5 4 1450
-4 0 1450
-4 4 1450
-3 0 1450
-3 2 1450
-1 0 1450
