0 33 81
0 5 11
0 7 130
0 8 97
0 12 55
0 13 72
0 14 48
0 15 79
0 16 46
0 17 153
0 19 90
0 21 152
0 23 71
0 25 114
0 31 42
1 32 153
1 19 57
1 34 142
1 35 40
1 4 140
1 5 10
1 6 155
1 7 15
1 9 87
1 11 45
1 2 133
1 14 11
1 17 35
1 3 28
1 28 140
2 34 131
2 3 16
2 4 71
2 37 61
2 6 18
2 8 102
2 10 132
2 13 93
2 14 77
2 16 18
2 19 97
2 20 90
2 24 81
2 5 113
3 33 27
3 36 130
3 7 76
3 8 94
3 16 19
3 17 122
3 18 28
3 19 131
3 20 21
3 1 23
3 22 60
3 24 137
3 27 77
3 29 146
4 33 82
4 34 40
4 5 14
4 6 143
4 39 16
4 10 74
4 11 149
4 13 44
4 15 38
4 16 39
4 18 66
4 19 155
4 2 41
4 36 113
5 37 10
5 6 111
5 39 117
5 9 111
5 10 133
5 16 100
5 18 65
5 19 105
5 21 88
5 23 70
5 29 13
6 38 45
6 9 71
6 11 125
6 12 63
6 13 89
6 14 137
6 16 92
6 17 80
6 21 151
6 24 40
6 25 23
7 32 81
7 37 152
7 38 30
7 33 132
7 10 78
7 11 137
7 12 122
7 13 140
7 14 26
7 18 112
7 20 134
7 26 133
8 32 75
8 33 114
8 37 106
8 38 114
8 39 117
8 10 150
8 15 100
8 23 139
8 24 89
8 27 75
8 28 43
8 30 142
9 32 57
9 35 129
9 36 35
9 33 96
9 10 122
9 11 147
9 12 75
9 15 106
9 22 144
9 23 50
9 29 140
9 30 145
10 39 48
10 13 45
10 14 77
10 18 33
10 21 106
10 36 114
10 29 134
10 30 65
10 37 146
11 33 142
11 14 26
11 15 135
11 20 40
11 23 72
11 24 110
11 25 54
11 27 151
11 29 140
11 31 127
12 32 150
12 35 124
12 37 137
12 13 106
12 17 94
12 20 135
12 21 16
12 25 28
12 26 31
12 27 73
12 30 64
13 38 130
13 16 129
13 17 155
13 18 153
13 22 64
13 25 42
13 26 78
13 28 30
14 37 43
14 15 111
14 19 28
14 20 60
14 22 154
14 23 92
14 29 102
14 30 140
15 34 97
15 35 67
15 36 94
15 17 43
15 18 149
15 19 125
15 20 71
15 25 85
15 27 154
16 35 73
16 36 144
16 39 91
16 17 125
16 20 102
16 21 121
16 23 50
16 31 101
17 33 40
17 34 109
17 38 61
17 18 128
17 19 43
17 21 121
17 22 59
18 35 135
18 34 72
18 19 64
18 21 10
18 28 11
18 30 10
18 31 131
19 38 122
19 34 55
19 35 110
19 30 77
19 31 64
20 33 49
20 39 138
20 24 20
21 34 126
21 22 121
21 25 105
22 32 80
22 35 29
22 23 27
22 26 18
22 27 14
23 36 136
23 31 152
23 37 105
24 32 35
24 38 153
24 26 117
24 30 139
24 31 114
25 35 38
25 28 58
25 29 150
25 31 36
26 38 123
26 39 120
26 27 16
26 28 104
26 30 16
26 31 113
27 32 110
27 37 131
27 28 27
27 29 126
28 34 77
28 35 135
28 36 83
28 29 26
29 33 152
29 39 17
30 34 98
30 37 47
31 32 106
31 35 20
32 38 47
32 39 103
33 39 92
34 38 130
34 100004 1450
35 100000 1450
35 100004 1450
35 100001 1450
36 100002 1450
36 37 88
36 38 88
36 39 96
37 100003 1450
38 100000 1450
38 100004 1450
39 100002 1450
39 100003 1450
39 100001 1450
39 100000 1450
-2 4 1450
-2 5 1450
-5 2 1450
-5 3 1450
-5 5 1450
-4 0 1450
-4 2 1450
-4 4 1450
-3 1 1450
-3 3 1450
-3 4 1450
-1 1 1450
-1 2 1450
