0 33 70
0 35 25
0 47 119
0 49 44
0 24 155
0 27 18
1 34 106
1 35 147
1 36 100
1 7 15
1 46 62
1 24 44
2 34 66
2 6 115
2 8 56
2 10 141
2 47 118
2 16 98
2 28 105
2 42 93
3 42 120
3 48 21
3 19 86
3 24 140
3 28 117
3 29 80
4 36 60
4 42 71
4 46 63
4 47 98
4 49 66
4 27 69
5 38 147
5 41 69
5 11 68
5 48 45
5 28 130
5 30 97
6 34 37
6 7 51
6 40 43
6 46 122
6 19 96
6 31 112
7 32 76
7 43 76
7 20 150
7 28 83
8 9 50
8 47 69
8 48 154
8 49 146
8 27 35
8 28 70
9 35 23
9 37 60
9 40 94
9 43 114
9 22 90
10 41 73
10 11 82
10 14 125
10 27 125
10 30 20
11 12 14
11 13 11
11 49 122
11 29 81
11 31 107
12 34 22
12 45 43
12 21 48
12 30 49
12 31 135
13 37 145
13 40 42
13 18 14
13 19 76
13 22 151
13 26 148
14 43 96
14 46 93
14 47 42
14 25 36
14 28 110
15 38 52
15 44 24
15 16 147
15 17 19
15 20 28
15 25 69
16 38 35
16 44 61
16 25 95
16 31 112
17 35 69
17 38 87
17 39 32
17 40 123
17 15 140
17 48 137
18 37 78
18 41 146
18 42 133
18 48 69
18 30 26
19 23 22
19 24 20
19 27 120
20 32 10
20 33 32
20 36 124
20 37 50
20 38 85
20 40 66
20 41 36
20 45 86
20 46 129
20 49 135
20 22 52
20 23 22
20 24 74
20 25 84
20 26 16
20 29 145
20 30 80
21 34 143
21 37 53
21 38 87
21 39 118
21 44 68
21 42 78
21 43 95
21 46 25
21 47 34
21 48 32
21 49 115
21 22 11
21 23 133
21 24 43
21 25 71
21 27 59
21 28 18
21 31 47
22 32 38
22 33 111
22 35 130
22 36 133
22 38 129
22 40 64
22 42 52
22 43 26
22 44 90
22 45 62
22 48 144
22 23 39
22 25 22
22 30 148
22 31 68
23 32 141
23 35 20
23 36 145
23 37 108
23 39 125
23 40 17
23 41 75
23 42 68
23 44 59
23 45 42
23 46 96
23 48 74
23 49 116
23 28 71
23 30 55
24 36 66
24 37 138
24 38 17
24 33 136
24 40 114
24 42 153
24 43 140
24 45 152
24 47 60
24 49 90
24 27 123
24 29 10
24 30 144
25 33 132
25 34 140
25 35 107
25 36 67
25 38 83
25 39 117
25 41 81
25 42 129
25 45 43
25 49 92
25 26 147
25 28 152
25 29 40
26 32 148
26 34 33
26 35 76
26 36 111
26 38 150
26 39 82
26 40 69
26 41 112
26 43 98
26 44 98
26 46 25
26 47 84
26 28 89
26 29 102
26 30 92
26 31 74
27 32 135
27 35 29
27 33 30
27 39 107
27 43 66
27 44 150
27 45 151
27 46 106
27 48 64
27 28 10
27 30 70
27 31 21
28 33 104
28 39 20
28 44 122
28 34 147
28 40 66
28 43 104
28 30 32
28 31 30
29 32 133
29 33 46
29 34 90
29 36 35
29 37 52
29 38 57
29 39 154
29 41 12
29 44 33
29 45 144
29 48 61
29 49 138
29 35 68
30 39 11
30 41 143
30 42 58
30 45 21
30 46 116
30 47 105
30 37 56
30 31 58
31 33 72
31 43 133
31 36 99
31 37 76
31 39 143
31 41 121
31 45 63
31 47 150
31 44 117
32 34 135
32 35 114
32 36 40
32 37 30
32 38 86
32 41 122
32 42 88
32 39 36
32 44 25
32 47 100
32 48 53
32 49 130
33 34 43
33 35 110
33 36 137
33 40 93
33 41 62
33 42 26
33 43 38
33 44 30
33 47 30
33 49 20
34 37 57
34 40 38
34 44 119
34 42 64
34 45 122
34 46 115
34 47 10
34 48 83
35 49 59
35 40 120
35 42 99
35 44 55
35 45 98
35 41 48
35 37 143
36 37 29
36 42 64
36 45 148
36 46 133
36 47 21
36 48 32
36 49 146
37 38 41
37 40 78
37 46 42
37 48 117
37 49 102
38 39 119
38 41 137
38 42 143
38 43 120
38 44 29
38 45 137
39 40 142
39 41 57
39 42 145
39 43 73
39 44 84
39 45 63
39 48 77
40 49 18
40 42 98
40 46 142
40 48 103
41 43 152
41 45 22
41 46 122
41 47 23
42 43 98
43 46 124
43 44 99
43 45 12
43 47 96
44 100004 1450
44 45 145
44 47 142
44 100000 1450
44 100001 1450
44 100002 1450
44 100003 1450
45 100000 1450
45 100001 1450
45 48 100
45 100003 1450
45 100004 1450
46 47 115
46 48 52
46 49 92
47 100003 1450
47 100004 1450
47 49 78
47 100001 1450
48 49 132
49 100002 1450
49 100000 1450
-2 0 1450
-2 2 1450
-5 1 1450
-5 4 1450
-5 5 1450
-4 0 1450
-4 1 1450
-4 3 1450
-3 2 1450
-3 3 1450
-3 4 1450
-1 0 1450
-1 3 1450
-1 4 1450
