0 2 65
0 4 92
0 5 94
0 6 137
0 7 77
0 40 153
0 10 137
0 11 99
0 12 30
0 13 21
0 16 18
0 49 12
0 18 107
0 17 12
0 54 137
0 28 61
1 32 50
1 2 148
1 3 47
1 4 86
1 5 56
1 6 112
1 40 55
1 9 65
1 11 53
1 12 21
1 13 15
1 14 115
1 16 119
1 17 141
1 19 148
1 27 18
2 3 55
2 5 55
2 7 53
2 8 111
2 41 54
2 11 43
2 12 67
2 13 128
2 47 18
2 15 54
2 9 54
2 27 48
2 28 138
2 31 42
3 11 23
3 4 25
3 5 42
3 6 97
3 8 51
3 42 152
3 43 31
3 46 44
3 48 41
3 19 47
3 22 70
3 57 13
3 58 39
3 28 111
4 36 117
4 5 91
4 6 40
4 9 127
4 10 13
4 14 55
4 17 99
4 18 130
4 19 68
4 21 92
4 22 135
4 23 63
4 58 58
5 6 45
5 7 95
5 8 140
5 41 79
5 10 68
5 11 102
5 15 85
5 16 43
5 9 30
5 56 151
5 26 134
6 7 10
6 11 69
6 13 10
6 15 70
6 16 59
6 18 27
6 51 136
6 52 25
6 22 99
6 55 129
6 26 99
7 34 37
7 8 52
7 10 142
7 11 121
7 12 154
7 13 53
7 14 12
7 15 92
7 16 62
7 18 71
7 19 16
7 28 151
8 44 43
8 10 10
8 11 10
8 12 36
8 14 87
8 16 19
8 50 74
8 19 78
8 9 83
8 23 80
8 58 90
8 29 133
9 35 55
9 23 27
9 12 123
9 45 139
9 14 120
9 47 137
9 16 139
9 18 49
9 21 94
9 55 140
9 15 143
10 36 115
10 41 78
10 11 103
10 12 147
10 13 88
10 14 32
10 48 77
10 50 66
10 57 50
10 58 85
10 59 75
11 32 49
11 12 56
11 13 13
11 48 144
11 17 78
11 18 151
11 24 53
12 39 45
12 44 16
12 13 72
12 15 24
12 16 51
12 19 128
12 41 122
12 27 130
13 33 37
13 39 117
13 15 113
13 16 54
13 17 49
13 19 78
13 20 38
13 53 130
14 41 144
14 42 132
14 43 68
14 44 36
14 15 58
14 17 58
14 51 12
14 40 20
14 56 49
14 23 141
15 27 135
15 16 151
15 17 121
15 18 60
15 46 12
15 59 65
15 29 74
15 31 120
16 17 40
16 42 118
16 46 118
16 49 135
16 18 102
16 59 37
17 34 122
17 35 59
17 38 78
17 18 102
17 19 38
17 22 145
17 55 54
17 25 42
18 32 73
18 19 89
18 41 26
18 55 11
18 27 17
18 30 10
18 31 115
19 37 110
19 42 32
19 51 115
19 52 121
19 54 56
19 25 51
19 26 71
20 35 97
20 36 41
20 25 62
20 59 124
20 30 55
21 44 123
21 45 27
21 46 72
21 24 38
22 33 105
22 49 81
23 43 128
23 24 128
24 34 147
24 48 92
24 55 123
25 33 93
25 40 98
25 29 148
26 34 104
26 38 110
26 44 121
27 40 53
28 34 37
28 46 73
29 33 143
29 45 151
29 52 83
30 50 23
30 45 114
30 56 82
30 31 29
31 52 115
31 59 38
32 35 69
32 47 148
32 56 101
33 35 54
33 50 102
34 37 58
35 47 57
36 47 127
36 54 132
36 56 142
37 39 12
37 53 119
37 54 129
37 56 59
38 39 18
38 43 62
38 44 114
38 48 115
39 53 71
39 54 50
40 49 114
41 54 101
42 50 78
42 55 21
43 51 25
43 58 65
44 49 31
45 49 54
45 57 64
46 53 75
47 51 92
48 58 126
49 53 153
50 57 67
51 54 117
52 53 64
52 57 75
53 55 37
54 100002 1450
54 100003 1450
54 100004 1450
55 100003 1450
56 58 150
57 100000 1450
57 100001 1450
57 100003 1450
57 59 83
58 100001 1450
58 100004 1450
59 100000 1450
59 100001 1450
59 100004 1450
-2 0 1450
-2 1 1450
-2 5 1450
-5 0 1450
-5 2 1450
-5 5 1450
-4 3 1450
-4 5 1450
-3 0 1450
-3 4 1450
-1 0 1450
-1 2 1450
-1 4 1450
