0 1 1
0 2 8
0 7 7
0 30 3
0 31 4
1 16 6
1 2 6
1 29 10
2 3 10
2 4 8
2 29 6
3 4 4
3 15 3
3 17 9
3 21 10
3 23 10
4 5 8
4 7 6
4 8 8
4 20 9
5 8 9
5 6 8
5 7 4
6 24 4
6 9 8
6 7 10
7 8 9
7 13 5
8 9 5
8 10 9
9 10 7
9 11 4
9 14 7
9 31 8
10 11 5
10 30 7
10 22 8
11 12 5
11 14 2
11 19 2
11 29 2
12 18 10
12 28 5
12 13 8
13 30 5
13 14 9
14 15 6
14 16 2
14 17 9
15 16 1
15 23 8
15 24 6
15 26 5
16 17 10
16 19 3
16 31 2
17 25 7
17 18 2
18 19 4
18 21 9
19 25 8
19 20 8
20 21 10
20 22 3
20 25 2
20 26 4
21 28 1
21 22 3
22 24 10
22 23 5
23 24 7
23 26 4
23 27 10
24 25 8
24 28 5
25 26 5
25 27 4
26 100000 100
26 100001 100
26 100002 100
26 100004 100
26 27 9
26 30 10
27 100002 100
27 100003 100
27 100004 100
27 28 1
27 29 2
27 31 5
28 100000 100
28 29 2
28 31 8
29 100001 100
29 30 9
30 100001 100
30 31 5
31 100000 100
31 100002 100
31 100003 100
-2 0 100
-2 4 100
-2 5 100
-5 0 100
-5 1 100
-5 4 100
-4 0 100
-4 5 100
-3 1 100
-3 4 100
-3 5 100
-1 0 100
-1 2 100
-1 5 100
