0 1 3
0 2 2
0 7 1
0 30 5
0 31 2
1 16 2
1 2 2
1 29 1
2 3 5
2 4 5
2 29 1
3 4 4
3 15 1
3 17 4
3 21 1
3 23 4
4 5 2
4 7 3
4 8 4
4 20 2
5 8 1
5 4 1
5 6 3
5 7 5
6 24 2
6 9 4
6 5 5
6 7 5
7 0 2
7 4 5
7 5 5
7 6 3
7 8 5
7 13 4
8 9 4
8 10 3
8 4 5
8 5 2
8 7 4
9 10 4
9 11 5
9 14 1
9 31 3
10 11 2
10 30 1
10 22 4
11 12 2
11 14 5
11 19 3
11 29 5
12 18 1
12 11 1
12 28 3
12 13 1
13 30 2
13 14 3
13 7 5
14 13 4
14 15 2
14 16 4
14 17 4
15 16 1
15 23 3
15 24 3
15 26 4
16 17 1
16 19 4
16 31 4
17 25 2
17 18 5
17 3 4
17 14 1
18 19 5
18 12 1
18 21 2
19 25 5
19 18 4
19 11 3
19 20 4
20 21 2
20 22 2
20 25 1
20 26 1
21 28 5
21 18 4
21 3 1
21 20 3
21 22 4
22 24 4
22 10 3
22 20 1
22 21 4
22 23 5
23 24 4
23 26 4
23 27 4
24 25 2
24 28 4
25 26 3
25 27 1
26 100000 50
26 100001 50
26 27 3
26 30 4
27 100002 50
27 100003 50
27 28 1
27 29 3
27 31 3
28 100004 50
28 29 5
28 31 5
29 100000 50
29 100004 50
29 100001 50
29 100002 50
29 30 5
30 100003 50
30 100004 50
30 31 3
-2 0 50
-2 2 50
-5 1 50
-5 2 50
-5 5 50
-4 0 50
-4 1 50
-4 2 50
-3 0 50
-3 1 50
-1 1 50
-1 4 50
