0 1 5
0 2 5
0 6 5
0 31 2
1 2 8
1 5 2
1 6 9
1 14 8
1 31 3
2 3 8
2 27 2
3 9 8
3 4 2
3 5 7
3 25 10
4 8 2
4 5 5
4 30 2
4 13 3
5 6 1
5 7 4
5 8 8
6 7 6
7 8 9
7 10 2
8 9 6
8 19 6
9 16 1
9 10 7
9 21 1
10 11 2
10 12 3
10 25 7
11 16 1
11 12 8
11 21 3
11 31 2
12 13 4
12 17 6
12 28 9
12 29 3
13 14 5
14 15 2
15 16 6
15 17 9
15 22 9
16 17 8
16 18 1
16 29 9
17 18 3
18 19 7
18 20 1
18 22 3
19 20 7
19 21 1
19 22 5
20 24 3
20 21 4
20 23 9
21 22 4
21 27 10
22 23 4
23 24 4
23 28 4
23 30 1
24 25 8
24 26 7
24 27 3
25 27 10
25 26 5
26 27 1
26 30 9
26 100000 100
27 100001 100
27 100003 100
27 100002 100
27 28 6
28 100002 100
28 100003 100
28 29 4
28 31 3
29 100000 100
29 100001 100
29 30 6
29 31 5
30 100004 100
30 31 8
31 100002 100
31 100000 100
-2 0 100
-2 1 100
-2 2 100
-5 3 100
-5 5 100
-4 2 100
-4 3 100
-4 4 100
-3 0 100
-3 3 100
-1 0 100
-1 2 100
-1 4 100
