0 1 5
0 4 3
0 13 2
0 15 2
1 2 4
1 5 3
1 14 5
2 8 1
2 3 3
2 4 4
2 5 3
3 4 4
3 6 1
3 8 3
3 9 2
3 10 4
4 5 2
4 6 1
5 6 4
5 7 4
5 15 4
6 7 1
7 8 4
7 13 5
8 11 5
8 9 5
9 11 3
9 10 5
10 100001 50
10 11 1
10 12 4
10 14 4
11 100000 50
11 100001 50
11 12 4
12 100002 50
12 100003 50
12 100004 50
12 13 5
12 15 2
13 100002 50
13 100003 50
13 100004 50
13 14 2
14 100002 50
14 100001 50
14 15 3
15 100000 50
15 100003 50
-1 2 50
-1 3 50
-5 1 50
-5 3 50
-5 4 50
-4 0 50
-4 2 50
-4 4 50
-3 1 50
-3 5 50
-2 0 50
-2 1 50
