0 1 10
0 2 4
0 13 6
0 6 5
0 15 7
1 8 8
1 2 4
1 10 10
2 3 10
2 14 1
3 11 7
3 4 9
3 5 10
4 8 4
4 5 3
4 6 4
4 15 1
5 15 10
5 6 8
5 7 5
6 7 6
6 9 7
6 14 4
7 8 3
7 10 9
8 9 4
9 10 6
9 12 9
9 14 9
10 100000 100
10 100002 100
10 100003 100
10 11 9
10 15 4
11 100004 100
11 12 1
11 13 2
11 15 5
12 100000 100
12 100001 100
12 100004 100
12 13 1
13 100001 100
13 100003 100
13 14 2
14 15 7
15 100000 100
15 100002 100
15 100003 100
15 100001 100
15 100004 100
-1 0 100
-1 2 100
-1 5 100
-5 0 100
-5 1 100
-4 0 100
-4 1 100
-3 1 100
-3 2 100
-3 4 100
-2 1 100
-2 3 100
-2 4 100
