0 1 3
0 2 1
0 3 3
0 31 4
1 16 2
1 2 1
1 3 5
1 7 3
2 3 2
2 5 5
3 4 1
3 31 5
4 5 3
4 9 2
4 10 3
4 18 5
4 25 5
5 6 5
5 7 1
5 13 5
5 14 5
6 7 5
6 12 3
6 13 2
6 24 3
6 28 2
7 8 2
7 11 2
7 12 2
8 9 4
8 10 3
8 23 5
8 28 1
9 12 4
9 10 4
10 11 3
10 17 1
11 20 2
11 15 1
11 12 4
12 13 4
13 14 5
13 19 2
13 23 1
14 16 3
14 30 2
14 15 5
15 16 3
15 17 2
15 29 1
16 17 1
16 20 4
16 29 3
17 18 2
17 19 4
17 20 5
18 19 2
18 29 3
18 23 1
19 20 1
19 21 5
20 21 5
20 30 5
21 26 5
21 22 4
22 25 5
22 27 1
22 23 5
23 24 5
23 31 5
24 25 1
24 26 2
24 27 3
24 30 1
25 26 5
25 27 2
26 100000 50
26 100002 50
26 100003 50
26 27 4
26 28 1
27 100001 50
27 100002 50
27 28 3
27 29 2
28 100001 50
28 100004 50
28 29 5
28 31 2
29 100003 50
29 100004 50
29 30 1
30 100000 50
30 31 2
31 100003 50
-2 2 50
-2 3 50
-5 0 50
-5 1 50
-5 4 50
-4 1 50
-4 2 50
-3 0 50
-3 1 50
-3 5 50
-1 1 50
-1 2 50
-1 4 50
