0 1 3
0 2 5
0 13 1
0 6 3
0 15 1
1 8 4
1 2 2
1 10 4
2 3 3
2 14 5
3 11 4
3 4 4
3 5 5
4 8 2
4 5 3
4 6 1
4 15 2
5 15 4
5 6 4
5 7 2
6 7 4
6 9 3
6 14 5
7 8 2
7 10 4
8 9 3
9 10 3
9 12 3
9 14 4
10 100004 50
10 100001 50
10 11 2
10 15 1
11 100001 50
11 100002 50
11 100004 50
11 12 1
11 13 2
11 15 1
12 100003 50
12 13 3
12 100001 50
13 100000 50
13 14 4
14 100003 50
14 100002 50
14 15 5
15 100000 50
15 100002 50
15 100003 50
15 100004 50
-1 1 50
-1 4 50
-1 5 50
-5 0 50
-5 4 50
-5 5 50
-4 0 50
-4 2 50
-4 5 50
-3 1 50
-3 2 50
-3 4 50
-2 0 50
-2 1 50
