0 1 7
0 4 10
0 13 7
0 15 6
1 2 3
1 5 4
1 14 10
2 8 3
2 1 5
2 3 8
2 4 4
2 5 10
3 4 8
3 6 1
3 8 7
3 9 9
3 10 8
4 0 2
4 2 1
4 3 9
4 5 8
4 6 5
5 2 2
5 4 10
5 6 4
5 7 10
5 15 7
6 3 6
6 4 7
6 5 1
6 7 10
7 8 10
7 5 4
7 6 3
7 13 4
8 11 6
8 9 5
8 2 7
8 3 8
8 7 8
9 11 5
9 10 3
9 3 9
10 100001 100
10 100002 100
10 100004 100
10 11 1
10 12 6
10 14 5
10 100003 100
11 12 9
12 100002 100
12 100004 100
12 13 7
12 15 5
13 100000 100
13 100003 100
13 100004 100
13 100001 100
13 14 3
14 100000 100
14 100003 100
14 15 7
-1 2 100
-1 3 100
-1 5 100
-5 0 100
-5 3 100
-5 4 100
-4 0 100
-3 0 100
-3 2 100
-2 0 100
-2 5 100
