0 1 1
0 5 10
0 15 3
1 2 9
1 4 9
1 14 10
2 3 1
2 9 8
3 12 3
3 4 9
4 8 7
4 5 3
4 7 10
5 8 2
5 6 2
6 12 5
6 7 5
7 8 5
7 10 9
8 9 3
8 10 9
9 10 1
9 15 5
10 100000 100
10 100001 100
10 100002 100
10 11 2
11 100001 100
11 100003 100
11 100004 100
11 12 5
11 13 6
11 14 7
12 100003 100
12 13 9
13 100001 100
13 100002 100
13 14 5
13 15 7
14 100000 100
14 100002 100
14 100004 100
14 15 7
15 100003 100
-1 0 100
-1 1 100
-5 0 100
-5 3 100
-5 5 100
-4 1 100
-4 2 100
-4 4 100
-3 2 100
-3 3 100
-3 5 100
-2 0 100
-2 1 100
