0 1 5
0 2 5
0 3 5
0 4 3
0 5 1
0 30 5
1 2 4
1 35 2
1 4 1
1 10 4
1 3 3
2 3 5
2 4 4
2 40 4
2 15 4
3 4 3
3 45 5
3 20 3
4 50 5
4 25 2
5 6 5
5 7 3
5 8 3
5 9 4
5 31 5
6 36 3
6 7 4
6 8 5
6 9 5
6 11 1
7 8 3
7 9 1
7 16 4
7 41 3
8 9 5
8 46 1
8 21 1
9 51 2
9 26 2
10 32 4
10 11 2
10 12 5
10 13 3
10 14 5
11 37 1
11 12 4
11 13 2
11 14 2
12 42 2
12 13 4
12 14 5
12 17 1
13 14 5
13 47 4
13 22 4
14 52 1
14 27 2
15 33 5
15 16 1
15 17 2
15 18 2
15 19 5
16 38 4
16 17 5
16 18 3
16 19 4
17 43 2
17 18 3
17 19 1
18 48 4
18 19 1
18 23 2
19 53 4
19 28 2
20 34 3
20 21 5
20 22 1
20 23 4
20 24 1
21 39 1
21 22 5
21 23 4
21 24 4
22 44 3
22 23 3
22 24 5
23 49 4
23 24 3
24 54 2
24 29 2
25 26 5
25 27 2
25 28 4
25 29 2
25 30 1
26 35 3
26 27 4
26 28 4
26 29 1
27 40 1
27 28 2
27 29 1
28 45 5
28 29 1
29 50 5
30 32 1
30 33 5
30 34 3
30 31 3
31 32 2
31 33 5
31 34 1
31 36 4
32 33 3
32 34 2
32 41 1
33 34 1
33 46 1
34 51 4
35 36 4
35 37 3
35 38 1
35 39 3
36 37 2
36 39 3
36 38 3
37 38 5
37 39 1
37 42 2
38 39 4
38 47 5
39 52 2
40 41 5
40 42 3
40 43 1
40 44 1
41 42 1
41 43 4
41 44 3
42 43 2
42 44 4
43 44 2
43 48 5
44 53 3
45 46 3
45 47 5
45 48 1
45 49 2
46 47 4
46 48 5
46 49 1
47 48 2
47 49 2
48 49 4
49 100003 50
49 54 5
50 100001 50
50 100002 50
50 51 3
50 52 3
50 53 5
50 54 2
50 100004 50
51 52 1
51 53 2
51 54 1
52 100000 50
52 100003 50
52 53 3
52 54 1
53 100003 50
53 100004 50
53 100001 50
53 54 2
54 100000 50
54 100002 50
-2 1 50
-2 2 50
-2 4 50
-5 0 50
-5 4 50
-5 5 50
-4 1 50
-4 2 50
-4 3 50
-3 1 50
-3 2 50
-3 4 50
-1 1 50
-1 2 50
-1 3 50
