0 1 1
0 2 1
0 3 4
0 4 4
0 5 3
0 6 3
0 7 4
0 8 3
0 9 5
0 10 3
0 110 4
0 210 1
0 310 2
1 320 2
1 2 2
1 3 3
1 4 5
1 5 5
1 6 4
1 7 3
1 8 3
1 9 5
1 20 1
1 120 5
1 220 2
2 130 1
2 3 5
2 4 2
2 5 5
2 6 3
2 7 1
2 8 4
2 9 5
2 330 5
2 30 1
2 230 1
3 4 4
3 5 3
3 6 1
3 7 3
3 8 5
3 9 4
3 140 3
3 240 1
3 40 1
3 340 2
4 5 3
4 6 2
4 7 1
4 8 3
4 9 5
4 50 2
4 150 5
4 250 2
4 350 1
5 6 2
5 7 5
5 8 3
5 9 1
5 160 5
5 360 1
5 260 2
5 60 2
6 70 5
6 7 3
6 8 5
6 9 5
6 170 1
6 270 5
6 370 2
7 8 4
7 9 2
7 80 2
7 180 1
7 280 4
7 380 3
8 9 2
8 290 2
8 90 1
8 190 5
8 390 3
9 300 2
9 400 1
9 200 3
9 100 4
10 211 1
10 11 4
10 12 5
10 13 2
10 14 2
10 15 4
10 16 5
10 17 1
10 18 3
10 19 2
10 311 3
10 111 4
11 321 2
11 12 5
11 13 5
11 14 3
11 15 2
11 16 2
11 17 2
11 18 4
11 19 1
11 21 3
11 121 5
11 221 4
12 131 4
12 231 3
12 13 2
12 14 1
12 15 3
12 16 1
12 17 2
12 18 5
12 19 2
12 331 2
12 31 5
13 241 1
13 41 5
13 141 5
13 14 4
13 15 4
13 16 1
13 17 4
13 18 5
13 19 3
13 341 1
14 51 5
14 15 3
14 16 5
14 17 1
14 18 4
14 19 4
14 151 5
14 251 4
14 351 2
15 161 2
15 261 2
15 361 5
15 16 3
15 17 3
15 18 5
15 19 4
15 61 4
16 171 1
16 71 2
16 17 2
16 18 5
16 19 2
16 371 3
16 271 5
17 81 5
17 18 4
17 19 4
17 181 2
17 281 1
17 381 2
18 291 5
18 391 2
18 19 5
18 91 3
18 191 4
19 101 4
19 401 5
19 201 4
19 301 5
20 112 5
20 312 2
20 212 5
20 21 1
20 22 2
20 23 5
20 24 5
20 25 5
20 26 1
20 27 5
20 28 3
20 29 3
21 322 1
21 122 2
21 22 5
21 23 2
21 24 1
21 25 5
21 26 5
21 27 4
21 28 1
21 29 1
21 222 2
22 32 1
22 132 1
22 232 2
22 332 4
22 23 4
22 24 2
22 25 4
22 26 5
22 27 3
22 28 2
22 29 1
23 342 3
23 42 2
23 142 5
23 242 2
23 24 5
23 25 4
23 26 1
23 27 5
23 28 2
23 29 4
24 352 4
24 252 4
24 152 1
24 25 1
24 26 3
24 27 2
24 28 1
24 29 4
24 52 5
25 162 2
25 262 1
25 362 2
25 26 4
25 27 1
25 28 2
25 29 3
25 62 2
26 72 5
26 372 2
26 172 4
26 272 2
26 27 5
26 28 4
26 29 1
27 282 5
27 182 3
27 82 3
27 28 5
27 29 3
27 382 5
28 192 5
28 292 1
28 392 3
28 92 2
28 29 2
29 102 1
29 202 3
29 302 3
29 402 5
30 32 2
30 33 4
30 34 4
30 35 5
30 36 2
30 37 4
30 38 3
30 39 4
30 113 3
30 213 5
30 313 4
30 31 1
31 32 2
31 33 1
31 34 3
31 35 3
31 36 3
31 37 1
31 38 4
31 39 2
31 323 3
31 123 3
31 223 5
32 133 3
32 33 1
32 34 1
32 35 3
32 36 1
32 37 5
32 38 1
32 39 4
32 233 3
32 333 4
33 34 4
33 35 4
33 36 3
33 37 2
33 38 5
33 39 2
33 43 5
33 143 3
33 243 5
33 343 3
34 35 3
34 36 4
34 37 4
34 38 2
34 39 1
34 353 3
34 53 4
34 153 5
34 253 1
35 163 5
35 36 1
35 37 4
35 38 4
35 39 3
35 363 2
35 263 2
35 63 1
36 37 1
36 38 2
36 39 5
36 73 4
36 173 5
36 273 2
36 373 5
37 38 5
37 39 4
37 83 2
37 183 1
37 283 4
37 383 5
38 39 2
38 393 1
38 193 4
38 293 5
38 93 5
39 103 4
39 203 2
39 303 3
39 403 5
40 41 5
40 42 3
40 43 1
40 44 5
40 45 3
40 46 2
40 47 5
40 48 5
40 49 4
40 114 1
40 214 1
40 314 2
41 224 5
41 324 2
41 42 1
41 43 5
41 44 4
41 45 5
41 46 5
41 47 1
41 48 4
41 49 4
41 124 2
42 134 3
42 234 3
42 43 4
42 44 1
42 45 4
42 46 3
42 47 4
42 48 5
42 49 3
42 334 4
43 44 5
43 45 1
43 46 2
43 47 1
43 48 5
43 49 4
43 144 1
43 244 1
43 344 3
44 354 3
44 45 3
44 46 3
44 47 3
44 48 2
44 49 4
44 54 3
44 154 5
44 254 5
45 64 2
45 164 3
45 46 3
45 47 1
45 48 4
45 49 2
45 364 3
45 264 5
46 174 1
46 47 1
46 48 4
46 49 2
46 274 5
46 374 4
46 74 3
47 384 2
47 48 2
47 49 1
47 84 3
47 184 5
47 284 5
48 194 3
48 294 3
48 49 2
48 394 3
48 94 4
49 304 2
49 104 2
49 204 2
49 404 3
50 115 1
50 215 5
50 51 4
50 52 1
50 53 1
50 54 4
50 55 4
50 56 4
50 57 5
50 58 5
50 59 4
50 315 3
51 225 1
51 325 2
51 52 2
51 53 5
51 54 2
51 55 4
51 56 2
51 57 1
51 58 2
51 59 4
51 125 5
52 135 2
52 235 2
52 335 3
52 53 5
52 54 5
52 55 1
52 56 4
52 57 1
52 58 2
52 59 2
53 145 3
53 245 1
53 54 3
53 55 3
53 56 5
53 57 5
53 58 3
53 59 2
53 345 5
54 155 3
54 355 4
54 55 5
54 56 3
54 57 1
54 58 5
54 59 3
54 255 5
55 65 3
55 165 3
55 265 2
55 365 4
55 56 4
55 57 1
55 58 3
55 59 3
56 375 2
56 275 5
56 75 4
56 175 5
56 57 4
56 58 1
56 59 5
57 385 5
57 185 3
57 58 1
57 59 1
57 285 1
57 85 4
58 195 4
58 295 2
58 395 4
58 59 4
58 95 5
59 105 1
59 205 3
59 305 1
59 405 3
60 64 1
60 65 5
60 66 1
60 67 4
60 68 1
60 69 4
60 316 4
60 116 4
60 216 4
60 61 4
60 62 3
60 63 1
61 64 1
61 65 3
61 66 2
61 67 1
61 68 3
61 69 2
61 326 3
61 226 3
61 126 5
61 62 2
61 63 3
62 64 3
62 65 1
62 66 5
62 67 3
62 68 4
62 69 2
62 136 4
62 236 4
62 336 4
62 63 2
63 64 1
63 65 3
63 66 1
63 67 5
63 68 3
63 69 2
63 146 2
63 246 5
63 346 5
64 256 5
64 65 1
64 66 1
64 67 3
64 68 1
64 69 2
64 156 5
64 356 4
65 66 2
65 67 2
65 68 3
65 69 5
65 166 4
65 266 3
65 366 4
66 67 3
66 68 2
66 69 5
66 76 5
66 176 2
66 276 5
66 376 1
67 68 4
67 69 5
67 386 2
67 286 4
67 86 5
67 186 5
68 196 3
68 69 3
68 296 5
68 96 4
68 396 4
69 106 1
69 206 1
69 306 3
69 406 5
70 71 1
70 72 2
70 73 1
70 74 2
70 75 1
70 76 5
70 77 2
70 78 2
70 79 2
70 117 3
70 217 4
70 317 2
71 227 2
71 327 4
71 72 3
71 73 5
71 74 4
71 75 4
71 76 1
71 77 4
71 78 3
71 79 4
71 127 3
72 73 2
72 74 1
72 75 2
72 76 3
72 77 3
72 78 3
72 79 1
72 337 4
72 237 1
72 137 2
73 74 2
73 75 2
73 76 4
73 77 5
73 78 3
73 79 5
73 147 2
73 247 5
73 347 1
74 257 3
74 357 3
74 75 2
74 76 4
74 77 3
74 78 5
74 79 1
74 157 1
75 267 3
75 167 5
75 76 4
75 77 4
75 78 1
75 79 2
75 367 5
76 77 2
76 78 2
76 79 1
76 177 4
76 277 1
76 377 1
77 387 2
77 78 4
77 79 4
77 87 4
77 187 5
77 287 5
78 97 1
78 197 4
78 79 2
78 297 4
78 397 4
79 107 1
79 207 1
79 307 3
79 407 1
80 118 2
80 81 5
80 82 3
80 83 3
80 84 3
80 85 1
80 86 4
80 87 3
80 88 3
80 89 3
80 218 5
80 318 4
81 128 4
81 228 2
81 328 3
81 82 4
81 83 4
81 84 1
81 85 4
81 86 3
81 87 3
81 88 2
81 89 4
82 138 5
82 238 3
82 338 2
82 83 3
82 84 3
82 85 4
82 86 1
82 87 3
82 88 5
82 89 3
83 148 3
83 84 2
83 85 4
83 86 5
83 87 2
83 88 4
83 89 5
83 348 3
83 248 4
84 258 2
84 358 2
84 85 3
84 86 4
84 87 2
84 88 2
84 89 5
84 158 3
85 368 1
85 168 3
85 268 3
85 86 1
85 87 4
85 88 5
85 89 5
86 178 2
86 278 3
86 87 3
86 88 3
86 89 3
86 378 3
87 288 1
87 388 1
87 88 4
87 89 1
87 188 4
88 98 5
88 198 4
88 298 1
88 398 1
88 89 5
89 208 1
89 408 2
89 108 4
89 308 1
90 96 1
90 97 4
90 98 2
90 99 5
90 319 3
90 219 3
90 119 4
90 91 4
90 92 2
90 93 1
90 94 3
90 95 5
91 96 4
91 97 2
91 98 1
91 99 2
91 229 1
91 129 5
91 329 3
91 92 4
91 93 5
91 94 3
91 95 1
92 96 1
92 97 3
92 98 3
92 99 2
92 139 3
92 239 3
92 339 5
92 93 2
92 94 2
92 95 3
93 96 3
93 97 1
93 98 4
93 99 3
93 149 1
93 249 3
93 349 1
93 94 2
93 95 5
94 96 1
94 97 3
94 98 4
94 99 3
94 359 3
94 159 3
94 259 3
94 95 5
95 96 4
95 97 5
95 98 5
95 99 4
95 169 4
95 269 4
95 369 4
96 97 3
96 98 2
96 99 4
96 379 3
96 179 3
96 279 4
97 289 3
97 98 2
97 99 4
97 389 1
97 189 1
98 99 1
98 199 2
98 299 1
98 399 4
99 109 1
99 209 1
99 309 1
99 409 4
100 101 1
100 102 2
100 103 5
100 104 4
100 105 5
100 106 3
100 107 2
100 108 1
100 109 5
100 110 1
100 210 3
100 310 5
101 320 2
101 102 2
101 103 3
101 104 1
101 105 4
101 106 2
101 107 5
101 108 1
101 109 3
101 120 1
101 220 2
102 130 1
102 230 2
102 103 5
102 104 3
102 105 5
102 106 4
102 107 4
102 108 5
102 109 3
102 330 2
103 104 2
103 105 1
103 106 1
103 107 2
103 108 4
103 109 1
103 240 5
103 140 3
103 340 5
104 105 1
104 106 3
104 107 2
104 108 4
104 109 3
104 150 1
104 250 2
104 350 1
105 160 5
105 106 4
105 107 4
105 108 5
105 109 2
105 360 1
105 260 3
106 170 4
106 107 5
106 108 5
106 109 5
106 270 1
106 370 5
107 108 2
107 109 3
107 180 2
107 280 2
107 380 3
108 290 2
108 109 4
108 190 1
108 390 3
109 400 1
109 200 4
109 300 5
110 211 5
110 311 5
110 111 2
110 112 2
110 113 2
110 114 5
110 115 4
110 116 2
110 117 3
110 118 4
110 119 2
111 321 1
111 112 3
111 113 5
111 114 2
111 115 4
111 116 4
111 117 2
111 118 3
111 119 1
111 121 2
111 221 1
112 131 5
112 231 1
112 331 4
112 113 3
112 114 2
112 115 1
112 116 2
112 117 2
112 118 1
112 119 5
113 141 1
113 241 4
113 114 2
113 115 2
113 116 4
113 117 4
113 118 3
113 119 2
113 341 2
114 151 2
114 115 5
114 116 2
114 117 5
114 118 2
114 119 5
114 251 3
114 351 5
115 161 5
115 261 4
115 361 1
115 116 2
115 117 4
115 118 4
115 119 3
116 171 1
116 117 4
116 118 3
116 119 2
116 371 1
116 271 2
117 181 3
117 118 4
117 119 4
117 281 2
117 381 3
118 291 3
118 391 3
118 119 5
118 191 1
119 401 3
119 201 1
119 301 2
120 128 2
120 129 3
120 212 4
120 312 4
120 121 1
120 122 2
120 123 5
120 124 3
120 125 2
120 126 1
120 127 2
121 128 5
121 129 3
121 322 5
121 222 5
121 122 5
121 123 4
121 124 3
121 125 5
121 126 3
121 127 1
122 128 3
122 129 2
122 132 5
122 232 2
122 332 5
122 123 1
122 124 4
122 125 2
122 126 2
122 127 1
123 128 1
123 129 5
123 142 2
123 242 4
123 342 3
123 124 5
123 125 4
123 126 5
123 127 3
124 128 5
124 129 3
124 152 1
124 352 3
124 252 1
124 125 1
124 126 3
124 127 2
125 128 4
125 129 4
125 162 4
125 262 5
125 362 3
125 126 2
125 127 5
126 128 1
126 129 4
126 172 1
126 272 3
126 372 4
126 127 5
127 128 4
127 129 3
127 282 2
127 382 2
127 182 2
128 192 4
128 129 3
128 292 1
128 392 3
129 202 2
129 302 3
129 402 2
130 131 5
130 132 1
130 133 5
130 134 3
130 135 1
130 136 3
130 137 3
130 138 1
130 139 3
130 213 4
130 313 5
131 323 2
131 132 2
131 133 1
131 134 1
131 135 2
131 136 5
131 137 1
131 138 5
131 139 2
131 223 2
132 133 2
132 134 3
132 135 3
132 136 2
132 137 5
132 138 4
132 139 3
132 333 5
132 233 2
133 134 2
133 135 4
133 136 4
133 137 1
133 138 2
133 139 4
133 143 2
133 243 2
133 343 5
134 353 3
134 135 3
134 136 5
134 137 2
134 138 1
134 139 4
134 253 3
134 153 4
135 263 3
135 136 3
135 137 1
135 138 2
135 139 3
135 163 5
135 363 4
136 137 1
136 138 4
136 139 3
136 173 3
136 273 5
136 373 3
137 138 5
137 139 3
137 183 2
137 283 1
137 383 4
138 193 5
138 139 1
138 393 5
138 293 2
139 203 5
139 303 3
139 403 4
140 141 1
140 142 4
140 143 5
140 144 1
140 145 1
140 146 1
140 147 3
140 148 5
140 149 1
140 214 4
140 314 5
141 224 4
141 324 3
141 142 3
141 143 1
141 144 5
141 145 3
141 146 5
141 147 2
141 148 1
141 149 3
142 234 4
142 334 2
142 143 4
142 144 5
142 145 4
142 146 3
142 147 3
142 148 2
142 149 5
143 144 5
143 145 5
143 146 4
143 147 2
143 148 2
143 149 4
143 344 2
143 244 4
144 354 3
144 145 3
144 146 5
144 147 2
144 148 3
144 149 3
144 154 4
144 254 4
145 164 4
145 264 4
145 364 3
145 146 1
145 147 3
145 148 5
145 149 5
146 274 2
146 147 3
146 148 5
146 149 3
146 374 1
146 174 1
147 384 4
147 148 5
147 149 5
147 184 4
147 284 1
148 294 1
148 194 4
148 394 5
148 149 5
149 304 3
149 204 4
149 404 1
150 315 5
150 215 1
150 151 2
150 152 3
150 153 5
150 154 4
150 155 3
150 156 5
150 157 4
150 158 4
150 159 3
151 225 5
151 325 1
151 152 5
151 153 5
151 154 2
151 155 4
151 156 2
151 157 3
151 158 1
151 159 3
152 235 1
152 335 1
152 153 1
152 154 3
152 155 5
152 156 1
152 157 4
152 158 2
152 159 5
153 245 1
153 345 1
153 154 1
153 155 3
153 156 3
153 157 5
153 158 4
153 159 4
154 355 5
154 255 4
154 155 2
154 156 2
154 157 4
154 158 4
154 159 2
155 165 4
155 265 4
155 365 4
155 156 4
155 157 1
155 158 3
155 159 2
156 375 5
156 175 2
156 275 5
156 157 3
156 158 5
156 159 3
157 385 5
157 185 4
157 285 2
157 158 3
157 159 5
158 195 2
158 295 5
158 395 5
158 159 4
159 205 1
159 305 2
159 405 1
160 161 3
160 162 4
160 163 5
160 164 5
160 165 1
160 166 3
160 167 4
160 168 5
160 169 2
160 216 1
160 316 4
161 162 2
161 163 5
161 164 2
161 165 3
161 166 4
161 167 3
161 168 2
161 169 5
161 226 3
161 326 5
162 163 3
162 164 3
162 165 4
162 166 5
162 167 1
162 168 2
162 169 3
162 236 1
162 336 3
163 164 5
163 165 1
163 166 4
163 167 2
163 168 5
163 169 3
163 246 2
163 346 5
164 356 1
164 165 5
164 166 5
164 167 4
164 168 3
164 169 3
164 256 3
165 166 4
165 167 5
165 168 2
165 169 5
165 266 1
165 366 2
166 167 3
166 168 2
166 169 4
166 176 5
166 276 5
166 376 1
167 168 3
167 169 5
167 386 5
167 186 4
167 286 3
168 296 1
168 169 5
168 396 5
168 196 1
169 206 5
169 306 4
169 406 1
170 171 1
170 172 1
170 173 3
170 174 4
170 175 3
170 176 5
170 177 5
170 178 4
170 179 5
170 217 1
170 317 5
171 227 3
171 327 4
171 172 1
171 173 3
171 174 4
171 175 5
171 176 1
171 177 3
171 178 4
171 179 4
172 237 3
172 337 3
172 173 4
172 174 5
172 175 1
172 176 3
172 177 3
172 178 4
172 179 4
173 174 5
173 175 4
173 176 5
173 177 1
173 178 3
173 179 5
173 247 4
173 347 5
174 257 4
174 357 1
174 175 1
174 176 2
174 177 2
174 178 3
174 179 2
175 267 5
175 367 2
175 176 2
175 177 4
175 178 2
175 179 4
176 177 5
176 178 5
176 179 1
176 277 1
176 377 4
177 387 5
177 178 2
177 179 1
177 187 4
177 287 1
178 197 1
178 297 1
178 179 5
178 397 5
179 307 4
179 407 3
179 207 2
180 318 2
180 181 3
180 182 2
180 183 5
180 184 3
180 185 2
180 186 1
180 187 5
180 188 2
180 189 4
180 218 1
181 228 1
181 328 1
181 182 3
181 183 4
181 184 2
181 185 1
181 186 2
181 187 2
181 188 5
181 189 5
182 238 2
182 338 1
182 183 1
182 184 3
182 185 1
182 186 5
182 187 4
182 188 3
182 189 1
183 248 4
183 184 3
183 185 5
183 186 5
183 187 1
183 188 4
183 189 4
183 348 4
184 258 4
184 358 2
184 185 4
184 186 1
184 187 2
184 188 5
184 189 2
185 268 1
185 368 3
185 186 2
185 187 1
185 188 5
185 189 2
186 278 2
186 378 4
186 187 5
186 188 1
186 189 2
187 288 3
187 388 5
187 188 5
187 189 4
188 198 4
188 298 1
188 398 1
188 189 4
189 308 4
189 208 5
189 408 3
190 192 4
190 193 3
190 194 1
190 195 2
190 196 4
190 197 4
190 198 2
190 199 4
190 319 5
190 219 3
190 191 5
191 192 5
191 193 1
191 194 2
191 195 2
191 196 4
191 197 5
191 198 5
191 199 4
191 329 1
191 229 1
192 193 1
192 194 1
192 195 2
192 196 4
192 197 1
192 198 1
192 199 5
192 239 1
192 339 1
193 194 4
193 195 5
193 196 4
193 197 3
193 198 3
193 199 2
193 249 5
193 349 3
194 195 4
194 196 3
194 197 5
194 198 3
194 199 1
194 359 3
194 259 4
195 196 4
195 197 5
195 198 1
195 199 5
195 269 5
195 369 1
196 197 4
196 198 1
196 199 1
196 279 4
196 379 4
197 389 1
197 198 4
197 199 1
197 289 1
198 199 4
198 299 3
198 399 4
199 209 3
199 309 4
199 409 4
200 201 3
200 202 5
200 203 3
200 204 4
200 205 5
200 206 4
200 207 5
200 208 3
200 209 2
200 210 4
200 310 3
201 320 5
201 202 5
201 203 5
201 204 1
201 205 5
201 206 1
201 207 5
201 208 4
201 209 4
201 220 5
202 230 2
202 330 2
202 203 1
202 204 1
202 205 5
202 206 4
202 207 2
202 208 4
202 209 3
203 240 2
203 204 4
203 205 4
203 206 2
203 207 3
203 208 3
203 209 5
203 340 3
204 205 2
204 206 1
204 207 2
204 208 2
204 209 1
204 250 2
204 350 3
205 360 2
205 260 4
205 206 3
205 207 4
205 208 2
205 209 4
206 270 1
206 207 3
206 208 3
206 209 5
206 370 5
207 208 4
207 209 2
207 280 2
207 380 3
208 290 2
208 390 2
208 209 2
209 400 3
209 300 1
210 311 2
210 211 3
210 212 5
210 213 3
210 214 4
210 215 3
210 216 3
210 217 2
210 218 5
210 219 2
211 321 3
211 212 1
211 213 1
211 214 5
211 215 1
211 216 2
211 217 2
211 218 3
211 219 2
211 221 4
212 231 1
212 331 4
212 213 3
212 214 2
212 215 2
212 216 2
212 217 4
212 218 2
212 219 3
213 241 4
213 341 2
213 214 5
213 215 4
213 216 5
213 217 1
213 218 3
213 219 2
214 251 3
214 215 5
214 216 4
214 217 3
214 218 1
214 219 1
214 351 5
215 361 5
215 216 4
215 217 3
215 218 3
215 219 4
215 261 2
216 371 2
216 271 2
216 217 3
216 218 4
216 219 5
217 281 1
217 218 4
217 219 2
217 381 3
218 391 4
218 291 1
218 219 1
219 301 3
219 401 4
220 224 4
220 225 2
220 226 2
220 227 3
220 228 4
220 229 1
220 312 2
220 221 2
220 222 4
220 223 3
221 224 1
221 225 1
221 226 5
221 227 2
221 228 5
221 229 5
221 322 4
221 222 4
221 223 3
222 224 1
222 225 4
222 226 2
222 227 3
222 228 5
222 229 1
222 232 4
222 332 4
222 223 5
223 224 2
223 225 1
223 226 4
223 227 3
223 228 5
223 229 5
223 242 3
223 342 4
224 352 1
224 225 5
224 226 1
224 227 2
224 228 5
224 229 3
224 252 3
225 226 3
225 227 5
225 228 3
225 229 3
225 262 4
225 362 2
226 227 4
226 228 4
226 229 1
226 272 3
226 372 3
227 228 2
227 229 3
227 382 1
227 282 1
228 292 2
228 229 3
228 392 3
229 302 1
229 402 4
230 231 4
230 232 4
230 233 1
230 234 2
230 235 5
230 236 3
230 237 1
230 238 1
230 239 2
230 313 4
231 323 1
231 232 5
231 233 2
231 234 4
231 235 3
231 236 1
231 237 3
231 238 4
231 239 1
232 233 3
232 234 5
232 235 3
232 236 5
232 237 1
232 238 1
232 239 4
232 333 3
233 234 1
233 235 1
233 236 4
233 237 4
233 238 3
233 239 4
233 243 3
233 343 2
234 353 1
234 235 4
234 236 3
234 237 2
234 238 3
234 239 5
234 253 2
235 363 2
235 263 3
235 236 5
235 237 3
235 238 3
235 239 1
236 237 5
236 238 3
236 239 1
236 273 2
236 373 5
237 238 4
237 239 2
237 283 1
237 383 4
238 293 2
238 239 1
238 393 2
239 303 5
239 403 4
240 241 4
240 242 5
240 243 4
240 244 2
240 245 1
240 246 1
240 247 1
240 248 4
240 249 4
240 314 2
241 324 5
241 242 2
241 243 2
241 244 4
241 245 5
241 246 3
241 247 2
241 248 2
241 249 5
242 334 2
242 243 3
242 244 2
242 245 5
242 246 5
242 247 4
242 248 2
242 249 4
243 344 1
243 244 1
243 245 2
243 246 4
243 247 2
243 248 4
243 249 5
244 354 2
244 245 1
244 246 3
244 247 3
244 248 5
244 249 3
244 254 5
245 264 3
245 364 3
245 246 2
245 247 3
245 248 3
245 249 5
246 274 5
246 374 3
246 247 2
246 248 3
246 249 2
247 384 2
247 248 5
247 249 2
247 284 4
248 294 4
248 394 4
248 249 1
249 304 5
249 404 3
250 256 4
250 257 2
250 258 2
250 259 1
250 315 1
250 251 3
250 252 5
250 253 2
250 254 2
250 255 1
251 256 3
251 257 3
251 258 3
251 259 2
251 325 5
251 252 3
251 253 3
251 254 1
251 255 5
252 256 2
252 257 3
252 258 4
252 259 5
252 335 5
252 253 1
252 254 5
252 255 5
253 256 4
253 257 3
253 258 3
253 259 2
253 345 1
253 254 4
253 255 4
254 256 4
254 257 4
254 258 4
254 259 3
254 355 5
254 255 5
255 256 4
255 257 3
255 258 5
255 259 5
255 265 5
255 365 3
256 257 2
256 258 3
256 259 3
256 275 2
256 375 3
257 385 2
257 258 1
257 259 1
257 285 2
258 259 2
258 295 1
258 395 5
259 405 3
259 305 3
260 261 3
260 262 1
260 263 3
260 264 2
260 265 1
260 266 1
260 267 4
260 268 3
260 269 5
260 316 2
261 326 4
261 262 2
261 263 4
261 264 5
261 265 5
261 266 5
261 267 2
261 268 3
261 269 4
262 263 1
262 264 1
262 265 1
262 266 5
262 267 1
262 268 4
262 269 4
262 336 2
263 264 3
263 265 3
263 266 1
263 267 4
263 268 4
263 269 5
263 346 1
264 265 1
264 266 5
264 267 4
264 268 4
264 269 4
264 356 1
265 266 3
265 267 1
265 268 1
265 269 2
265 366 3
266 267 3
266 268 5
266 269 3
266 276 1
266 376 5
267 386 1
267 268 4
267 269 3
267 286 4
268 396 4
268 269 4
268 296 1
269 306 2
269 406 1
270 271 2
270 272 3
270 273 2
270 274 3
270 275 3
270 276 3
270 277 4
270 278 5
270 279 4
270 317 1
271 327 3
271 272 5
271 273 4
271 274 2
271 275 4
271 276 4
271 277 3
271 278 4
271 279 1
272 337 4
272 273 5
272 274 1
272 275 1
272 276 2
272 277 5
272 278 2
272 279 4
273 274 1
273 275 2
273 276 5
273 277 1
273 278 5
273 279 3
273 347 4
274 275 3
274 276 1
274 277 5
274 278 4
274 279 5
274 357 3
275 276 1
275 277 4
275 278 1
275 279 4
275 367 2
276 277 5
276 278 5
276 279 5
276 377 3
277 387 4
277 278 5
277 279 5
277 287 2
278 297 2
278 397 3
278 279 4
279 307 5
279 407 5
280 288 1
280 289 5
280 318 3
280 281 4
280 282 2
280 283 4
280 284 5
280 285 2
280 286 1
280 287 2
281 288 5
281 289 2
281 328 4
281 282 3
281 283 1
281 284 2
281 285 4
281 286 3
281 287 2
282 288 2
282 289 1
282 338 1
282 283 5
282 284 1
282 285 2
282 286 1
282 287 2
283 288 1
283 289 2
283 348 5
283 284 1
283 285 4
283 286 2
283 287 3
284 288 3
284 289 5
284 358 2
284 285 1
284 286 4
284 287 5
285 288 1
285 289 2
285 368 1
285 286 4
285 287 5
286 288 1
286 289 1
286 378 5
286 287 3
287 288 4
287 289 3
287 388 2
288 289 5
288 298 5
288 398 2
289 408 2
289 308 3
290 291 2
290 292 3
290 293 1
290 294 2
290 295 5
290 296 5
290 297 3
290 298 3
290 299 1
290 319 3
291 292 2
291 293 1
291 294 4
291 295 5
291 296 3
291 297 2
291 298 4
291 299 2
291 329 2
292 293 4
292 294 3
292 295 4
292 296 4
292 297 2
292 298 1
292 299 3
292 339 4
293 294 2
293 295 4
293 296 5
293 297 4
293 298 3
293 299 3
293 349 3
294 295 3
294 296 2
294 297 2
294 298 3
294 299 4
294 359 3
295 296 2
295 297 4
295 298 3
295 299 4
295 369 1
296 297 4
296 298 2
296 299 5
296 379 4
297 298 5
297 299 4
297 389 4
298 299 3
298 399 2
299 309 3
299 409 1
300 301 1
300 302 4
300 303 5
300 304 4
300 305 1
300 306 1
300 307 4
300 308 3
300 309 5
300 310 5
301 320 5
301 302 1
301 303 1
301 304 4
301 305 4
301 306 1
301 307 2
301 308 3
301 309 2
302 330 1
302 303 5
302 304 3
302 305 3
302 306 5
302 307 2
302 308 3
302 309 2
303 304 4
303 305 3
303 306 1
303 307 4
303 308 5
303 309 5
303 340 4
304 305 1
304 306 2
304 307 5
304 308 1
304 309 2
304 350 1
305 360 1
305 306 2
305 307 4
305 308 5
305 309 2
306 370 5
306 307 2
306 308 3
306 309 4
307 308 1
307 309 2
307 380 3
308 390 3
308 309 5
309 400 2
310 311 3
310 312 2
310 313 4
310 314 3
310 315 1
310 316 1
310 317 3
310 318 4
310 319 3
311 321 1
311 312 1
311 313 4
311 314 1
311 315 5
311 316 2
311 317 3
311 318 5
311 319 2
312 331 3
312 313 5
312 314 4
312 315 5
312 316 3
312 317 4
312 318 3
312 319 3
313 341 5
313 314 1
313 315 4
313 316 3
313 317 5
313 318 1
313 319 4
314 351 2
314 315 3
314 316 5
314 317 2
314 318 2
314 319 5
315 361 4
315 316 5
315 317 3
315 318 5
315 319 3
316 371 2
316 317 4
316 318 4
316 319 4
317 381 5
317 318 4
317 319 4
318 391 1
318 319 2
319 401 3
320 321 1
320 322 3
320 323 5
320 324 1
320 325 3
320 326 2
320 327 1
320 328 1
320 329 4
321 322 2
321 323 1
321 324 3
321 325 5
321 326 3
321 327 1
321 328 1
321 329 3
322 323 3
322 324 3
322 325 2
322 326 2
322 327 5
322 328 3
322 329 4
322 332 1
323 324 2
323 325 4
323 326 5
323 327 5
323 328 2
323 329 4
323 342 1
324 325 4
324 326 3
324 327 4
324 328 1
324 329 1
324 352 2
325 326 1
325 327 4
325 328 3
325 329 3
325 362 5
326 327 2
326 328 4
326 329 1
326 372 1
327 328 1
327 329 4
327 382 1
328 392 5
328 329 2
329 402 5
330 331 1
330 332 3
330 333 2
330 334 1
330 335 3
330 336 5
330 337 4
330 338 5
330 339 4
331 332 3
331 333 2
331 334 1
331 335 4
331 336 1
331 337 5
331 338 1
331 339 2
332 333 5
332 334 5
332 335 1
332 336 1
332 337 3
332 338 3
332 339 2
333 334 2
333 335 3
333 336 5
333 337 3
333 338 4
333 339 3
333 343 4
334 353 2
334 335 4
334 336 1
334 337 4
334 338 2
334 339 2
335 363 1
335 336 1
335 337 3
335 338 3
335 339 1
336 337 5
336 338 4
336 339 5
336 373 5
337 338 1
337 339 4
337 383 2
338 393 1
338 339 2
339 403 3
340 341 4
340 342 2
340 343 1
340 344 1
340 345 1
340 346 3
340 347 2
340 348 2
340 349 2
341 342 2
341 343 3
341 344 5
341 345 5
341 346 3
341 347 2
341 348 4
341 349 1
342 343 4
342 344 4
342 345 3
342 346 1
342 347 3
342 348 4
342 349 4
343 344 4
343 345 2
343 346 2
343 347 3
343 348 1
343 349 2
344 354 4
344 345 5
344 346 5
344 347 5
344 348 5
344 349 1
345 364 5
345 346 3
345 347 3
345 348 5
345 349 3
346 374 3
346 347 1
346 348 4
346 349 5
347 384 2
347 348 1
347 349 5
348 394 2
348 349 1
349 404 5
350 352 4
350 353 4
350 354 1
350 355 4
350 356 2
350 357 5
350 358 3
350 359 3
350 351 2
351 352 3
351 353 2
351 354 3
351 355 3
351 356 4
351 357 5
351 358 4
351 359 1
352 353 3
352 354 2
352 355 1
352 356 1
352 357 4
352 358 1
352 359 4
353 354 3
353 355 1
353 356 3
353 357 5
353 358 1
353 359 5
354 355 4
354 356 4
354 357 4
354 358 3
354 359 3
355 356 2
355 357 2
355 358 4
355 359 5
355 365 1
356 357 3
356 358 5
356 359 3
356 375 3
357 358 5
357 359 5
357 385 3
358 359 5
358 395 3
359 405 5
360 361 5
360 362 3
360 363 1
360 364 5
360 365 4
360 366 4
360 367 4
360 368 2
360 369 2
361 362 5
361 363 5
361 364 3
361 365 3
361 366 1
361 367 5
361 368 3
361 369 2
362 363 3
362 364 4
362 365 3
362 366 3
362 367 3
362 368 5
362 369 5
363 364 4
363 365 2
363 366 2
363 367 2
363 368 5
363 369 2
364 365 3
364 366 1
364 367 5
364 368 3
364 369 3
365 366 2
365 367 4
365 368 2
365 369 4
366 367 5
366 368 3
366 369 1
366 376 2
367 386 3
367 368 2
367 369 3
368 369 4
368 396 2
369 406 1
370 371 1
370 372 3
370 373 1
370 374 2
370 375 3
370 376 5
370 377 2
370 378 2
370 379 4
371 372 5
371 373 3
371 374 1
371 375 3
371 376 2
371 377 1
371 378 3
371 379 1
372 373 4
372 374 1
372 375 3
372 376 1
372 377 5
372 378 1
372 379 2
373 374 1
373 375 5
373 376 4
373 377 1
373 378 1
373 379 1
374 375 2
374 376 5
374 377 1
374 378 4
374 379 1
375 376 5
375 377 4
375 378 4
375 379 2
376 377 2
376 378 4
376 379 4
377 387 5
377 378 2
377 379 4
378 397 3
378 379 5
379 407 1
380 384 3
380 385 5
380 386 5
380 387 2
380 388 4
380 389 4
380 381 4
380 382 3
380 383 5
381 384 2
381 385 3
381 386 2
381 387 5
381 388 3
381 389 5
381 382 2
381 383 2
382 384 2
382 385 5
382 386 2
382 387 1
382 388 4
382 389 1
382 383 4
383 384 2
383 385 3
383 386 3
383 387 1
383 388 2
383 389 1
384 385 5
384 386 4
384 387 5
384 388 5
384 389 2
385 386 4
385 387 4
385 388 4
385 389 3
386 387 3
386 388 4
386 389 3
387 388 1
387 389 4
388 389 1
388 398 5
389 408 4
390 391 5
390 392 5
390 393 4
390 394 1
390 395 2
390 396 4
390 397 2
390 398 2
390 399 5
391 392 4
391 393 3
391 394 4
391 395 1
391 396 1
391 397 2
391 398 5
391 399 5
392 393 2
392 394 2
392 395 1
392 396 4
392 397 1
392 398 1
392 399 2
393 394 1
393 395 2
393 396 1
393 397 1
393 398 5
393 399 5
394 395 1
394 396 5
394 397 4
394 398 4
394 399 3
395 396 2
395 397 2
395 398 4
395 399 3
396 397 1
396 398 1
396 399 2
397 398 3
397 399 4
398 399 3
399 409 2
400 401 5
400 402 4
400 403 2
400 404 4
400 405 5
400 406 4
400 407 1
400 408 1
400 409 1
401 402 4
401 403 5
401 404 1
401 405 2
401 406 1
401 407 3
401 408 4
401 409 5
402 403 3
402 404 5
402 405 5
402 406 2
402 407 4
402 408 4
402 409 4
403 404 2
403 405 2
403 406 4
403 407 2
403 408 5
403 409 2
404 100001 50
404 100002 50
404 100003 50
404 100004 50
404 405 2
404 406 3
404 407 4
404 408 3
404 409 4
405 100000 50
405 100001 50
405 100002 50
405 100003 50
405 406 1
405 407 3
405 408 1
405 409 2
406 100004 50
406 407 1
406 408 1
406 409 2
407 100000 50
407 100003 50
407 408 4
407 409 3
408 409 2
409 100000 50
409 100001 50
409 100002 50
409 100004 50
-2 0 50
-2 2 50
-5 2 50
-5 3 50
-4 3 50
-4 4 50
-4 5 50
-3 1 50
-3 5 50
-1 1 50
-1 3 50
-1 5 50
