0 1 7
0 2 6
0 3 4
0 4 5
0 5 7
0 6 4
0 7 7
0 8 3
0 9 5
0 10 10
0 110 2
0 210 6
0 310 6
1 320 1
1 2 1
1 3 6
1 4 5
1 5 10
1 6 3
1 7 3
1 8 2
1 9 1
1 20 1
1 120 9
1 220 9
2 130 7
2 3 5
2 4 1
2 5 6
2 6 4
2 7 1
2 8 10
2 9 8
2 330 4
2 30 3
2 230 4
3 4 9
3 5 10
3 6 3
3 7 5
3 8 2
3 9 8
3 140 10
3 240 6
3 40 2
3 340 2
4 5 9
4 6 4
4 7 7
4 8 2
4 9 9
4 50 4
4 150 4
4 250 2
4 350 2
5 6 2
5 7 4
5 8 7
5 9 10
5 160 2
5 360 3
5 260 5
5 60 7
6 70 5
6 7 8
6 8 10
6 9 7
6 170 1
6 270 9
6 370 6
7 8 4
7 9 7
7 80 10
7 180 3
7 280 4
7 380 10
8 9 8
8 290 4
8 90 5
8 190 4
8 390 5
9 300 6
9 400 1
9 200 9
9 100 3
10 211 5
10 11 4
10 12 5
10 13 3
10 14 7
10 15 1
10 16 5
10 17 6
10 18 9
10 19 7
10 311 3
10 111 2
11 321 7
11 12 4
11 13 7
11 14 7
11 15 6
11 16 5
11 17 10
11 18 4
11 19 7
11 21 1
11 121 10
11 221 5
12 131 9
12 231 1
12 13 6
12 14 3
12 15 10
12 16 7
12 17 3
12 18 10
12 19 5
12 331 4
12 31 4
13 241 7
13 41 2
13 141 7
13 14 2
13 15 9
13 16 10
13 17 5
13 18 10
13 19 4
13 341 1
14 51 2
14 15 3
14 16 10
14 17 6
14 18 2
14 19 6
14 151 8
14 251 10
14 351 2
15 161 1
15 261 8
15 361 6
15 16 8
15 17 5
15 18 6
15 19 1
15 61 10
16 171 1
16 71 10
16 17 7
16 18 9
16 19 8
16 371 1
16 271 1
17 81 4
17 18 6
17 19 1
17 181 4
17 281 10
17 381 9
18 291 4
18 391 10
18 19 7
18 91 8
18 191 9
19 101 8
19 401 9
19 201 10
19 301 2
20 112 2
20 312 3
20 212 2
20 21 4
20 22 3
20 23 10
20 24 9
20 25 2
20 26 2
20 27 10
20 28 3
20 29 10
21 322 6
21 122 9
21 22 5
21 23 3
21 24 9
21 25 6
21 26 10
21 27 5
21 28 6
21 29 10
21 222 4
22 32 5
22 132 10
22 232 4
22 332 5
22 23 6
22 24 8
22 25 10
22 26 8
22 27 4
22 28 2
22 29 4
23 342 1
23 42 10
23 142 2
23 242 9
23 24 3
23 25 10
23 26 4
23 27 7
23 28 7
23 29 6
24 352 6
24 252 4
24 152 5
24 25 6
24 26 7
24 27 10
24 28 8
24 29 3
24 52 6
25 162 3
25 262 4
25 362 1
25 26 6
25 27 7
25 28 9
25 29 6
25 62 10
26 72 6
26 372 2
26 172 6
26 272 7
26 27 7
26 28 3
26 29 3
27 282 7
27 182 5
27 82 9
27 28 5
27 29 1
27 382 10
28 192 4
28 292 2
28 392 2
28 92 7
28 29 3
29 102 7
29 202 1
29 302 3
29 402 2
30 32 7
30 33 8
30 34 3
30 35 6
30 36 4
30 37 4
30 38 3
30 39 3
30 113 4
30 213 9
30 313 9
30 31 6
31 32 7
31 33 3
31 34 5
31 35 3
31 36 4
31 37 7
31 38 1
31 39 2
31 323 10
31 123 9
31 223 8
32 133 10
32 33 6
32 34 6
32 35 10
32 36 8
32 37 10
32 38 7
32 39 2
32 233 2
32 333 6
33 34 7
33 35 6
33 36 5
33 37 10
33 38 3
33 39 9
33 43 6
33 143 10
33 243 6
33 343 8
34 35 4
34 36 1
34 37 7
34 38 2
34 39 6
34 353 1
34 53 7
34 153 2
34 253 1
35 163 5
35 36 5
35 37 4
35 38 9
35 39 1
35 363 6
35 263 1
35 63 8
36 37 3
36 38 9
36 39 7
36 73 1
36 173 10
36 273 7
36 373 4
37 38 7
37 39 9
37 83 6
37 183 8
37 283 1
37 383 3
38 39 2
38 393 4
38 193 7
38 293 9
38 93 3
39 103 4
39 203 3
39 303 6
39 403 7
40 41 9
40 42 4
40 43 2
40 44 2
40 45 2
40 46 1
40 47 2
40 48 7
40 49 6
40 114 7
40 214 2
40 314 2
41 224 3
41 324 2
41 42 4
41 43 4
41 44 3
41 45 9
41 46 1
41 47 7
41 48 8
41 49 2
41 124 8
42 134 1
42 234 5
42 43 4
42 44 3
42 45 2
42 46 2
42 47 3
42 48 9
42 49 6
42 334 3
43 44 6
43 45 10
43 46 6
43 47 8
43 48 9
43 49 5
43 144 6
43 244 3
43 344 4
44 354 9
44 45 7
44 46 9
44 47 10
44 48 7
44 49 7
44 54 3
44 154 4
44 254 3
45 64 4
45 164 3
45 46 1
45 47 5
45 48 1
45 49 9
45 364 10
45 264 9
46 174 9
46 47 2
46 48 5
46 49 9
46 274 7
46 374 3
46 74 5
47 384 3
47 48 3
47 49 5
47 84 4
47 184 9
47 284 3
48 194 5
48 294 2
48 49 2
48 394 9
48 94 7
49 304 3
49 104 4
49 204 1
49 404 4
50 115 1
50 215 4
50 51 9
50 52 2
50 53 9
50 54 1
50 55 5
50 56 8
50 57 1
50 58 6
50 59 3
50 315 7
51 225 10
51 325 7
51 52 3
51 53 5
51 54 1
51 55 2
51 56 10
51 57 9
51 58 1
51 59 6
51 125 3
52 135 2
52 235 8
52 335 2
52 53 10
52 54 10
52 55 9
52 56 1
52 57 4
52 58 6
52 59 2
53 145 6
53 245 1
53 54 6
53 55 6
53 56 10
53 57 6
53 58 7
53 59 4
53 345 9
54 155 3
54 355 10
54 55 5
54 56 10
54 57 2
54 58 6
54 59 4
54 255 7
55 65 5
55 165 7
55 265 8
55 365 6
55 56 6
55 57 2
55 58 3
55 59 5
56 375 2
56 275 3
56 75 5
56 175 1
56 57 3
56 58 6
56 59 8
57 385 1
57 185 8
57 58 4
57 59 4
57 285 8
57 85 8
58 195 4
58 295 10
58 395 8
58 59 3
58 95 5
59 105 2
59 205 9
59 305 9
59 405 9
60 64 9
60 65 9
60 66 9
60 67 4
60 68 4
60 69 6
60 316 4
60 116 5
60 216 5
60 61 10
60 62 3
60 63 8
61 64 7
61 65 2
61 66 4
61 67 2
61 68 7
61 69 1
61 326 4
61 226 6
61 126 10
61 62 1
61 63 10
62 64 9
62 65 4
62 66 7
62 67 6
62 68 4
62 69 9
62 136 9
62 236 3
62 336 5
62 63 4
63 64 5
63 65 8
63 66 2
63 67 4
63 68 5
63 69 10
63 146 5
63 246 1
63 346 3
64 256 3
64 65 3
64 66 9
64 67 6
64 68 10
64 69 6
64 156 8
64 356 8
65 66 4
65 67 9
65 68 9
65 69 9
65 166 8
65 266 3
65 366 9
66 67 2
66 68 1
66 69 8
66 76 4
66 176 10
66 276 4
66 376 7
67 68 6
67 69 7
67 386 3
67 286 4
67 86 7
67 186 10
68 196 5
68 69 2
68 296 2
68 96 3
68 396 9
69 106 2
69 206 7
69 306 4
69 406 9
70 71 6
70 72 10
70 73 1
70 74 3
70 75 10
70 76 9
70 77 5
70 78 1
70 79 9
70 117 10
70 217 1
70 317 5
71 227 9
71 327 2
71 72 1
71 73 4
71 74 8
71 75 5
71 76 9
71 77 8
71 78 6
71 79 5
71 127 8
72 73 9
72 74 1
72 75 7
72 76 3
72 77 7
72 78 9
72 79 10
72 337 10
72 237 7
72 137 9
73 74 5
73 75 10
73 76 3
73 77 3
73 78 4
73 79 2
73 147 4
73 247 3
73 347 6
74 257 6
74 357 8
74 75 8
74 76 7
74 77 5
74 78 3
74 79 2
74 157 7
75 267 10
75 167 8
75 76 5
75 77 6
75 78 9
75 79 7
75 367 6
76 77 1
76 78 7
76 79 4
76 177 5
76 277 10
76 377 5
77 387 7
77 78 2
77 79 5
77 87 5
77 187 7
77 287 7
78 97 1
78 197 7
78 79 1
78 297 2
78 397 2
79 107 7
79 207 2
79 307 2
79 407 5
80 118 7
80 81 4
80 82 10
80 83 1
80 84 3
80 85 4
80 86 9
80 87 8
80 88 8
80 89 1
80 218 7
80 318 8
81 128 8
81 228 4
81 328 6
81 82 10
81 83 1
81 84 5
81 85 7
81 86 2
81 87 8
81 88 2
81 89 3
82 138 7
82 238 2
82 338 5
82 83 6
82 84 9
82 85 2
82 86 6
82 87 7
82 88 7
82 89 7
83 148 3
83 84 4
83 85 9
83 86 2
83 87 3
83 88 9
83 89 2
83 348 9
83 248 4
84 258 6
84 358 4
84 85 4
84 86 4
84 87 6
84 88 1
84 89 6
84 158 5
85 368 3
85 168 1
85 268 2
85 86 6
85 87 7
85 88 9
85 89 10
86 178 8
86 278 4
86 87 9
86 88 10
86 89 3
86 378 6
87 288 2
87 388 8
87 88 6
87 89 2
87 188 1
88 98 10
88 198 9
88 298 10
88 398 9
88 89 1
89 208 9
89 408 3
89 108 4
89 308 6
90 96 4
90 97 7
90 98 4
90 99 4
90 319 1
90 219 3
90 119 8
90 91 6
90 92 2
90 93 6
90 94 5
90 95 6
91 96 5
91 97 2
91 98 7
91 99 1
91 229 10
91 129 8
91 329 2
91 92 1
91 93 6
91 94 4
91 95 6
92 96 5
92 97 7
92 98 10
92 99 3
92 139 8
92 239 6
92 339 6
92 93 10
92 94 7
92 95 3
93 96 7
93 97 2
93 98 2
93 99 8
93 149 5
93 249 5
93 349 4
93 94 9
93 95 1
94 96 3
94 97 2
94 98 4
94 99 4
94 359 3
94 159 8
94 259 2
94 95 2
95 96 5
95 97 9
95 98 4
95 99 6
95 169 2
95 269 7
95 369 2
96 97 10
96 98 4
96 99 8
96 379 9
96 179 8
96 279 2
97 289 5
97 98 4
97 99 6
97 389 6
97 189 3
98 99 2
98 199 7
98 299 3
98 399 2
99 109 8
99 209 3
99 309 5
99 409 1
100 101 1
100 102 6
100 103 10
100 104 5
100 105 9
100 106 6
100 107 10
100 108 6
100 109 7
100 110 1
100 210 8
100 310 1
101 320 8
101 102 5
101 103 8
101 104 10
101 105 9
101 106 4
101 107 10
101 108 9
101 109 4
101 120 3
101 220 2
102 130 8
102 230 1
102 103 10
102 104 5
102 105 9
102 106 9
102 107 9
102 108 5
102 109 4
102 330 5
103 104 10
103 105 4
103 106 4
103 107 1
103 108 9
103 109 9
103 240 3
103 140 4
103 340 4
104 105 7
104 106 5
104 107 2
104 108 3
104 109 9
104 150 10
104 250 8
104 350 3
105 160 2
105 106 9
105 107 10
105 108 4
105 109 3
105 360 2
105 260 5
106 170 7
106 107 4
106 108 3
106 109 8
106 270 4
106 370 3
107 108 8
107 109 1
107 180 5
107 280 3
107 380 5
108 290 4
108 109 9
108 190 7
108 390 8
109 400 4
109 200 10
109 300 2
110 211 5
110 311 4
110 111 8
110 112 1
110 113 2
110 114 5
110 115 2
110 116 5
110 117 6
110 118 1
110 119 4
111 321 6
111 112 10
111 113 8
111 114 9
111 115 9
111 116 9
111 117 1
111 118 10
111 119 5
111 121 5
111 221 6
112 131 4
112 231 9
112 331 7
112 113 1
112 114 7
112 115 9
112 116 9
112 117 9
112 118 5
112 119 10
113 141 10
113 241 1
113 114 3
113 115 6
113 116 7
113 117 7
113 118 9
113 119 8
113 341 9
114 151 8
114 115 6
114 116 7
114 117 1
114 118 6
114 119 7
114 251 1
114 351 6
115 161 3
115 261 1
115 361 6
115 116 4
115 117 2
115 118 1
115 119 3
116 171 4
116 117 4
116 118 8
116 119 10
116 371 6
116 271 7
117 181 2
117 118 5
117 119 3
117 281 10
117 381 9
118 291 2
118 391 1
118 119 5
118 191 7
119 401 6
119 201 9
119 301 10
120 128 5
120 129 4
120 212 7
120 312 6
120 121 4
120 122 8
120 123 6
120 124 10
120 125 4
120 126 5
120 127 3
121 128 6
121 129 5
121 322 5
121 222 7
121 122 4
121 123 7
121 124 7
121 125 1
121 126 2
121 127 10
122 128 10
122 129 2
122 132 8
122 232 6
122 332 10
122 123 7
122 124 3
122 125 4
122 126 7
122 127 5
123 128 6
123 129 3
123 142 8
123 242 1
123 342 5
123 124 6
123 125 1
123 126 1
123 127 10
124 128 8
124 129 5
124 152 3
124 352 4
124 252 10
124 125 1
124 126 2
124 127 2
125 128 5
125 129 5
125 162 10
125 262 5
125 362 1
125 126 1
125 127 8
126 128 8
126 129 8
126 172 5
126 272 7
126 372 10
126 127 2
127 128 5
127 129 3
127 282 9
127 382 4
127 182 3
128 192 5
128 129 4
128 292 8
128 392 6
129 202 8
129 302 7
129 402 9
130 131 2
130 132 4
130 133 8
130 134 1
130 135 4
130 136 3
130 137 8
130 138 6
130 139 2
130 213 6
130 313 10
131 323 8
131 132 3
131 133 3
131 134 7
131 135 4
131 136 9
131 137 5
131 138 1
131 139 4
131 223 7
132 133 9
132 134 8
132 135 4
132 136 1
132 137 10
132 138 2
132 139 8
132 333 7
132 233 6
133 134 4
133 135 8
133 136 8
133 137 4
133 138 5
133 139 3
133 143 6
133 243 6
133 343 7
134 353 3
134 135 5
134 136 1
134 137 9
134 138 4
134 139 8
134 253 3
134 153 6
135 263 9
135 136 9
135 137 3
135 138 6
135 139 10
135 163 1
135 363 3
136 137 10
136 138 9
136 139 9
136 173 5
136 273 6
136 373 10
137 138 9
137 139 3
137 183 3
137 283 1
137 383 6
138 193 10
138 139 10
138 393 1
138 293 7
139 203 3
139 303 1
139 403 1
140 141 7
140 142 10
140 143 10
140 144 4
140 145 8
140 146 1
140 147 10
140 148 5
140 149 7
140 214 2
140 314 8
141 224 4
141 324 8
141 142 7
141 143 5
141 144 10
141 145 3
141 146 8
141 147 9
141 148 10
141 149 1
142 234 6
142 334 5
142 143 6
142 144 3
142 145 3
142 146 4
142 147 4
142 148 8
142 149 2
143 144 3
143 145 9
143 146 1
143 147 9
143 148 2
143 149 7
143 344 4
143 244 7
144 354 1
144 145 1
144 146 8
144 147 6
144 148 10
144 149 1
144 154 1
144 254 10
145 164 7
145 264 8
145 364 6
145 146 6
145 147 9
145 148 4
145 149 9
146 274 7
146 147 8
146 148 1
146 149 4
146 374 1
146 174 3
147 384 7
147 148 1
147 149 2
147 184 6
147 284 6
148 294 10
148 194 9
148 394 1
148 149 10
149 304 3
149 204 1
149 404 5
150 315 4
150 215 1
150 151 8
150 152 7
150 153 2
150 154 6
150 155 4
150 156 4
150 157 7
150 158 7
150 159 8
151 225 1
151 325 4
151 152 5
151 153 7
151 154 10
151 155 8
151 156 5
151 157 3
151 158 8
151 159 2
152 235 5
152 335 10
152 153 1
152 154 3
152 155 3
152 156 5
152 157 8
152 158 7
152 159 9
153 245 1
153 345 3
153 154 4
153 155 6
153 156 3
153 157 1
153 158 10
153 159 2
154 355 10
154 255 4
154 155 4
154 156 6
154 157 8
154 158 2
154 159 9
155 165 1
155 265 10
155 365 3
155 156 3
155 157 10
155 158 5
155 159 10
156 375 7
156 175 3
156 275 5
156 157 5
156 158 4
156 159 7
157 385 2
157 185 8
157 285 1
157 158 6
157 159 10
158 195 4
158 295 4
158 395 2
158 159 8
159 205 10
159 305 10
159 405 8
160 161 7
160 162 4
160 163 3
160 164 7
160 165 1
160 166 4
160 167 4
160 168 4
160 169 1
160 216 9
160 316 3
161 162 6
161 163 9
161 164 5
161 165 3
161 166 3
161 167 5
161 168 10
161 169 6
161 226 2
161 326 2
162 163 6
162 164 6
162 165 3
162 166 2
162 167 10
162 168 4
162 169 9
162 236 3
162 336 2
163 164 9
163 165 2
163 166 9
163 167 6
163 168 3
163 169 2
163 246 9
163 346 7
164 356 3
164 165 3
164 166 6
164 167 2
164 168 9
164 169 1
164 256 5
165 166 1
165 167 3
165 168 6
165 169 5
165 266 7
165 366 10
166 167 4
166 168 3
166 169 9
166 176 6
166 276 6
166 376 6
167 168 10
167 169 3
167 386 8
167 186 7
167 286 2
168 296 3
168 169 2
168 396 8
168 196 9
169 206 5
169 306 6
169 406 8
170 171 1
170 172 8
170 173 8
170 174 2
170 175 1
170 176 1
170 177 9
170 178 7
170 179 8
170 217 7
170 317 5
171 227 4
171 327 7
171 172 9
171 173 1
171 174 8
171 175 7
171 176 10
171 177 7
171 178 4
171 179 4
172 237 7
172 337 3
172 173 6
172 174 7
172 175 4
172 176 10
172 177 3
172 178 10
172 179 1
173 174 10
173 175 5
173 176 7
173 177 3
173 178 5
173 179 8
173 247 4
173 347 4
174 257 6
174 357 4
174 175 2
174 176 10
174 177 3
174 178 7
174 179 6
175 267 4
175 367 6
175 176 4
175 177 5
175 178 5
175 179 6
176 177 1
176 178 2
176 179 2
176 277 8
176 377 5
177 387 1
177 178 10
177 179 1
177 187 7
177 287 9
178 197 8
178 297 1
178 179 9
178 397 2
179 307 1
179 407 1
179 207 7
180 318 8
180 181 6
180 182 8
180 183 9
180 184 7
180 185 1
180 186 8
180 187 6
180 188 2
180 189 5
180 218 6
181 228 9
181 328 3
181 182 4
181 183 2
181 184 9
181 185 4
181 186 4
181 187 5
181 188 7
181 189 9
182 238 8
182 338 1
182 183 9
182 184 10
182 185 9
182 186 2
182 187 5
182 188 2
182 189 4
183 248 7
183 184 4
183 185 7
183 186 7
183 187 7
183 188 4
183 189 3
183 348 3
184 258 5
184 358 6
184 185 8
184 186 5
184 187 3
184 188 10
184 189 7
185 268 6
185 368 1
185 186 1
185 187 9
185 188 1
185 189 2
186 278 8
186 378 3
186 187 8
186 188 3
186 189 1
187 288 5
187 388 1
187 188 10
187 189 3
188 198 2
188 298 9
188 398 9
188 189 1
189 308 7
189 208 1
189 408 4
190 192 4
190 193 1
190 194 9
190 195 3
190 196 3
190 197 3
190 198 7
190 199 4
190 319 4
190 219 7
190 191 5
191 192 8
191 193 9
191 194 8
191 195 2
191 196 2
191 197 1
191 198 2
191 199 10
191 329 6
191 229 9
192 193 2
192 194 8
192 195 6
192 196 4
192 197 4
192 198 6
192 199 7
192 239 6
192 339 1
193 194 10
193 195 2
193 196 6
193 197 9
193 198 5
193 199 3
193 249 5
193 349 5
194 195 1
194 196 10
194 197 7
194 198 2
194 199 9
194 359 7
194 259 6
195 196 2
195 197 10
195 198 2
195 199 7
195 269 3
195 369 6
196 197 2
196 198 5
196 199 6
196 279 4
196 379 7
197 389 8
197 198 7
197 199 2
197 289 1
198 199 8
198 299 10
198 399 10
199 209 7
199 309 7
199 409 3
200 201 7
200 202 2
200 203 4
200 204 10
200 205 4
200 206 5
200 207 3
200 208 7
200 209 6
200 210 8
200 310 5
201 320 5
201 202 3
201 203 10
201 204 9
201 205 2
201 206 10
201 207 2
201 208 5
201 209 5
201 220 10
202 230 1
202 330 2
202 203 3
202 204 6
202 205 3
202 206 4
202 207 5
202 208 8
202 209 8
203 240 5
203 204 5
203 205 7
203 206 6
203 207 9
203 208 10
203 209 6
203 340 3
204 205 3
204 206 5
204 207 3
204 208 3
204 209 8
204 250 7
204 350 8
205 360 4
205 260 9
205 206 10
205 207 7
205 208 8
205 209 8
206 270 4
206 207 6
206 208 2
206 209 10
206 370 4
207 208 6
207 209 8
207 280 8
207 380 8
208 290 6
208 390 2
208 209 8
209 400 6
209 300 4
210 311 9
210 211 4
210 212 2
210 213 5
210 214 1
210 215 8
210 216 7
210 217 3
210 218 8
210 219 3
211 321 1
211 212 6
211 213 8
211 214 8
211 215 6
211 216 2
211 217 2
211 218 8
211 219 8
211 221 9
212 231 8
212 331 8
212 213 2
212 214 7
212 215 6
212 216 10
212 217 4
212 218 9
212 219 5
213 241 10
213 341 3
213 214 2
213 215 8
213 216 7
213 217 7
213 218 10
213 219 7
214 251 9
214 215 4
214 216 2
214 217 5
214 218 5
214 219 9
214 351 7
215 361 10
215 216 10
215 217 2
215 218 2
215 219 9
215 261 6
216 371 3
216 271 10
216 217 3
216 218 5
216 219 10
217 281 8
217 218 3
217 219 10
217 381 10
218 391 9
218 291 6
218 219 3
219 301 8
219 401 6
220 224 2
220 225 9
220 226 6
220 227 7
220 228 8
220 229 5
220 312 10
220 221 9
220 222 9
220 223 7
221 224 2
221 225 10
221 226 3
221 227 5
221 228 6
221 229 4
221 322 9
221 222 7
221 223 10
222 224 2
222 225 3
222 226 1
222 227 9
222 228 4
222 229 4
222 232 3
222 332 8
222 223 4
223 224 5
223 225 1
223 226 10
223 227 8
223 228 10
223 229 4
223 242 2
223 342 6
224 352 1
224 225 2
224 226 9
224 227 7
224 228 9
224 229 10
224 252 7
225 226 3
225 227 6
225 228 10
225 229 2
225 262 8
225 362 6
226 227 4
226 228 2
226 229 4
226 272 3
226 372 2
227 228 5
227 229 4
227 382 1
227 282 1
228 292 7
228 229 2
228 392 4
229 302 10
229 402 4
230 231 4
230 232 3
230 233 3
230 234 5
230 235 4
230 236 10
230 237 2
230 238 7
230 239 9
230 313 5
231 323 5
231 232 1
231 233 7
231 234 7
231 235 4
231 236 8
231 237 2
231 238 7
231 239 10
232 233 4
232 234 3
232 235 6
232 236 5
232 237 7
232 238 5
232 239 9
232 333 5
233 234 1
233 235 2
233 236 5
233 237 2
233 238 5
233 239 1
233 243 2
233 343 5
234 353 10
234 235 7
234 236 3
234 237 10
234 238 7
234 239 7
234 253 1
235 363 9
235 263 10
235 236 4
235 237 8
235 238 8
235 239 5
236 237 7
236 238 10
236 239 8
236 273 5
236 373 1
237 238 6
237 239 9
237 283 2
237 383 10
238 293 3
238 239 7
238 393 9
239 303 2
239 403 9
240 241 4
240 242 1
240 243 8
240 244 4
240 245 7
240 246 2
240 247 9
240 248 8
240 249 9
240 314 4
241 324 4
241 242 10
241 243 7
241 244 10
241 245 6
241 246 5
241 247 7
241 248 10
241 249 1
242 334 1
242 243 7
242 244 2
242 245 1
242 246 10
242 247 8
242 248 4
242 249 9
243 344 1
243 244 5
243 245 10
243 246 8
243 247 9
243 248 2
243 249 8
244 354 1
244 245 3
244 246 9
244 247 6
244 248 8
244 249 5
244 254 2
245 264 8
245 364 9
245 246 7
245 247 3
245 248 7
245 249 8
246 274 4
246 374 4
246 247 4
246 248 3
246 249 8
247 384 2
247 248 7
247 249 4
247 284 1
248 294 3
248 394 9
248 249 6
249 304 5
249 404 4
250 256 3
250 257 5
250 258 9
250 259 9
250 315 3
250 251 3
250 252 7
250 253 1
250 254 1
250 255 2
251 256 1
251 257 8
251 258 7
251 259 4
251 325 4
251 252 7
251 253 3
251 254 10
251 255 1
252 256 4
252 257 7
252 258 6
252 259 1
252 335 4
252 253 2
252 254 9
252 255 3
253 256 1
253 257 3
253 258 6
253 259 6
253 345 10
253 254 1
253 255 9
254 256 6
254 257 10
254 258 9
254 259 1
254 355 8
254 255 9
255 256 8
255 257 8
255 258 4
255 259 7
255 265 7
255 365 3
256 257 8
256 258 1
256 259 8
256 275 10
256 375 3
257 385 3
257 258 9
257 259 4
257 285 9
258 259 1
258 295 9
258 395 5
259 405 1
259 305 6
260 261 9
260 262 5
260 263 4
260 264 5
260 265 6
260 266 2
260 267 6
260 268 8
260 269 7
260 316 10
261 326 1
261 262 3
261 263 5
261 264 7
261 265 6
261 266 10
261 267 2
261 268 2
261 269 5
262 263 5
262 264 1
262 265 7
262 266 3
262 267 1
262 268 5
262 269 7
262 336 8
263 264 5
263 265 10
263 266 5
263 267 4
263 268 6
263 269 5
263 346 3
264 265 2
264 266 10
264 267 4
264 268 1
264 269 6
264 356 2
265 266 4
265 267 6
265 268 2
265 269 8
265 366 6
266 267 2
266 268 5
266 269 9
266 276 10
266 376 7
267 386 3
267 268 1
267 269 9
267 286 5
268 396 5
268 269 2
268 296 4
269 306 10
269 406 10
270 271 3
270 272 1
270 273 4
270 274 9
270 275 4
270 276 8
270 277 9
270 278 1
270 279 2
270 317 1
271 327 4
271 272 1
271 273 2
271 274 3
271 275 3
271 276 7
271 277 10
271 278 6
271 279 9
272 337 9
272 273 7
272 274 10
272 275 1
272 276 9
272 277 9
272 278 8
272 279 4
273 274 10
273 275 7
273 276 7
273 277 8
273 278 2
273 279 4
273 347 10
274 275 8
274 276 8
274 277 6
274 278 8
274 279 8
274 357 3
275 276 9
275 277 3
275 278 10
275 279 8
275 367 8
276 277 9
276 278 3
276 279 6
276 377 5
277 387 5
277 278 4
277 279 1
277 287 10
278 297 9
278 397 9
278 279 5
279 307 6
279 407 3
280 288 4
280 289 1
280 318 2
280 281 7
280 282 1
280 283 7
280 284 7
280 285 3
280 286 4
280 287 10
281 288 5
281 289 5
281 328 6
281 282 9
281 283 3
281 284 10
281 285 8
281 286 5
281 287 10
282 288 5
282 289 6
282 338 4
282 283 8
282 284 10
282 285 10
282 286 10
282 287 5
283 288 8
283 289 6
283 348 3
283 284 5
283 285 10
283 286 1
283 287 3
284 288 6
284 289 4
284 358 10
284 285 10
284 286 6
284 287 8
285 288 7
285 289 3
285 368 4
285 286 6
285 287 7
286 288 1
286 289 5
286 378 2
286 287 7
287 288 5
287 289 4
287 388 2
288 289 1
288 298 5
288 398 2
289 408 7
289 308 1
290 291 6
290 292 2
290 293 8
290 294 2
290 295 9
290 296 6
290 297 1
290 298 6
290 299 5
290 319 3
291 292 2
291 293 2
291 294 9
291 295 7
291 296 4
291 297 5
291 298 9
291 299 6
291 329 7
292 293 7
292 294 6
292 295 10
292 296 5
292 297 4
292 298 3
292 299 10
292 339 5
293 294 4
293 295 2
293 296 8
293 297 3
293 298 2
293 299 10
293 349 7
294 295 6
294 296 2
294 297 7
294 298 5
294 299 9
294 359 5
295 296 2
295 297 3
295 298 4
295 299 5
295 369 7
296 297 6
296 298 6
296 299 1
296 379 5
297 298 9
297 299 9
297 389 2
298 299 7
298 399 8
299 309 1
299 409 10
300 301 8
300 302 1
300 303 3
300 304 7
300 305 5
300 306 8
300 307 2
300 308 1
300 309 5
300 310 10
301 320 6
301 302 1
301 303 9
301 304 2
301 305 8
301 306 6
301 307 7
301 308 4
301 309 1
302 330 7
302 303 7
302 304 2
302 305 1
302 306 3
302 307 8
302 308 7
302 309 4
303 304 10
303 305 10
303 306 2
303 307 6
303 308 9
303 309 10
303 340 1
304 305 10
304 306 4
304 307 2
304 308 4
304 309 2
304 350 4
305 360 8
305 306 7
305 307 10
305 308 10
305 309 3
306 370 1
306 307 8
306 308 2
306 309 10
307 308 7
307 309 6
307 380 8
308 390 10
308 309 3
309 400 7
310 311 1
310 312 8
310 313 9
310 314 2
310 315 6
310 316 4
310 317 6
310 318 5
310 319 1
311 321 2
311 312 8
311 313 9
311 314 2
311 315 1
311 316 6
311 317 3
311 318 8
311 319 10
312 331 6
312 313 1
312 314 8
312 315 2
312 316 8
312 317 6
312 318 7
312 319 8
313 341 5
313 314 1
313 315 6
313 316 10
313 317 3
313 318 6
313 319 2
314 351 2
314 315 3
314 316 3
314 317 8
314 318 8
314 319 10
315 361 2
315 316 10
315 317 6
315 318 7
315 319 6
316 371 3
316 317 10
316 318 9
316 319 8
317 381 8
317 318 3
317 319 10
318 391 3
318 319 7
319 401 4
320 321 7
320 322 10
320 323 8
320 324 5
320 325 6
320 326 2
320 327 3
320 328 7
320 329 8
321 322 5
321 323 2
321 324 8
321 325 7
321 326 10
321 327 6
321 328 5
321 329 9
322 323 1
322 324 4
322 325 8
322 326 2
322 327 10
322 328 3
322 329 9
322 332 4
323 324 1
323 325 8
323 326 1
323 327 1
323 328 9
323 329 7
323 342 8
324 325 1
324 326 5
324 327 9
324 328 10
324 329 10
324 352 1
325 326 3
325 327 10
325 328 1
325 329 4
325 362 2
326 327 1
326 328 6
326 329 7
326 372 2
327 328 4
327 329 8
327 382 9
328 392 9
328 329 5
329 402 5
330 331 1
330 332 1
330 333 8
330 334 7
330 335 2
330 336 10
330 337 5
330 338 1
330 339 4
331 332 4
331 333 4
331 334 1
331 335 8
331 336 5
331 337 9
331 338 6
331 339 4
332 333 6
332 334 5
332 335 2
332 336 3
332 337 6
332 338 7
332 339 5
333 334 7
333 335 5
333 336 2
333 337 7
333 338 8
333 339 2
333 343 10
334 353 7
334 335 3
334 336 6
334 337 9
334 338 1
334 339 10
335 363 10
335 336 5
335 337 2
335 338 10
335 339 2
336 337 2
336 338 5
336 339 2
336 373 2
337 338 4
337 339 5
337 383 4
338 393 4
338 339 6
339 403 7
340 341 10
340 342 7
340 343 3
340 344 8
340 345 7
340 346 2
340 347 5
340 348 5
340 349 4
341 342 5
341 343 8
341 344 10
341 345 9
341 346 9
341 347 5
341 348 9
341 349 7
342 343 1
342 344 2
342 345 3
342 346 8
342 347 10
342 348 1
342 349 1
343 344 2
343 345 3
343 346 7
343 347 7
343 348 7
343 349 4
344 354 9
344 345 1
344 346 4
344 347 5
344 348 1
344 349 8
345 364 8
345 346 6
345 347 1
345 348 2
345 349 1
346 374 10
346 347 9
346 348 9
346 349 2
347 384 2
347 348 10
347 349 7
348 394 10
348 349 3
349 404 9
350 352 9
350 353 8
350 354 3
350 355 3
350 356 10
350 357 7
350 358 9
350 359 10
350 351 10
351 352 6
351 353 2
351 354 1
351 355 9
351 356 9
351 357 2
351 358 3
351 359 1
352 353 3
352 354 4
352 355 8
352 356 1
352 357 10
352 358 8
352 359 9
353 354 3
353 355 10
353 356 5
353 357 3
353 358 1
353 359 1
354 355 1
354 356 10
354 357 3
354 358 9
354 359 6
355 356 8
355 357 9
355 358 10
355 359 9
355 365 9
356 357 3
356 358 6
356 359 9
356 375 9
357 358 2
357 359 3
357 385 9
358 359 8
358 395 8
359 405 6
360 361 1
360 362 5
360 363 9
360 364 9
360 365 6
360 366 5
360 367 5
360 368 10
360 369 3
361 362 3
361 363 7
361 364 4
361 365 3
361 366 7
361 367 9
361 368 3
361 369 5
362 363 1
362 364 4
362 365 3
362 366 3
362 367 1
362 368 1
362 369 7
363 364 8
363 365 4
363 366 7
363 367 10
363 368 6
363 369 1
364 365 8
364 366 5
364 367 10
364 368 3
364 369 10
365 366 10
365 367 6
365 368 6
365 369 7
366 367 2
366 368 10
366 369 1
366 376 2
367 386 4
367 368 6
367 369 2
368 369 10
368 396 2
369 406 4
370 371 10
370 372 6
370 373 7
370 374 6
370 375 5
370 376 6
370 377 2
370 378 3
370 379 8
371 372 10
371 373 3
371 374 8
371 375 3
371 376 4
371 377 8
371 378 5
371 379 9
372 373 8
372 374 6
372 375 6
372 376 2
372 377 9
372 378 8
372 379 10
373 374 6
373 375 8
373 376 9
373 377 10
373 378 6
373 379 5
374 375 8
374 376 8
374 377 8
374 378 8
374 379 2
375 376 3
375 377 5
375 378 3
375 379 4
376 377 2
376 378 7
376 379 7
377 387 9
377 378 4
377 379 8
378 397 9
378 379 6
379 407 5
380 384 2
380 385 8
380 386 1
380 387 8
380 388 7
380 389 7
380 381 2
380 382 5
380 383 6
381 384 5
381 385 2
381 386 9
381 387 4
381 388 8
381 389 2
381 382 2
381 383 4
382 384 3
382 385 1
382 386 7
382 387 8
382 388 3
382 389 7
382 383 2
383 384 2
383 385 9
383 386 5
383 387 4
383 388 3
383 389 1
384 385 4
384 386 9
384 387 5
384 388 6
384 389 9
385 386 1
385 387 8
385 388 9
385 389 9
386 387 8
386 388 2
386 389 9
387 388 6
387 389 9
388 389 4
388 398 7
389 408 3
390 391 4
390 392 4
390 393 9
390 394 2
390 395 1
390 396 10
390 397 9
390 398 9
390 399 1
391 392 2
391 393 3
391 394 8
391 395 2
391 396 6
391 397 7
391 398 4
391 399 1
392 393 7
392 394 2
392 395 9
392 396 6
392 397 2
392 398 7
392 399 10
393 394 5
393 395 9
393 396 6
393 397 10
393 398 4
393 399 10
394 395 2
394 396 1
394 397 9
394 398 6
394 399 9
395 396 3
395 397 4
395 398 3
395 399 9
396 397 9
396 398 2
396 399 8
397 398 1
397 399 6
398 399 6
399 409 9
400 401 6
400 402 1
400 403 8
400 404 1
400 405 8
400 406 8
400 407 6
400 408 4
400 409 5
401 402 8
401 403 3
401 404 3
401 405 4
401 406 8
401 407 6
401 408 4
401 409 4
402 403 2
402 404 9
402 405 4
402 406 3
402 407 9
402 408 6
402 409 7
403 404 8
403 405 6
403 406 10
403 407 1
403 408 9
403 409 8
404 100001 100
404 100003 100
404 405 2
404 406 7
404 407 4
404 408 4
404 409 8
405 100001 100
405 100004 100
405 100003 100
405 406 2
405 407 5
405 408 10
405 409 3
406 100001 100
406 100002 100
406 100004 100
406 407 2
406 408 10
406 409 7
407 100000 100
407 100002 100
407 408 1
407 409 7
408 100000 100
408 100003 100
408 409 10
409 100000 100
-2 3 100
-2 4 100
-2 5 100
-5 1 100
-5 3 100
-5 4 100
-4 1 100
-4 2 100
-4 4 100
-3 1 100
-3 3 100
-3 5 100
-1 0 100
-1 1 100
-1 2 100
