0 1 6
0 2 5
0 3 7
0 4 10
0 5 10
0 30 6
1 2 1
1 35 9
1 4 1
1 10 3
1 3 5
2 3 4
2 4 3
2 40 8
2 15 5
3 4 6
3 45 10
3 20 9
4 50 1
4 25 6
5 6 8
5 7 6
5 8 10
5 9 3
5 31 1
6 36 10
6 7 2
6 8 3
6 9 2
6 11 4
7 8 8
7 9 10
7 16 4
7 41 4
8 9 9
8 46 7
8 21 2
9 51 10
9 26 3
10 32 9
10 11 1
10 12 1
10 13 7
10 14 10
11 37 10
11 12 7
11 13 4
11 14 5
12 42 2
12 13 8
12 14 3
12 17 5
13 14 5
13 47 1
13 22 1
14 52 5
14 27 3
15 33 10
15 16 6
15 17 10
15 18 4
15 19 10
16 38 10
16 17 2
16 18 4
16 19 8
17 43 6
17 18 4
17 19 1
18 48 9
18 19 2
18 23 7
19 53 2
19 28 7
20 34 5
20 21 1
20 22 10
20 23 3
20 24 9
21 39 1
21 22 5
21 23 3
21 24 5
22 44 6
22 23 3
22 24 4
23 49 3
23 24 5
24 54 7
24 29 1
25 26 3
25 27 10
25 28 5
25 29 8
25 30 10
26 35 10
26 27 2
26 28 1
26 29 3
27 40 2
27 28 10
27 29 4
28 45 1
28 29 9
29 50 9
30 32 5
30 33 8
30 34 6
30 31 8
31 32 8
31 33 6
31 34 9
31 36 7
32 33 5
32 34 2
32 41 10
33 34 9
33 46 1
34 51 4
35 36 2
35 37 9
35 38 9
35 39 8
36 37 8
36 39 10
36 38 2
37 38 1
37 39 4
37 42 1
38 39 5
38 47 9
39 52 3
40 41 7
40 42 10
40 43 5
40 44 5
41 42 10
41 43 2
41 44 2
42 43 1
42 44 1
43 44 4
43 48 3
44 53 9
45 46 8
45 47 7
45 48 1
45 49 8
46 47 5
46 48 10
46 49 10
47 48 6
47 49 9
48 49 5
49 100001 100
49 100004 100
49 54 1
50 100001 100
50 51 1
50 52 6
50 53 5
50 54 2
51 100000 100
51 100004 100
51 100002 100
51 52 10
51 53 1
51 54 4
52 100002 100
52 100003 100
52 53 5
52 54 4
53 100000 100
53 100003 100
53 54 8
54 100002 100
54 100003 100
-2 0 100
-2 3 100
-2 4 100
-5 2 100
-5 4 100
-4 0 100
-4 5 100
-3 2 100
-3 4 100
-1 0 100
-1 1 100
-1 2 100
