0 1 1
0 2 3
0 3 1
0 4 3
0 5 1
0 6 4
0 7 1
0 8 3
0 9 3
0 10 4
0 11 1
0 12 4
0 13 1
0 14 1
0 15 3
0 16 5
0 17 4
0 18 4
0 19 5
0 20 1
0 420 1
1 2 4
1 3 1
1 4 5
1 5 3
1 6 1
1 7 1
1 8 3
1 9 4
1 10 1
1 11 1
1 12 3
1 13 5
1 14 3
1 15 4
1 16 1
1 17 4
1 18 5
1 19 4
1 40 5
1 440 2
2 460 4
2 3 3
2 4 4
2 5 1
2 6 5
2 7 1
2 8 2
2 9 5
2 10 2
2 11 2
2 12 2
2 13 1
2 14 4
2 15 2
2 16 5
2 17 3
2 18 3
2 19 3
2 60 3
3 4 4
3 5 3
3 6 3
3 7 4
3 8 2
3 9 3
3 10 4
3 11 3
3 12 3
3 13 1
3 14 5
3 15 4
3 16 3
3 17 1
3 18 4
3 19 1
3 80 3
3 480 5
4 100 4
4 5 5
4 6 2
4 7 5
4 8 3
4 9 3
4 10 5
4 11 1
4 12 1
4 13 4
4 14 1
4 15 3
4 16 3
4 17 2
4 18 3
4 19 5
4 500 4
5 6 4
5 7 2
5 8 2
5 9 1
5 10 4
5 11 1
5 12 2
5 13 5
5 14 1
5 15 5
5 16 5
5 17 3
5 18 1
5 19 1
5 120 3
5 520 3
6 7 5
6 8 4
6 9 4
6 10 3
6 11 4
6 12 3
6 13 5
6 14 4
6 15 2
6 16 4
6 17 2
6 18 1
6 19 1
6 140 3
6 540 1
7 8 2
7 9 2
7 10 3
7 11 4
7 12 4
7 13 3
7 14 2
7 15 1
7 16 3
7 17 1
7 18 3
7 19 4
7 560 4
7 160 3
8 9 4
8 10 4
8 11 2
8 12 5
8 13 5
8 14 2
8 15 1
8 16 1
8 17 4
8 18 5
8 19 1
8 180 3
8 580 5
9 10 5
9 11 1
9 12 1
9 13 1
9 14 3
9 15 4
9 16 3
9 17 1
9 18 5
9 19 1
9 600 4
9 200 1
10 11 4
10 12 4
10 13 1
10 14 3
10 15 4
10 16 4
10 17 1
10 18 4
10 19 5
10 220 4
10 620 5
11 240 1
11 12 4
11 13 3
11 14 3
11 15 5
11 16 4
11 17 1
11 18 5
11 19 1
11 640 5
12 13 2
12 14 4
12 15 4
12 16 5
12 17 1
12 18 4
12 19 5
12 660 1
12 260 5
13 14 2
13 15 1
13 16 5
13 17 4
13 18 5
13 19 5
13 280 3
13 680 5
14 15 5
14 16 1
14 17 2
14 18 3
14 19 4
14 300 3
14 700 5
15 16 3
15 17 2
15 18 4
15 19 5
15 320 4
15 720 1
16 17 3
16 18 4
16 19 2
16 340 5
16 740 3
17 360 1
17 18 4
17 19 5
17 760 2
18 19 5
18 380 5
18 780 3
19 400 5
19 800 3
20 32 4
20 33 4
20 34 5
20 35 3
20 36 1
20 37 5
20 38 2
20 39 5
20 421 3
20 21 5
20 22 3
20 23 2
20 24 3
20 25 3
20 26 2
20 27 4
20 28 1
20 29 2
20 30 2
20 31 5
21 32 5
21 33 2
21 34 4
21 35 2
21 36 4
21 37 3
21 38 4
21 39 5
21 41 1
21 441 4
21 20 5
21 22 1
21 23 1
21 24 3
21 25 3
21 26 2
21 27 1
21 28 1
21 29 3
21 30 4
21 31 5
22 32 5
22 33 3
22 34 5
22 35 5
22 36 1
22 37 2
22 38 4
22 39 4
22 461 3
22 61 3
22 20 1
22 21 3
22 23 2
22 24 2
22 25 1
22 26 5
22 27 5
22 28 5
22 29 2
22 30 3
22 31 3
23 32 1
23 33 4
23 34 1
23 35 5
23 36 1
23 37 2
23 38 4
23 39 4
23 81 4
23 481 1
23 20 5
23 21 3
23 22 1
23 24 5
23 25 1
23 26 1
23 27 2
23 28 5
23 29 5
23 30 1
23 31 3
24 32 1
24 33 1
24 34 3
24 35 1
24 36 3
24 37 2
24 38 4
24 39 1
24 501 3
24 101 4
24 20 4
24 21 5
24 22 2
24 23 3
24 25 2
24 26 4
24 27 3
24 28 3
24 29 5
24 30 1
24 31 4
25 32 1
25 33 4
25 34 5
25 35 4
25 36 3
25 37 2
25 38 3
25 39 3
25 521 3
25 21 4
25 22 4
25 23 4
25 24 4
25 121 4
25 26 2
25 27 4
25 28 1
25 29 3
25 30 2
25 31 4
26 32 2
26 33 1
26 34 3
26 35 3
26 36 2
26 37 2
26 38 2
26 39 4
26 141 1
26 541 5
26 20 1
26 21 3
26 22 4
26 23 1
26 24 1
26 25 5
26 27 2
26 28 2
26 29 5
26 30 1
26 31 4
27 32 1
27 33 2
27 34 4
27 35 3
27 36 2
27 37 5
27 38 2
27 39 1
27 161 1
27 561 2
27 20 5
27 21 1
27 22 5
27 23 3
27 24 4
27 25 5
27 26 2
27 28 3
27 29 3
27 30 5
27 31 3
28 32 3
28 33 5
28 34 4
28 35 3
28 36 5
28 37 2
28 38 4
28 39 5
28 581 4
28 20 4
28 21 3
28 22 3
28 23 4
28 24 3
28 25 2
28 26 2
28 27 1
28 181 2
28 29 2
28 30 3
28 31 5
29 32 4
29 33 1
29 34 4
29 35 1
29 36 1
29 37 5
29 38 4
29 39 5
29 201 2
29 601 1
29 20 5
29 21 3
29 22 1
29 23 3
29 24 5
29 25 3
29 26 4
29 27 4
29 28 4
29 30 5
29 31 5
30 32 2
30 33 2
30 34 1
30 35 5
30 36 1
30 37 4
30 38 3
30 39 3
30 621 4
30 221 2
30 20 1
30 21 2
30 22 5
30 23 1
30 24 2
30 25 4
30 26 5
30 27 3
30 28 1
30 29 1
30 31 1
31 32 2
31 33 5
31 34 3
31 35 4
31 36 1
31 37 2
31 38 5
31 39 5
31 641 4
31 241 3
31 20 5
31 21 3
31 22 1
31 23 5
31 24 4
31 25 1
31 26 1
31 27 1
31 28 5
31 29 5
31 30 2
32 33 4
32 34 2
32 35 4
32 36 5
32 37 2
32 38 1
32 39 3
32 261 2
32 661 4
33 34 1
33 35 2
33 36 4
33 37 4
33 38 2
33 39 4
33 681 4
33 281 4
34 35 2
34 36 5
34 37 5
34 38 5
34 39 4
34 301 2
34 701 2
35 36 3
35 37 3
35 38 3
35 39 1
35 321 5
35 721 5
36 37 5
36 38 4
36 39 1
36 341 2
36 741 5
37 38 2
37 39 3
37 361 5
37 761 5
38 39 5
38 781 4
38 381 3
39 801 2
39 401 2
40 422 1
40 41 3
40 42 2
40 43 1
40 44 2
40 45 2
40 46 1
40 47 3
40 48 5
40 49 3
40 50 5
40 51 3
40 52 1
40 53 5
40 54 1
40 55 3
40 56 1
40 57 1
40 58 5
40 59 1
41 42 2
41 43 1
41 44 5
41 45 3
41 46 3
41 47 4
41 48 2
41 49 5
41 50 5
41 51 5
41 52 5
41 53 4
41 54 2
41 55 1
41 56 4
41 57 4
41 58 2
41 59 5
41 442 4
41 21 2
42 462 2
42 43 3
42 44 3
42 45 5
42 46 4
42 47 3
42 48 5
42 49 1
42 50 2
42 51 5
42 52 4
42 53 4
42 54 4
42 55 2
42 56 1
42 57 4
42 58 5
42 59 5
42 62 4
43 482 3
43 82 1
43 44 4
43 45 2
43 46 3
43 47 3
43 48 4
43 49 2
43 50 4
43 51 2
43 52 3
43 53 4
43 54 2
43 55 4
43 56 2
43 57 1
43 58 3
43 59 3
44 502 1
44 102 3
44 45 2
44 46 5
44 47 1
44 48 3
44 49 2
44 50 1
44 51 5
44 52 4
44 53 2
44 54 3
44 55 3
44 56 5
44 57 2
44 58 3
44 59 1
45 522 3
45 46 2
45 47 5
45 48 4
45 49 5
45 50 5
45 51 4
45 52 4
45 53 2
45 54 1
45 55 3
45 56 5
45 57 1
45 58 4
45 59 3
45 122 2
46 142 2
46 47 2
46 48 1
46 49 5
46 50 2
46 51 3
46 52 2
46 53 1
46 54 4
46 55 1
46 56 2
46 57 1
46 58 5
46 59 5
46 542 1
47 562 5
47 162 4
47 48 2
47 49 2
47 50 1
47 51 4
47 52 3
47 53 3
47 54 4
47 55 4
47 56 5
47 57 1
47 58 4
47 59 4
48 182 3
48 582 2
48 49 2
48 50 4
48 51 2
48 52 5
48 53 2
48 54 2
48 55 5
48 56 2
48 57 2
48 58 5
48 59 2
49 602 1
49 50 5
49 51 2
49 52 5
49 53 4
49 54 3
49 55 1
49 56 5
49 57 5
49 58 2
49 59 4
49 202 1
50 51 1
50 52 5
50 53 3
50 54 1
50 55 1
50 56 2
50 57 1
50 58 3
50 59 2
50 622 1
50 222 2
51 642 1
51 242 5
51 52 4
51 53 3
51 54 2
51 55 4
51 56 5
51 57 2
51 58 4
51 59 5
52 662 1
52 262 1
52 53 1
52 54 1
52 55 3
52 56 3
52 57 3
52 58 3
52 59 2
53 682 2
53 54 5
53 55 3
53 56 3
53 57 5
53 58 4
53 59 4
53 282 2
54 302 3
54 55 4
54 56 3
54 57 3
54 58 5
54 59 5
54 702 1
55 322 2
55 41 4
55 42 5
55 43 2
55 44 3
55 45 5
55 46 5
55 47 2
55 48 1
55 49 3
55 50 2
55 51 5
55 52 1
55 53 3
55 54 4
55 56 3
55 57 1
55 58 2
55 59 4
55 722 4
56 342 5
56 742 5
56 40 5
56 41 3
56 42 1
56 43 3
56 44 2
56 45 4
56 46 2
56 47 1
56 48 4
56 49 5
56 50 3
56 51 4
56 52 3
56 53 3
56 54 5
56 55 4
56 57 3
56 58 5
56 59 4
57 762 2
57 41 1
57 42 1
57 43 3
57 44 5
57 45 5
57 46 3
57 47 1
57 48 5
57 49 4
57 50 3
57 51 1
57 52 4
57 53 2
57 54 4
57 55 3
57 56 5
57 58 3
57 59 5
57 362 4
58 782 5
58 41 4
58 42 1
58 43 2
58 44 1
58 45 1
58 46 3
58 47 5
58 48 1
58 49 4
58 50 1
58 51 4
58 52 2
58 53 2
58 54 1
58 55 2
58 56 4
58 57 2
58 59 3
58 382 5
59 802 5
59 402 5
59 40 4
59 41 5
59 42 3
59 43 4
59 44 2
59 45 5
59 46 2
59 47 4
59 48 4
59 49 5
59 50 2
59 51 3
59 52 3
59 53 5
59 54 1
59 55 5
59 56 5
59 57 4
59 58 1
60 64 1
60 65 5
60 66 4
60 67 3
60 68 1
60 69 5
60 70 2
60 71 5
60 72 1
60 73 5
60 74 3
60 75 4
60 76 5
60 77 5
60 78 1
60 79 2
60 2 1
60 423 4
60 61 2
60 62 4
60 63 1
61 64 1
61 65 3
61 66 3
61 67 1
61 68 4
61 69 5
61 70 5
61 71 5
61 72 4
61 73 1
61 74 5
61 75 5
61 76 1
61 77 5
61 78 5
61 79 5
61 22 3
61 443 3
61 60 3
61 62 3
61 63 3
62 64 3
62 65 1
62 66 3
62 67 5
62 68 2
62 69 2
62 70 5
62 71 5
62 72 1
62 73 4
62 74 4
62 75 4
62 76 4
62 77 1
62 78 4
62 79 3
62 42 3
62 463 3
62 60 5
62 61 5
62 63 2
63 64 4
63 65 3
63 66 5
63 67 2
63 68 5
63 69 2
63 70 1
63 71 1
63 72 3
63 73 2
63 74 5
63 75 5
63 76 5
63 77 3
63 78 2
63 79 5
63 483 4
63 83 3
63 60 2
63 61 4
63 62 2
64 65 3
64 66 4
64 67 2
64 68 3
64 69 1
64 70 2
64 71 2
64 72 4
64 73 1
64 74 2
64 75 3
64 76 5
64 77 4
64 78 5
64 79 2
64 503 2
64 103 3
64 60 2
64 61 3
64 62 2
64 63 3
65 523 2
65 66 4
65 67 2
65 68 4
65 69 4
65 70 1
65 71 2
65 72 3
65 73 2
65 74 2
65 75 1
65 76 1
65 77 2
65 78 5
65 79 2
65 123 5
65 60 1
65 61 4
65 62 1
65 63 5
66 67 3
66 68 4
66 69 5
66 70 5
66 71 5
66 72 3
66 73 4
66 74 3
66 75 5
66 76 2
66 77 2
66 78 5
66 79 2
66 543 3
66 143 2
66 60 4
66 61 1
66 62 3
66 63 1
67 163 4
67 68 3
67 69 5
67 70 4
67 71 4
67 72 2
67 73 4
67 74 5
67 75 3
67 76 5
67 77 1
67 78 4
67 79 3
67 563 2
67 60 4
67 61 2
67 62 3
67 63 3
68 69 1
68 70 4
68 71 2
68 72 4
68 73 1
68 74 5
68 75 1
68 76 4
68 77 5
68 78 4
68 79 5
68 583 2
68 183 2
68 60 4
68 61 5
68 62 1
68 63 1
69 70 4
69 71 4
69 72 2
69 73 2
69 74 2
69 75 1
69 76 2
69 77 2
69 78 4
69 79 1
69 203 4
69 603 1
69 60 4
69 61 1
69 62 3
69 63 3
70 71 1
70 72 2
70 73 3
70 74 1
70 75 3
70 76 1
70 77 1
70 78 1
70 79 2
70 623 4
70 223 5
70 60 1
70 61 2
70 62 2
70 63 4
71 72 3
71 73 5
71 74 3
71 75 1
71 76 4
71 77 1
71 78 4
71 79 4
71 243 3
71 643 1
72 73 1
72 74 2
72 75 2
72 76 3
72 77 2
72 78 5
72 79 1
72 663 2
72 263 1
73 74 2
73 75 2
73 76 4
73 77 2
73 78 4
73 79 3
73 683 2
73 283 2
74 75 5
74 76 5
74 77 2
74 78 1
74 79 5
74 703 1
74 303 5
75 76 4
75 77 1
75 78 4
75 79 1
75 323 2
75 723 5
76 743 5
76 77 2
76 78 3
76 79 4
76 343 3
77 78 1
77 79 3
77 763 1
77 363 4
78 79 1
78 783 2
78 383 4
79 403 1
79 803 1
80 96 2
80 97 2
80 98 2
80 99 2
80 424 5
80 81 1
80 82 2
80 83 2
80 84 3
80 85 2
80 86 5
80 87 2
80 88 5
80 89 1
80 90 4
80 91 2
80 92 4
80 93 3
80 94 1
80 95 5
81 96 3
81 97 4
81 98 1
81 99 2
81 444 4
81 82 5
81 83 3
81 84 3
81 85 1
81 86 3
81 87 3
81 88 5
81 89 1
81 90 2
81 91 4
81 92 2
81 93 4
81 94 2
81 95 2
82 96 3
82 97 2
82 98 5
82 99 5
82 464 5
82 83 1
82 84 4
82 85 5
82 86 5
82 87 5
82 88 3
82 89 2
82 90 2
82 91 3
82 92 4
82 93 3
82 94 5
82 95 3
83 96 2
83 97 3
83 98 4
83 99 2
83 484 1
83 84 5
83 85 1
83 86 4
83 87 1
83 88 2
83 89 2
83 90 3
83 91 2
83 92 1
83 93 3
83 94 1
83 95 3
84 96 4
84 97 3
84 98 3
84 99 5
84 504 4
84 104 3
84 85 2
84 86 5
84 87 3
84 88 3
84 89 1
84 90 4
84 91 3
84 92 1
84 93 2
84 94 1
84 95 2
85 96 1
85 97 3
85 98 5
85 99 3
85 124 3
85 524 4
85 86 1
85 87 5
85 88 4
85 89 2
85 90 4
85 91 3
85 92 3
85 93 2
85 94 5
85 95 5
86 96 5
86 97 3
86 98 3
86 99 5
86 544 3
86 144 4
86 87 1
86 88 4
86 89 3
86 90 3
86 91 1
86 92 5
86 93 1
86 94 2
86 95 5
87 96 2
87 97 5
87 98 3
87 99 3
87 164 4
87 564 5
87 88 2
87 89 2
87 90 2
87 91 5
87 92 1
87 93 2
87 94 5
87 95 1
88 96 4
88 97 1
88 98 2
88 99 4
88 584 2
88 184 4
88 89 3
88 90 1
88 91 2
88 92 1
88 93 2
88 94 5
88 95 1
89 96 1
89 97 1
89 98 5
89 99 2
89 604 5
89 204 2
89 90 4
89 91 2
89 92 1
89 93 1
89 94 3
89 95 1
90 96 3
90 97 4
90 98 1
90 99 2
90 624 3
90 224 4
90 91 3
90 92 2
90 93 1
90 94 1
90 95 4
91 96 5
91 97 5
91 98 4
91 99 5
91 644 1
91 244 3
91 92 4
91 93 4
91 94 2
91 95 4
92 96 1
92 97 3
92 98 5
92 99 5
92 264 3
92 664 1
92 93 1
92 94 5
92 95 5
93 96 3
93 97 3
93 98 3
93 99 1
93 284 2
93 684 3
93 94 1
93 95 5
94 96 5
94 97 3
94 98 3
94 99 4
94 704 2
94 304 2
94 95 3
95 96 1
95 97 4
95 98 2
95 99 2
95 324 1
95 724 5
96 344 2
96 97 4
96 98 4
96 99 3
96 744 5
97 98 5
97 99 5
97 764 4
97 364 5
98 99 3
98 784 1
98 384 1
99 804 3
99 404 2
100 425 4
100 101 1
100 102 1
100 103 1
100 104 3
100 105 5
100 106 1
100 107 5
100 108 4
100 109 3
100 110 3
100 111 4
100 112 2
100 113 3
100 114 2
100 115 2
100 116 2
100 117 1
100 118 4
100 119 3
101 102 5
101 103 1
101 104 1
101 105 1
101 106 2
101 107 1
101 108 5
101 109 1
101 110 4
101 111 5
101 112 1
101 113 2
101 114 4
101 115 5
101 116 1
101 117 4
101 118 3
101 119 2
101 445 1
102 103 5
102 104 3
102 105 2
102 106 1
102 107 3
102 108 2
102 109 1
102 110 1
102 111 1
102 112 4
102 113 2
102 114 3
102 115 2
102 116 4
102 117 4
102 118 1
102 119 2
102 465 2
103 104 3
103 105 5
103 106 5
103 107 2
103 108 1
103 109 4
103 110 3
103 111 3
103 112 5
103 113 2
103 114 5
103 115 3
103 116 3
103 117 4
103 118 5
103 119 4
103 485 4
104 505 1
104 105 2
104 106 4
104 107 2
104 108 1
104 109 5
104 110 3
104 111 4
104 112 3
104 113 1
104 114 4
104 115 5
104 116 3
104 117 3
104 118 5
104 119 2
105 106 3
105 107 1
105 108 1
105 109 1
105 110 5
105 111 4
105 112 5
105 113 1
105 114 2
105 115 1
105 116 5
105 117 1
105 118 2
105 119 3
105 525 2
105 125 5
106 545 1
106 145 3
106 107 3
106 108 2
106 109 2
106 110 1
106 111 3
106 112 1
106 113 1
106 114 1
106 115 1
106 116 5
106 117 3
106 118 3
106 119 4
107 565 3
107 108 4
107 109 3
107 110 3
107 111 2
107 112 3
107 113 4
107 114 1
107 115 3
107 116 4
107 117 3
107 118 2
107 119 5
107 165 1
108 109 3
108 110 5
108 111 4
108 112 5
108 113 1
108 114 5
108 115 4
108 116 2
108 117 4
108 118 5
108 119 3
108 185 3
108 585 4
109 205 2
109 110 4
109 111 5
109 112 3
109 113 2
109 114 4
109 115 2
109 116 3
109 117 4
109 118 3
109 119 4
109 605 1
110 225 1
110 111 3
110 112 5
110 113 4
110 114 2
110 115 2
110 116 4
110 117 3
110 118 5
110 119 2
110 625 2
111 645 4
111 112 3
111 113 1
111 114 1
111 115 3
111 116 5
111 117 3
111 118 5
111 119 4
111 245 5
112 113 3
112 114 5
112 115 1
112 116 3
112 117 3
112 118 3
112 119 4
112 665 3
112 265 3
113 685 4
113 114 1
113 115 5
113 116 2
113 117 4
113 118 2
113 119 4
113 285 3
114 705 1
114 305 1
114 115 3
114 116 4
114 117 2
114 118 2
114 119 3
115 116 2
115 117 4
115 118 4
115 119 1
115 725 5
115 325 3
116 117 3
116 118 4
116 119 1
116 745 2
116 345 4
117 118 5
117 119 4
117 365 4
117 765 2
118 385 3
118 119 4
118 785 5
119 805 5
119 405 1
120 128 2
120 129 4
120 130 4
120 131 4
120 132 2
120 133 1
120 134 1
120 135 2
120 136 5
120 137 1
120 138 4
120 139 4
120 426 3
120 121 4
120 122 1
120 123 1
120 124 4
120 125 3
120 126 2
120 127 2
121 128 3
121 129 2
121 130 4
121 131 3
121 132 5
121 133 2
121 134 3
121 135 4
121 136 1
121 137 5
121 138 2
121 139 5
121 446 5
121 122 5
121 123 2
121 124 2
121 125 3
121 126 1
121 127 4
122 128 1
122 129 1
122 130 2
122 131 5
122 132 1
122 133 4
122 134 3
122 135 5
122 136 1
122 137 2
122 138 4
122 139 1
122 466 1
122 123 5
122 124 1
122 125 2
122 126 5
122 127 1
123 128 2
123 129 5
123 130 3
123 131 2
123 132 5
123 133 2
123 134 3
123 135 5
123 136 2
123 137 5
123 138 3
123 139 5
123 486 2
123 124 5
123 125 5
123 126 3
123 127 4
124 128 5
124 129 2
124 130 5
124 131 2
124 132 3
124 133 4
124 134 5
124 135 1
124 136 4
124 137 3
124 138 5
124 139 4
124 506 4
124 125 5
124 126 3
124 127 3
125 128 1
125 129 5
125 130 4
125 131 4
125 132 5
125 133 2
125 134 4
125 135 1
125 136 5
125 137 2
125 138 4
125 139 4
125 526 2
125 126 1
125 127 3
126 128 5
126 129 5
126 130 2
126 131 2
126 132 3
126 133 1
126 134 5
126 135 4
126 136 5
126 137 5
126 138 5
126 139 5
126 546 5
126 146 1
126 127 5
127 128 5
127 129 4
127 130 3
127 131 4
127 132 4
127 133 3
127 134 5
127 135 2
127 136 5
127 137 3
127 138 2
127 139 3
127 566 4
127 166 3
128 129 2
128 130 2
128 131 5
128 132 4
128 133 5
128 134 4
128 135 5
128 136 3
128 137 3
128 138 5
128 139 4
128 586 5
128 186 5
129 130 4
129 131 1
129 132 5
129 133 1
129 134 2
129 135 1
129 136 4
129 137 1
129 138 2
129 139 2
129 206 1
129 606 4
130 226 2
130 131 1
130 132 3
130 133 3
130 134 1
130 135 5
130 136 2
130 137 3
130 138 1
130 139 2
130 626 3
131 132 1
131 133 1
131 134 3
131 135 5
131 136 4
131 137 5
131 138 2
131 139 4
131 646 4
131 246 5
132 133 4
132 134 1
132 135 1
132 136 3
132 137 3
132 138 4
132 139 2
132 666 5
132 266 1
133 134 2
133 135 1
133 136 4
133 137 1
133 138 5
133 139 4
133 686 4
133 286 1
134 135 1
134 136 4
134 137 2
134 138 3
134 139 2
134 706 5
134 306 2
135 136 1
135 137 3
135 138 1
135 139 2
135 326 2
135 726 1
136 137 2
136 138 3
136 139 4
136 346 4
136 746 3
137 138 3
137 139 5
137 366 2
137 766 3
138 139 4
138 386 5
138 786 1
139 806 2
139 406 5
140 427 3
140 141 3
140 142 5
140 143 4
140 144 5
140 145 4
140 146 5
140 147 3
140 148 5
140 149 1
140 150 3
140 151 4
140 152 5
140 153 4
140 154 4
140 155 1
140 156 5
140 157 3
140 158 3
140 159 4
141 447 5
141 142 3
141 143 3
141 144 3
141 145 3
141 146 5
141 147 1
141 148 3
141 149 5
141 150 1
141 151 4
141 152 3
141 153 4
141 154 3
141 155 2
141 156 4
141 157 1
141 158 2
141 159 5
142 467 5
142 143 5
142 144 4
142 145 1
142 146 3
142 147 2
142 148 4
142 149 4
142 150 4
142 151 5
142 152 5
142 153 4
142 154 1
142 155 4
142 156 3
142 157 5
142 158 5
142 159 4
143 487 1
143 144 3
143 145 2
143 146 4
143 147 1
143 148 3
143 149 2
143 150 2
143 151 4
143 152 4
143 153 4
143 154 1
143 155 2
143 156 3
143 157 5
143 158 3
143 159 2
144 507 4
144 145 4
144 146 2
144 147 1
144 148 4
144 149 3
144 150 3
144 151 3
144 152 1
144 153 5
144 154 3
144 155 1
144 156 3
144 157 3
144 158 4
144 159 5
145 527 5
145 146 3
145 147 5
145 148 4
145 149 5
145 150 1
145 151 1
145 152 4
145 153 1
145 154 4
145 155 4
145 156 4
145 157 3
145 158 5
145 159 2
146 547 5
146 147 2
146 148 4
146 149 5
146 150 4
146 151 2
146 152 5
146 153 4
146 154 4
146 155 4
146 156 4
146 157 4
146 158 5
146 159 3
147 167 1
147 567 2
147 148 3
147 149 4
147 150 5
147 151 5
147 152 5
147 153 1
147 154 5
147 155 3
147 156 1
147 157 4
147 158 3
147 159 5
148 187 4
148 587 1
148 149 5
148 150 3
148 151 3
148 152 5
148 153 3
148 154 3
148 155 5
148 156 2
148 157 2
148 158 5
148 159 3
149 607 2
149 207 1
149 150 2
149 151 3
149 152 3
149 153 4
149 154 2
149 155 4
149 156 4
149 157 1
149 158 4
149 159 3
150 627 2
150 227 3
150 151 5
150 152 3
150 153 3
150 154 2
150 155 3
150 156 5
150 157 2
150 158 2
150 159 2
151 647 5
151 247 3
151 152 3
151 153 4
151 154 1
151 155 3
151 156 4
151 157 3
151 158 2
151 159 1
152 667 3
152 267 3
152 153 4
152 154 4
152 155 2
152 156 3
152 157 3
152 158 1
152 159 1
153 287 2
153 687 4
153 154 5
153 155 5
153 156 5
153 157 3
153 158 4
153 159 3
154 707 5
154 307 4
154 155 1
154 156 2
154 157 3
154 158 3
154 159 1
155 327 1
155 727 5
155 156 1
155 157 5
155 158 5
155 159 2
156 347 2
156 747 1
156 157 5
156 158 3
156 159 4
157 367 3
157 767 3
157 158 1
157 159 2
158 387 4
158 787 4
158 159 4
159 807 5
159 407 3
160 161 4
160 162 1
160 163 2
160 164 4
160 165 4
160 166 5
160 167 2
160 168 4
160 169 5
160 170 2
160 171 3
160 172 3
160 173 4
160 174 3
160 175 3
160 176 2
160 177 5
160 178 2
160 179 3
160 7 2
160 428 2
161 448 4
161 162 3
161 163 4
161 164 3
161 165 3
161 166 5
161 167 1
161 168 1
161 169 2
161 170 2
161 171 5
161 172 3
161 173 2
161 174 2
161 175 1
161 176 1
161 177 1
161 178 3
161 179 1
161 27 4
162 163 4
162 164 1
162 165 1
162 166 3
162 167 1
162 168 3
162 169 2
162 170 4
162 171 1
162 172 3
162 173 2
162 174 5
162 175 2
162 176 1
162 177 2
162 178 1
162 179 3
162 468 1
163 164 3
163 165 5
163 166 2
163 167 4
163 168 3
163 169 1
163 170 3
163 171 5
163 172 5
163 173 5
163 174 3
163 175 4
163 176 5
163 177 5
163 178 2
163 179 5
163 488 5
164 165 2
164 166 1
164 167 2
164 168 4
164 169 5
164 170 5
164 171 2
164 172 3
164 173 4
164 174 2
164 175 4
164 176 4
164 177 2
164 178 1
164 179 2
164 508 3
165 166 5
165 167 4
165 168 4
165 169 4
165 170 5
165 171 5
165 172 2
165 173 3
165 174 4
165 175 4
165 176 5
165 177 1
165 178 5
165 179 4
165 528 3
166 167 3
166 168 4
166 169 2
166 170 4
166 171 5
166 172 3
166 173 3
166 174 5
166 175 2
166 176 3
166 177 4
166 178 2
166 179 5
166 548 3
167 168 3
167 169 2
167 170 3
167 171 4
167 172 5
167 173 2
167 174 4
167 175 5
167 176 3
167 177 1
167 178 2
167 179 3
167 568 4
168 169 2
168 170 1
168 171 5
168 172 1
168 173 2
168 174 2
168 175 4
168 176 5
168 177 3
168 178 1
168 179 2
168 188 5
168 588 3
169 170 3
169 171 5
169 172 1
169 173 4
169 174 2
169 175 5
169 176 4
169 177 5
169 178 5
169 179 4
169 608 1
169 208 2
170 171 3
170 172 3
170 173 2
170 174 5
170 175 5
170 176 2
170 177 4
170 178 3
170 179 1
170 628 5
170 228 2
171 172 1
171 173 2
171 174 5
171 175 4
171 176 5
171 177 1
171 178 4
171 179 3
171 248 1
171 648 5
172 268 1
172 173 1
172 174 5
172 175 2
172 176 5
172 177 5
172 178 4
172 179 4
172 668 4
173 174 4
173 175 2
173 176 1
173 177 4
173 178 5
173 179 3
173 688 1
173 288 5
174 175 2
174 176 2
174 177 2
174 178 1
174 179 1
174 308 5
174 708 3
175 176 1
175 177 1
175 178 5
175 179 1
175 728 4
175 328 1
176 177 5
176 178 3
176 179 3
176 748 5
176 348 1
177 368 2
177 178 5
177 179 4
177 768 4
178 179 2
178 788 2
178 388 1
179 408 2
179 808 5
180 192 5
180 193 2
180 194 1
180 195 5
180 196 3
180 197 2
180 198 5
180 199 4
180 429 1
180 181 2
180 182 2
180 183 5
180 184 5
180 185 1
180 186 1
180 187 1
180 188 3
180 189 1
180 190 5
180 191 5
181 192 3
181 193 4
181 194 5
181 195 4
181 196 4
181 197 3
181 198 5
181 199 4
181 449 3
181 182 1
181 183 3
181 184 2
181 185 4
181 186 1
181 187 5
181 188 2
181 189 2
181 190 2
181 191 1
182 192 3
182 193 3
182 194 3
182 195 2
182 196 3
182 197 4
182 198 2
182 199 4
182 469 3
182 183 1
182 184 3
182 185 5
182 186 3
182 187 4
182 188 3
182 189 3
182 190 5
182 191 3
183 192 2
183 193 4
183 194 3
183 195 1
183 196 4
183 197 1
183 198 4
183 199 1
183 489 5
183 184 4
183 185 2
183 186 3
183 187 5
183 188 5
183 189 3
183 190 3
183 191 2
184 192 4
184 193 4
184 194 3
184 195 5
184 196 4
184 197 4
184 198 3
184 199 5
184 509 4
184 185 3
184 186 3
184 187 2
184 188 2
184 189 3
184 190 5
184 191 3
185 192 3
185 193 1
185 194 5
185 195 3
185 196 1
185 197 2
185 198 5
185 199 2
185 529 4
185 186 2
185 187 3
185 188 3
185 189 1
185 190 1
185 191 3
186 192 1
186 193 4
186 194 2
186 195 2
186 196 4
186 197 1
186 198 4
186 199 2
186 549 4
186 187 1
186 188 1
186 189 2
186 190 1
186 191 4
187 192 5
187 193 2
187 194 2
187 195 1
187 196 5
187 197 1
187 198 2
187 199 2
187 569 2
187 188 5
187 189 2
187 190 3
187 191 4
188 192 5
188 193 5
188 194 1
188 195 2
188 196 2
188 197 2
188 198 4
188 199 5
188 589 4
188 189 2
188 190 3
188 191 2
189 192 3
189 193 5
189 194 5
189 195 5
189 196 1
189 197 2
189 198 5
189 199 5
189 609 4
189 209 1
189 190 2
189 191 4
190 192 1
190 193 4
190 194 3
190 195 1
190 196 2
190 197 1
190 198 5
190 199 1
190 629 2
190 229 2
190 191 3
191 192 5
191 193 2
191 194 1
191 195 3
191 196 2
191 197 1
191 198 2
191 199 4
191 249 3
191 649 4
192 193 5
192 194 1
192 195 3
192 196 5
192 197 5
192 198 5
192 199 2
192 269 1
192 669 1
193 289 5
193 194 2
193 195 3
193 196 1
193 197 3
193 198 3
193 199 1
193 689 1
194 195 4
194 196 5
194 197 1
194 198 4
194 199 4
194 309 1
194 709 3
195 196 3
195 197 3
195 198 3
195 199 1
195 329 2
195 729 4
196 197 4
196 198 2
196 199 2
196 749 3
196 349 3
197 198 3
197 199 4
197 769 5
197 369 3
198 199 4
198 389 4
198 789 4
199 809 3
199 409 5
200 430 2
200 201 1
200 202 5
200 203 2
200 204 3
200 205 1
200 206 1
200 207 2
200 208 2
200 209 4
200 210 4
200 211 4
200 212 1
200 213 5
200 214 3
200 215 4
200 216 1
200 217 1
200 218 2
200 219 2
201 450 3
201 202 5
201 203 1
201 204 5
201 205 1
201 206 3
201 207 1
201 208 5
201 209 4
201 210 3
201 211 1
201 212 3
201 213 1
201 214 3
201 215 5
201 216 4
201 217 4
201 218 5
201 219 1
201 29 5
202 470 3
202 203 3
202 204 2
202 205 4
202 206 5
202 207 2
202 208 1
202 209 4
202 210 4
202 211 1
202 212 4
202 213 2
202 214 4
202 215 3
202 216 3
202 217 5
202 218 5
202 219 3
203 204 3
203 205 4
203 206 3
203 207 4
203 208 3
203 209 1
203 210 1
203 211 1
203 212 5
203 213 5
203 214 5
203 215 5
203 216 2
203 217 1
203 218 4
203 219 3
203 490 5
204 205 1
204 206 4
204 207 4
204 208 4
204 209 2
204 210 5
204 211 3
204 212 3
204 213 1
204 214 4
204 215 2
204 216 5
204 217 1
204 218 5
204 219 5
204 510 2
205 530 3
205 206 1
205 207 1
205 208 2
205 209 1
205 210 5
205 211 3
205 212 2
205 213 4
205 214 2
205 215 1
205 216 1
205 217 1
205 218 2
205 219 4
206 550 2
206 207 5
206 208 2
206 209 4
206 210 1
206 211 2
206 212 3
206 213 3
206 214 4
206 215 3
206 216 5
206 217 1
206 218 2
206 219 4
207 208 1
207 209 3
207 210 4
207 211 4
207 212 3
207 213 3
207 214 1
207 215 4
207 216 2
207 217 4
207 218 3
207 219 2
207 570 2
208 209 3
208 210 4
208 211 2
208 212 1
208 213 2
208 214 1
208 215 4
208 216 2
208 217 1
208 218 3
208 219 5
208 590 2
209 610 2
209 210 1
209 211 5
209 212 4
209 213 1
209 214 1
209 215 1
209 216 5
209 217 5
209 218 2
209 219 5
210 630 2
210 230 3
210 211 2
210 212 4
210 213 3
210 214 5
210 215 3
210 216 3
210 217 2
210 218 1
210 219 5
211 650 2
211 212 5
211 213 1
211 214 5
211 215 1
211 216 1
211 217 2
211 218 5
211 219 2
211 250 5
212 270 1
212 213 4
212 214 1
212 215 5
212 216 1
212 217 1
212 218 2
212 219 1
212 670 1
213 290 1
213 690 2
213 214 4
213 215 4
213 216 5
213 217 4
213 218 4
213 219 2
214 710 4
214 310 4
214 215 3
214 216 1
214 217 2
214 218 3
214 219 1
215 730 3
215 216 5
215 217 4
215 218 5
215 219 2
215 330 4
216 750 2
216 217 5
216 218 2
216 219 3
216 350 2
217 370 1
217 770 4
217 218 4
217 219 5
218 790 1
218 390 5
218 219 4
219 410 4
219 810 4
220 224 2
220 225 3
220 226 1
220 227 5
220 228 5
220 229 2
220 230 1
220 231 5
220 232 1
220 233 1
220 234 4
220 235 4
220 236 4
220 237 4
220 238 2
220 239 5
220 431 5
220 221 4
220 222 1
220 223 3
221 224 5
221 225 5
221 226 5
221 227 3
221 228 4
221 229 5
221 230 5
221 231 1
221 232 4
221 233 1
221 234 4
221 235 2
221 236 5
221 237 4
221 238 5
221 239 4
221 451 1
221 222 1
221 223 2
222 224 5
222 225 3
222 226 2
222 227 5
222 228 4
222 229 1
222 230 2
222 231 4
222 232 2
222 233 2
222 234 4
222 235 1
222 236 3
222 237 1
222 238 4
222 239 5
222 50 5
222 471 2
222 220 5
222 221 3
222 223 4
223 224 5
223 225 4
223 226 3
223 227 2
223 228 3
223 229 2
223 230 2
223 231 1
223 232 4
223 233 4
223 234 3
223 235 2
223 236 1
223 237 1
223 238 4
223 239 5
223 221 3
223 222 3
223 491 4
224 225 3
224 226 1
224 227 5
224 228 4
224 229 2
224 230 3
224 231 4
224 232 5
224 233 2
224 234 3
224 235 5
224 236 5
224 237 5
224 238 1
224 239 5
224 511 5
225 226 2
225 227 2
225 228 1
225 229 3
225 230 5
225 231 4
225 232 4
225 233 4
225 234 4
225 235 3
225 236 2
225 237 3
225 238 4
225 239 1
225 531 5
226 227 1
226 228 5
226 229 2
226 230 2
226 231 2
226 232 2
226 233 5
226 234 5
226 235 4
226 236 3
226 237 5
226 238 3
226 239 2
226 551 1
227 228 4
227 229 1
227 230 5
227 231 3
227 232 4
227 233 5
227 234 1
227 235 1
227 236 3
227 237 1
227 238 3
227 239 4
227 571 2
228 229 5
228 230 3
228 231 3
228 232 2
228 233 3
228 234 5
228 235 4
228 236 2
228 237 2
228 238 3
228 239 2
228 591 5
229 230 3
229 231 5
229 232 2
229 233 5
229 234 3
229 235 2
229 236 4
229 237 2
229 238 2
229 239 5
229 611 5
230 231 2
230 232 4
230 233 3
230 234 1
230 235 3
230 236 5
230 237 1
230 238 2
230 239 3
230 631 3
231 232 2
231 233 2
231 234 3
231 235 1
231 236 5
231 237 2
231 238 4
231 239 1
231 651 4
231 251 2
232 233 3
232 234 3
232 235 2
232 236 4
232 237 3
232 238 4
232 239 1
232 671 1
232 271 2
233 234 1
233 235 4
233 236 1
233 237 4
233 238 2
233 239 5
233 291 4
233 691 1
234 235 5
234 236 2
234 237 5
234 238 1
234 239 2
234 711 3
234 311 4
235 331 3
235 236 2
235 237 5
235 238 1
235 239 4
235 731 3
236 237 3
236 238 4
236 239 2
236 751 3
236 351 4
237 238 2
237 239 2
237 371 2
237 771 2
238 239 4
238 391 1
238 791 1
239 811 3
239 411 3
240 256 4
240 257 4
240 258 1
240 259 4
240 432 1
240 241 4
240 242 3
240 243 2
240 244 5
240 245 3
240 246 4
240 247 2
240 248 2
240 249 5
240 250 4
240 251 4
240 252 5
240 253 5
240 254 1
240 255 4
241 256 1
241 257 2
241 258 4
241 259 1
241 452 4
241 242 5
241 243 1
241 244 4
241 245 1
241 246 2
241 247 2
241 248 5
241 249 4
241 250 2
241 251 3
241 252 4
241 253 1
241 254 5
241 255 4
242 256 4
242 257 4
242 258 4
242 259 2
242 472 5
242 243 2
242 244 1
242 245 2
242 246 3
242 247 1
242 248 1
242 249 1
242 250 5
242 251 3
242 252 2
242 253 3
242 254 5
242 255 1
243 256 2
243 257 2
243 258 4
243 259 3
243 492 3
243 244 4
243 245 3
243 246 4
243 247 3
243 248 3
243 249 2
243 250 2
243 251 1
243 252 2
243 253 5
243 254 4
243 255 1
244 256 3
244 257 5
244 258 4
244 259 1
244 512 3
244 245 4
244 246 3
244 247 3
244 248 5
244 249 4
244 250 2
244 251 3
244 252 2
244 253 4
244 254 1
244 255 1
245 256 3
245 257 5
245 258 2
245 259 1
245 532 3
245 246 4
245 247 4
245 248 3
245 249 4
245 250 2
245 251 4
245 252 2
245 253 5
245 254 2
245 255 1
246 256 4
246 257 1
246 258 5
246 259 4
246 552 3
246 247 2
246 248 1
246 249 5
246 250 1
246 251 1
246 252 1
246 253 4
246 254 3
246 255 4
247 256 1
247 257 1
247 258 2
247 259 2
247 572 2
247 248 3
247 249 3
247 250 5
247 251 3
247 252 2
247 253 4
247 254 4
247 255 5
248 256 3
248 257 1
248 258 3
248 259 1
248 592 4
248 249 1
248 250 3
248 251 2
248 252 4
248 253 1
248 254 4
248 255 4
249 256 3
249 257 3
249 258 4
249 259 1
249 612 5
249 250 2
249 251 5
249 252 2
249 253 5
249 254 1
249 255 4
250 256 5
250 257 1
250 258 5
250 259 2
250 632 4
250 251 5
250 252 1
250 253 1
250 254 5
250 255 5
251 256 2
251 257 2
251 258 3
251 259 3
251 652 2
251 252 1
251 253 1
251 254 3
251 255 1
252 256 4
252 257 5
252 258 1
252 259 3
252 672 3
252 272 3
252 253 4
252 254 2
252 255 4
253 256 3
253 257 4
253 258 3
253 259 4
253 292 5
253 692 3
253 254 5
253 255 4
254 256 2
254 257 2
254 258 3
254 259 2
254 712 2
254 312 5
254 255 4
255 256 1
255 257 4
255 258 1
255 259 2
255 732 2
255 332 1
256 352 5
256 257 2
256 258 4
256 259 3
256 752 4
257 258 3
257 259 4
257 772 5
257 372 2
258 259 5
258 392 4
258 792 2
259 412 1
259 812 2
260 261 3
260 262 5
260 263 2
260 264 3
260 265 4
260 266 5
260 267 5
260 268 3
260 269 2
260 270 4
260 271 2
260 272 1
260 273 5
260 274 5
260 275 5
260 276 1
260 277 1
260 278 1
260 279 2
260 433 3
261 453 5
261 262 5
261 263 2
261 264 1
261 265 5
261 266 3
261 267 1
261 268 5
261 269 3
261 270 4
261 271 1
261 272 1
261 273 4
261 274 1
261 275 3
261 276 1
261 277 5
261 278 1
261 279 1
262 473 3
262 263 1
262 264 5
262 265 1
262 266 2
262 267 1
262 268 5
262 269 4
262 270 5
262 271 3
262 272 1
262 273 3
262 274 5
262 275 1
262 276 5
262 277 2
262 278 1
262 279 4
263 264 2
263 265 5
263 266 5
263 267 3
263 268 4
263 269 2
263 270 3
263 271 1
263 272 2
263 273 4
263 274 1
263 275 2
263 276 4
263 277 5
263 278 2
263 279 2
263 493 1
264 513 4
264 265 5
264 266 4
264 267 5
264 268 4
264 269 4
264 270 3
264 271 4
264 272 5
264 273 3
264 274 2
264 275 3
264 276 1
264 277 1
264 278 2
264 279 4
265 266 3
265 267 2
265 268 5
265 269 2
265 270 4
265 271 3
265 272 3
265 273 3
265 274 3
265 275 4
265 276 2
265 277 1
265 278 3
265 279 1
265 533 5
266 267 3
266 268 1
266 269 4
266 270 3
266 271 4
266 272 4
266 273 4
266 274 5
266 275 3
266 276 4
266 277 5
266 278 1
266 279 4
266 553 1
267 268 2
267 269 2
267 270 4
267 271 3
267 272 2
267 273 2
267 274 2
267 275 3
267 276 2
267 277 2
267 278 1
267 279 2
267 573 1
268 269 3
268 270 2
268 271 3
268 272 1
268 273 5
268 274 3
268 275 1
268 276 1
268 277 5
268 278 2
268 279 3
268 593 5
269 270 1
269 271 5
269 272 5
269 273 4
269 274 5
269 275 4
269 276 3
269 277 3
269 278 3
269 279 3
269 613 4
270 633 5
270 271 5
270 272 4
270 273 1
270 274 3
270 275 1
270 276 1
270 277 4
270 278 2
270 279 4
271 653 4
271 272 1
271 273 3
271 274 3
271 275 2
271 276 1
271 277 4
271 278 1
271 279 1
272 673 1
272 273 5
272 274 4
272 275 5
272 276 4
272 277 5
272 278 4
272 279 3
273 693 5
273 274 2
273 275 4
273 276 1
273 277 1
273 278 2
273 279 3
273 293 2
274 713 4
274 275 2
274 276 1
274 277 5
274 278 5
274 279 5
274 313 2
275 733 1
275 276 2
275 277 3
275 278 1
275 279 3
275 333 4
276 353 2
276 277 2
276 278 4
276 279 4
276 753 4
277 373 5
277 278 3
277 279 3
277 773 1
278 393 1
278 279 5
278 793 5
279 813 4
279 413 3
280 288 4
280 289 1
280 290 5
280 291 2
280 292 2
280 293 1
280 294 5
280 295 4
280 296 3
280 297 4
280 298 2
280 299 1
280 434 4
280 281 2
280 282 1
280 283 4
280 284 3
280 285 4
280 286 1
280 287 2
281 288 5
281 289 1
281 290 1
281 291 5
281 292 2
281 293 4
281 294 4
281 295 3
281 296 4
281 297 5
281 298 1
281 299 1
281 454 1
281 282 5
281 283 1
281 284 4
281 285 4
281 286 4
281 287 1
282 288 3
282 289 5
282 290 5
282 291 2
282 292 1
282 293 1
282 294 3
282 295 3
282 296 4
282 297 5
282 298 3
282 299 2
282 474 4
282 283 2
282 284 2
282 285 1
282 286 1
282 287 1
283 288 2
283 289 2
283 290 1
283 291 1
283 292 1
283 293 1
283 294 2
283 295 1
283 296 5
283 297 3
283 298 2
283 299 5
283 494 1
283 284 3
283 285 4
283 286 3
283 287 1
284 288 5
284 289 5
284 290 2
284 291 1
284 292 4
284 293 5
284 294 1
284 295 1
284 296 3
284 297 3
284 298 3
284 299 2
284 514 4
284 285 1
284 286 1
284 287 4
285 288 1
285 289 1
285 290 1
285 291 3
285 292 4
285 293 4
285 294 5
285 295 3
285 296 2
285 297 4
285 298 2
285 299 3
285 534 1
285 286 5
285 287 4
286 288 1
286 289 1
286 290 3
286 291 4
286 292 2
286 293 2
286 294 1
286 295 5
286 296 2
286 297 2
286 298 1
286 299 3
286 554 1
286 287 3
287 288 2
287 289 5
287 290 2
287 291 1
287 292 4
287 293 4
287 294 1
287 295 4
287 296 2
287 297 2
287 298 3
287 299 5
287 574 3
288 289 2
288 290 2
288 291 3
288 292 3
288 293 2
288 294 2
288 295 5
288 296 4
288 297 4
288 298 2
288 299 5
288 594 4
289 290 1
289 291 1
289 292 3
289 293 3
289 294 2
289 295 5
289 296 2
289 297 1
289 298 2
289 299 4
289 614 4
290 291 5
290 292 1
290 293 2
290 294 1
290 295 3
290 296 5
290 297 2
290 298 2
290 299 3
290 634 1
291 292 3
291 293 2
291 294 3
291 295 2
291 296 1
291 297 5
291 298 3
291 299 5
291 654 1
292 293 3
292 294 4
292 295 3
292 296 5
292 297 1
292 298 3
292 299 1
292 674 3
293 294 1
293 295 4
293 296 1
293 297 1
293 298 3
293 299 1
293 694 3
294 295 1
294 296 4
294 297 3
294 298 5
294 299 4
294 314 3
294 714 4
295 296 2
295 297 1
295 298 3
295 299 4
295 334 4
295 734 5
296 297 3
296 298 4
296 299 5
296 354 2
296 754 4
297 298 4
297 299 4
297 774 1
297 374 3
298 394 3
298 299 2
298 794 4
299 814 2
299 414 4
300 435 5
300 301 3
300 302 2
300 303 3
300 304 4
300 305 5
300 306 5
300 307 1
300 308 2
300 309 1
300 310 5
300 311 1
300 312 5
300 313 1
300 314 4
300 315 4
300 316 5
300 317 4
300 318 5
300 319 4
301 455 3
301 302 5
301 303 5
301 304 2
301 305 4
301 306 3
301 307 2
301 308 5
301 309 2
301 310 4
301 311 1
301 312 5
301 313 1
301 314 2
301 315 3
301 316 5
301 317 1
301 318 4
301 319 4
302 475 3
302 303 5
302 304 1
302 305 4
302 306 1
302 307 3
302 308 4
302 309 1
302 310 5
302 311 1
302 312 4
302 313 2
302 314 2
302 315 1
302 316 1
302 317 1
302 318 4
302 319 5
303 495 3
303 304 5
303 305 4
303 306 2
303 307 4
303 308 4
303 309 5
303 310 5
303 311 1
303 312 5
303 313 1
303 314 5
303 315 5
303 316 5
303 317 1
303 318 1
303 319 3
304 515 1
304 305 3
304 306 3
304 307 3
304 308 4
304 309 3
304 310 2
304 311 2
304 312 1
304 313 1
304 314 5
304 315 3
304 316 4
304 317 1
304 318 2
304 319 1
305 535 2
305 306 5
305 307 4
305 308 4
305 309 5
305 310 4
305 311 4
305 312 1
305 313 5
305 314 1
305 315 5
305 316 1
305 317 1
305 318 3
305 319 5
306 555 2
306 307 3
306 308 2
306 309 5
306 310 4
306 311 5
306 312 1
306 313 1
306 314 1
306 315 5
306 316 4
306 317 3
306 318 2
306 319 1
307 575 3
307 308 1
307 309 3
307 310 4
307 311 1
307 312 2
307 313 4
307 314 4
307 315 1
307 316 3
307 317 5
307 318 4
307 319 1
308 595 1
308 309 4
308 310 1
308 311 4
308 312 3
308 313 5
308 314 2
308 315 3
308 316 1
308 317 3
308 318 2
308 319 2
309 615 3
309 310 5
309 311 3
309 312 1
309 313 2
309 314 4
309 315 4
309 316 2
309 317 4
309 318 1
309 319 4
310 635 2
310 311 3
310 312 4
310 313 1
310 314 1
310 315 4
310 316 5
310 317 5
310 318 5
310 319 4
311 655 1
311 312 4
311 313 5
311 314 3
311 315 3
311 316 2
311 317 4
311 318 3
311 319 4
312 675 2
312 313 3
312 314 1
312 315 2
312 316 1
312 317 2
312 318 4
312 319 4
313 695 4
313 314 4
313 315 1
313 316 5
313 317 3
313 318 4
313 319 1
314 715 5
314 315 2
314 316 1
314 317 1
314 318 3
314 319 4
315 735 2
315 335 3
315 316 3
315 317 4
315 318 3
315 319 4
316 355 3
316 755 1
316 317 4
316 318 2
316 319 2
317 775 3
317 375 4
317 318 1
317 319 3
318 795 2
318 395 5
318 319 5
319 815 4
319 415 2
320 321 2
320 322 2
320 323 4
320 324 1
320 325 2
320 326 5
320 327 3
320 328 2
320 329 3
320 330 1
320 331 3
320 332 2
320 333 2
320 334 1
320 335 4
320 336 4
320 337 3
320 338 1
320 339 2
320 436 5
321 322 5
321 323 3
321 324 5
321 325 4
321 326 2
321 327 3
321 328 4
321 329 1
321 330 2
321 331 4
321 332 2
321 333 2
321 334 3
321 335 2
321 336 2
321 337 4
321 338 4
321 339 2
321 456 2
322 323 5
322 324 3
322 325 3
322 326 1
322 327 1
322 328 4
322 329 5
322 330 2
322 331 2
322 332 1
322 333 4
322 334 4
322 335 3
322 336 4
322 337 3
322 338 4
322 339 4
322 476 3
323 324 5
323 325 2
323 326 3
323 327 4
323 328 4
323 329 4
323 330 3
323 331 1
323 332 1
323 333 4
323 334 1
323 335 4
323 336 1
323 337 4
323 338 1
323 339 3
323 496 2
324 516 2
324 325 2
324 326 4
324 327 1
324 328 4
324 329 3
324 330 5
324 331 1
324 332 4
324 333 2
324 334 3
324 335 2
324 336 3
324 337 2
324 338 5
324 339 1
325 326 3
325 327 5
325 328 3
325 329 5
325 330 5
325 331 1
325 332 3
325 333 2
325 334 5
325 335 3
325 336 3
325 337 1
325 338 5
325 339 4
325 536 4
326 327 5
326 328 5
326 329 4
326 330 1
326 331 5
326 332 2
326 333 5
326 334 4
326 335 3
326 336 3
326 337 5
326 338 5
326 339 4
326 556 4
327 328 5
327 329 1
327 330 5
327 331 2
327 332 5
327 333 5
327 334 2
327 335 4
327 336 4
327 337 5
327 338 3
327 339 5
327 576 1
328 329 1
328 330 3
328 331 4
328 332 1
328 333 1
328 334 1
328 335 4
328 336 3
328 337 4
328 338 3
328 339 1
328 596 4
329 616 1
329 330 5
329 331 3
329 332 3
329 333 1
329 334 4
329 335 4
329 336 4
329 337 2
329 338 5
329 339 3
330 331 3
330 332 2
330 333 2
330 334 3
330 335 1
330 336 2
330 337 4
330 338 4
330 339 5
330 636 1
331 332 1
331 333 1
331 334 1
331 335 3
331 336 2
331 337 1
331 338 2
331 339 3
331 656 3
332 333 3
332 334 2
332 335 4
332 336 5
332 337 4
332 338 4
332 339 4
332 676 1
333 334 3
333 335 5
333 336 3
333 337 4
333 338 5
333 339 2
333 696 2
334 335 5
334 336 5
334 337 1
334 338 2
334 339 1
334 716 2
335 336 2
335 337 5
335 338 1
335 339 5
335 736 3
336 337 1
336 338 2
336 339 1
336 756 2
336 356 5
337 776 1
337 338 2
337 339 2
337 376 1
338 339 5
338 396 4
338 796 2
339 416 1
339 816 2
340 352 1
340 353 4
340 354 2
340 355 3
340 356 2
340 357 1
340 358 1
340 359 5
340 437 3
340 341 3
340 342 5
340 343 2
340 344 2
340 345 3
340 346 4
340 347 3
340 348 3
340 349 2
340 350 3
340 351 3
341 352 4
341 353 5
341 354 4
341 355 2
341 356 1
341 357 2
341 358 3
341 359 4
341 457 1
341 342 4
341 343 1
341 344 5
341 345 5
341 346 2
341 347 3
341 348 3
341 349 2
341 350 1
341 351 2
342 352 3
342 353 5
342 354 2
342 355 5
342 356 3
342 357 2
342 358 3
342 359 5
342 477 3
342 343 2
342 344 1
342 345 4
342 346 1
342 347 4
342 348 1
342 349 3
342 350 5
342 351 4
343 352 2
343 353 5
343 354 5
343 355 5
343 356 1
343 357 3
343 358 1
343 359 2
343 497 4
343 344 2
343 345 1
343 346 4
343 347 3
343 348 2
343 349 5
343 350 4
343 351 4
344 352 5
344 353 4
344 354 4
344 355 5
344 356 3
344 357 5
344 358 2
344 359 2
344 517 1
344 345 5
344 346 2
344 347 3
344 348 4
344 349 4
344 350 1
344 351 1
345 352 4
345 353 1
345 354 1
345 355 3
345 356 2
345 357 4
345 358 3
345 359 5
345 537 3
345 346 5
345 347 3
345 348 4
345 349 4
345 350 5
345 351 5
346 352 4
346 353 2
346 354 4
346 355 1
346 356 2
346 357 5
346 358 2
346 359 5
346 557 3
346 347 2
346 348 3
346 349 2
346 350 4
346 351 1
347 352 2
347 353 1
347 354 3
347 355 3
347 356 3
347 357 5
347 358 3
347 359 3
347 577 2
347 348 4
347 349 1
347 350 5
347 351 1
348 352 4
348 353 5
348 354 2
348 355 3
348 356 1
348 357 2
348 358 2
348 359 5
348 597 3
348 349 1
348 350 5
348 351 2
349 352 3
349 353 4
349 354 5
349 355 2
349 356 3
349 357 5
349 358 4
349 359 4
349 617 1
349 350 1
349 351 4
350 352 1
350 353 2
350 354 4
350 355 2
350 356 3
350 357 5
350 358 4
350 359 3
350 637 4
350 351 3
351 352 1
351 353 4
351 354 2
351 355 3
351 356 3
351 357 3
351 358 4
351 359 1
351 657 4
352 353 5
352 354 3
352 355 1
352 356 2
352 357 2
352 358 3
352 359 3
352 677 1
353 354 3
353 355 1
353 356 3
353 357 3
353 358 5
353 359 3
353 697 5
354 355 2
354 356 3
354 357 1
354 358 3
354 359 3
354 717 4
355 356 5
355 357 5
355 358 1
355 359 1
355 737 1
356 357 1
356 358 4
356 359 3
356 757 5
357 358 2
357 359 4
357 777 4
357 377 5
358 359 5
358 397 2
358 797 4
359 417 5
359 817 4
360 438 2
360 361 3
360 362 4
360 363 4
360 364 3
360 365 2
360 366 5
360 367 5
360 368 5
360 369 1
360 370 1
360 371 5
360 372 1
360 373 4
360 374 4
360 375 2
360 376 3
360 377 5
360 378 4
360 379 5
361 362 4
361 363 3
361 364 2
361 365 1
361 366 1
361 367 1
361 368 5
361 369 3
361 370 4
361 371 4
361 372 4
361 373 5
361 374 3
361 375 1
361 376 5
361 377 4
361 378 4
361 379 4
361 458 2
362 363 4
362 364 3
362 365 1
362 366 1
362 367 1
362 368 3
362 369 1
362 370 3
362 371 5
362 372 4
362 373 2
362 374 5
362 375 1
362 376 3
362 377 5
362 378 3
362 379 3
362 478 5
363 364 3
363 365 5
363 366 3
363 367 2
363 368 3
363 369 2
363 370 4
363 371 2
363 372 4
363 373 1
363 374 2
363 375 2
363 376 5
363 377 2
363 378 2
363 379 4
363 498 5
364 518 1
364 365 4
364 366 4
364 367 1
364 368 1
364 369 4
364 370 5
364 371 4
364 372 2
364 373 1
364 374 4
364 375 5
364 376 2
364 377 2
364 378 3
364 379 1
365 366 5
365 367 3
365 368 4
365 369 4
365 370 1
365 371 1
365 372 2
365 373 1
365 374 1
365 375 3
365 376 4
365 377 4
365 378 1
365 379 3
365 538 3
366 558 2
366 367 3
366 368 3
366 369 3
366 370 5
366 371 5
366 372 3
366 373 4
366 374 4
366 375 5
366 376 4
366 377 1
366 378 3
366 379 3
367 578 4
367 368 3
367 369 2
367 370 1
367 371 2
367 372 2
367 373 1
367 374 4
367 375 3
367 376 3
367 377 4
367 378 3
367 379 2
368 598 2
368 369 1
368 370 4
368 371 4
368 372 2
368 373 3
368 374 5
368 375 5
368 376 1
368 377 4
368 378 2
368 379 3
369 370 5
369 371 4
369 372 5
369 373 3
369 374 4
369 375 4
369 376 2
369 377 1
369 378 3
369 379 1
369 618 2
370 371 2
370 372 4
370 373 2
370 374 4
370 375 5
370 376 3
370 377 5
370 378 4
370 379 5
370 638 4
371 372 4
371 373 4
371 374 5
371 375 5
371 376 2
371 377 4
371 378 4
371 379 1
371 658 1
372 678 3
372 373 3
372 374 4
372 375 4
372 376 2
372 377 3
372 378 5
372 379 5
373 374 5
373 375 5
373 376 5
373 377 2
373 378 5
373 379 4
373 698 3
374 718 5
374 375 4
374 376 3
374 377 4
374 378 5
374 379 5
375 738 3
375 376 4
375 377 3
375 378 5
375 379 3
376 758 4
376 377 4
376 378 5
376 379 2
377 378 3
377 379 5
377 778 2
378 379 5
378 398 3
378 798 2
379 418 2
379 818 3
380 384 2
380 385 5
380 386 1
380 387 4
380 388 1
380 389 3
380 390 3
380 391 3
380 392 1
380 393 4
380 394 4
380 395 3
380 396 1
380 397 1
380 398 2
380 399 4
380 439 2
380 381 5
380 382 1
380 383 3
381 384 2
381 385 3
381 386 3
381 387 4
381 388 3
381 389 2
381 390 4
381 391 1
381 392 4
381 393 1
381 394 5
381 395 5
381 396 5
381 397 1
381 398 1
381 399 4
381 459 1
381 382 2
381 383 5
382 384 2
382 385 5
382 386 4
382 387 5
382 388 5
382 389 3
382 390 4
382 391 3
382 392 3
382 393 5
382 394 4
382 395 5
382 396 5
382 397 1
382 398 3
382 399 5
382 479 3
382 383 1
383 384 3
383 385 3
383 386 2
383 387 1
383 388 5
383 389 1
383 390 2
383 391 3
383 392 2
383 393 4
383 394 3
383 395 2
383 396 4
383 397 5
383 398 5
383 399 3
383 499 4
384 385 3
384 386 4
384 387 5
384 388 4
384 389 3
384 390 1
384 391 1
384 392 5
384 393 3
384 394 1
384 395 5
384 396 2
384 397 5
384 398 1
384 399 4
384 519 4
385 386 1
385 387 2
385 388 3
385 389 5
385 390 1
385 391 2
385 392 3
385 393 1
385 394 4
385 395 2
385 396 3
385 397 1
385 398 3
385 399 4
385 539 1
386 387 2
386 388 5
386 389 4
386 390 4
386 391 2
386 392 2
386 393 4
386 394 1
386 395 3
386 396 5
386 397 3
386 398 2
386 399 5
386 559 3
387 579 1
387 388 2
387 389 5
387 390 2
387 391 2
387 392 2
387 393 5
387 394 4
387 395 1
387 396 5
387 397 3
387 398 2
387 399 5
388 389 3
388 390 4
388 391 5
388 392 1
388 393 2
388 394 5
388 395 1
388 396 4
388 397 5
388 398 3
388 399 2
388 599 1
389 390 5
389 391 2
389 392 2
389 393 4
389 394 3
389 395 4
389 396 4
389 397 3
389 398 4
389 399 1
389 619 2
390 391 5
390 392 3
390 393 3
390 394 2
390 395 5
390 396 5
390 397 3
390 398 1
390 399 2
390 639 2
391 392 3
391 393 1
391 394 5
391 395 2
391 396 3
391 397 3
391 398 3
391 399 5
391 659 3
392 393 1
392 394 1
392 395 1
392 396 2
392 397 5
392 398 1
392 399 3
392 679 1
393 394 2
393 395 5
393 396 3
393 397 1
393 398 2
393 399 5
393 699 5
394 395 2
394 396 4
394 397 2
394 398 2
394 399 1
394 719 3
395 396 3
395 397 2
395 398 1
395 399 2
395 739 2
396 397 1
396 398 3
396 399 4
396 759 5
397 398 2
397 399 3
397 779 3
398 399 1
398 799 2
399 419 3
399 819 3
400 416 1
400 417 4
400 418 1
400 419 1
400 420 3
400 401 4
400 402 4
400 403 2
400 404 1
400 405 5
400 406 5
400 407 5
400 408 2
400 409 5
400 410 5
400 411 4
400 412 2
400 413 3
400 414 3
400 415 4
401 416 2
401 417 1
401 418 2
401 419 4
401 440 2
401 402 2
401 403 1
401 404 3
401 405 4
401 406 3
401 407 1
401 408 2
401 409 4
401 410 5
401 411 1
401 412 5
401 413 4
401 414 1
401 415 4
402 416 4
402 417 5
402 418 5
402 419 5
402 460 4
402 403 4
402 404 3
402 405 4
402 406 5
402 407 5
402 408 3
402 409 3
402 410 3
402 411 5
402 412 3
402 413 1
402 414 3
402 415 4
403 416 4
403 417 3
403 418 5
403 419 4
403 480 5
403 404 4
403 405 1
403 406 5
403 407 4
403 408 3
403 409 5
403 410 1
403 411 3
403 412 1
403 413 2
403 414 1
403 415 1
404 416 1
404 417 1
404 418 3
404 419 3
404 500 2
404 405 5
404 406 4
404 407 1
404 408 1
404 409 3
404 410 3
404 411 2
404 412 4
404 413 2
404 414 2
404 415 5
405 416 1
405 417 2
405 418 5
405 419 1
405 520 2
405 406 3
405 407 1
405 408 3
405 409 4
405 410 3
405 411 5
405 412 5
405 413 3
405 414 4
405 415 3
406 416 2
406 417 1
406 418 3
406 419 5
406 540 3
406 407 3
406 408 3
406 409 2
406 410 5
406 411 2
406 412 1
406 413 3
406 414 3
406 415 5
407 416 2
407 417 2
407 418 3
407 419 2
407 560 2
407 408 3
407 409 3
407 410 5
407 411 2
407 412 3
407 413 4
407 414 1
407 415 4
408 416 2
408 417 1
408 418 5
408 419 3
408 580 3
408 409 1
408 410 4
408 411 3
408 412 2
408 413 3
408 414 4
408 415 1
409 416 4
409 417 4
409 418 5
409 419 1
409 600 5
409 410 4
409 411 2
409 412 2
409 413 3
409 414 4
409 415 1
410 416 4
410 417 5
410 418 2
410 419 5
410 620 5
410 411 1
410 412 4
410 413 3
410 414 2
410 415 1
411 416 3
411 417 3
411 418 2
411 419 4
411 640 3
411 412 2
411 413 3
411 414 5
411 415 1
412 416 3
412 417 2
412 418 3
412 419 5
412 660 3
412 413 5
412 414 5
412 415 5
413 416 3
413 417 5
413 418 1
413 419 1
413 680 4
413 414 4
413 415 1
414 416 5
414 417 4
414 418 4
414 419 3
414 700 5
414 415 5
415 416 4
415 417 2
415 418 1
415 419 3
415 720 4
416 417 5
416 418 3
416 419 4
416 740 1
417 418 1
417 419 1
417 760 4
418 419 1
418 780 3
419 800 2
420 421 4
420 422 2
420 423 4
420 424 1
420 425 2
420 426 3
420 427 1
420 428 2
420 429 5
420 430 1
420 431 3
420 432 5
420 433 3
420 434 4
420 435 5
420 436 5
420 437 4
420 438 4
420 439 5
421 441 3
421 422 2
421 423 3
421 424 1
421 425 3
421 426 3
421 427 1
421 428 4
421 429 3
421 430 4
421 431 2
421 432 2
421 433 2
421 434 2
421 435 4
421 436 4
421 437 5
421 438 4
421 439 2
422 461 2
422 423 1
422 424 5
422 425 4
422 426 3
422 427 3
422 428 3
422 429 3
422 430 2
422 431 2
422 432 2
422 433 5
422 434 1
422 435 3
422 436 2
422 437 4
422 438 2
422 439 3
423 481 5
423 424 3
423 425 5
423 426 1
423 427 3
423 428 5
423 429 2
423 430 5
423 431 1
423 432 5
423 433 4
423 434 5
423 435 3
423 436 4
423 437 5
423 438 2
423 439 5
424 425 4
424 426 2
424 427 5
424 428 2
424 429 3
424 430 5
424 431 2
424 432 3
424 433 2
424 434 2
424 435 1
424 436 2
424 437 3
424 438 5
424 439 4
424 501 2
425 521 2
425 426 2
425 427 5
425 428 2
425 429 3
425 430 4
425 431 2
425 432 5
425 433 4
425 434 5
425 435 2
425 436 2
425 437 4
425 438 2
425 439 4
426 427 5
426 428 3
426 429 3
426 430 1
426 431 2
426 432 1
426 433 5
426 434 5
426 435 3
426 436 1
426 437 2
426 438 5
426 439 5
426 541 4
427 561 1
427 428 3
427 429 2
427 430 1
427 431 2
427 432 1
427 433 3
427 434 5
427 435 1
427 436 3
427 437 4
427 438 2
427 439 4
428 429 1
428 430 3
428 431 2
428 432 3
428 433 1
428 434 4
428 435 5
428 436 4
428 437 1
428 438 3
428 439 5
428 581 2
429 430 4
429 431 1
429 432 5
429 433 1
429 434 3
429 435 5
429 436 5
429 437 2
429 438 1
429 439 5
429 601 3
430 431 4
430 432 1
430 433 5
430 434 3
430 435 5
430 436 3
430 437 4
430 438 2
430 439 4
430 621 3
431 641 5
431 432 4
431 433 5
431 434 5
431 435 1
431 436 5
431 437 3
431 438 4
431 439 3
432 433 5
432 434 2
432 435 3
432 436 5
432 437 4
432 438 1
432 439 1
432 661 5
433 681 2
433 434 1
433 435 5
433 436 4
433 437 2
433 438 4
433 439 1
434 435 2
434 436 3
434 437 2
434 438 1
434 439 4
434 701 1
435 721 1
435 436 5
435 437 5
435 438 2
435 439 1
436 437 4
436 438 3
436 439 4
436 741 5
437 438 3
437 439 1
437 761 2
438 781 1
438 439 1
439 801 4
440 448 3
440 449 1
440 450 2
440 451 4
440 452 2
440 453 5
440 454 3
440 455 5
440 456 2
440 457 3
440 458 4
440 459 2
440 441 4
440 442 5
440 443 1
440 444 5
440 445 4
440 446 5
440 447 2
441 448 1
441 449 3
441 450 5
441 451 2
441 452 5
441 453 5
441 454 3
441 455 2
441 456 2
441 457 2
441 458 3
441 459 1
441 442 1
441 443 5
441 444 3
441 445 5
441 446 4
441 447 3
442 448 4
442 449 2
442 450 3
442 451 4
442 452 2
442 453 1
442 454 4
442 455 4
442 456 1
442 457 1
442 458 2
442 459 4
442 462 2
442 443 4
442 444 3
442 445 1
442 446 5
442 447 4
443 448 3
443 449 4
443 450 1
443 451 2
443 452 5
443 453 3
443 454 2
443 455 1
443 456 2
443 457 3
443 458 5
443 459 4
443 482 2
443 444 4
443 445 4
443 446 4
443 447 2
444 448 3
444 449 3
444 450 3
444 451 4
444 452 4
444 453 5
444 454 2
444 455 1
444 456 4
444 457 2
444 458 1
444 459 2
444 502 5
444 445 5
444 446 3
444 447 2
445 448 4
445 449 3
445 450 1
445 451 2
445 452 2
445 453 1
445 454 2
445 455 4
445 456 1
445 457 1
445 458 1
445 459 1
445 522 1
445 446 5
445 447 2
446 448 3
446 449 4
446 450 2
446 451 5
446 452 5
446 453 1
446 454 4
446 455 1
446 456 2
446 457 4
446 458 5
446 459 3
446 542 2
446 447 2
447 448 2
447 449 5
447 450 4
447 451 2
447 452 3
447 453 2
447 454 1
447 455 3
447 456 4
447 457 1
447 458 1
447 459 5
447 562 4
448 449 4
448 450 4
448 451 1
448 452 3
448 453 5
448 454 2
448 455 4
448 456 5
448 457 2
448 458 4
448 459 2
448 582 3
449 450 3
449 451 1
449 452 4
449 453 1
449 454 1
449 455 1
449 456 4
449 457 1
449 458 3
449 459 1
449 602 3
450 451 1
450 452 2
450 453 4
450 454 1
450 455 3
450 456 1
450 457 2
450 458 2
450 459 2
450 622 2
451 452 4
451 453 3
451 454 2
451 455 2
451 456 3
451 457 3
451 458 3
451 459 2
451 642 4
452 453 4
452 454 4
452 455 4
452 456 5
452 457 5
452 458 3
452 459 1
452 662 2
453 454 3
453 455 3
453 456 5
453 457 5
453 458 2
453 459 5
453 682 5
454 455 1
454 456 1
454 457 5
454 458 3
454 459 3
454 702 3
455 456 1
455 457 2
455 458 2
455 459 4
455 722 5
456 457 1
456 458 1
456 459 1
456 742 5
457 762 5
457 458 2
457 459 5
458 459 5
458 782 1
459 802 2
460 461 5
460 462 4
460 463 4
460 464 1
460 465 4
460 466 5
460 467 4
460 468 1
460 469 2
460 470 5
460 471 3
460 472 4
460 473 5
460 474 2
460 475 5
460 476 4
460 477 4
460 478 3
460 479 3
461 462 4
461 463 1
461 464 1
461 465 1
461 466 1
461 467 2
461 468 2
461 469 1
461 470 5
461 471 1
461 472 4
461 473 1
461 474 5
461 475 5
461 476 4
461 477 2
461 478 5
461 479 3
462 463 2
462 464 2
462 465 4
462 466 4
462 467 2
462 468 4
462 469 3
462 470 3
462 471 5
462 472 4
462 473 5
462 474 5
462 475 3
462 476 5
462 477 5
462 478 5
462 479 3
463 483 4
463 464 2
463 465 2
463 466 4
463 467 1
463 468 5
463 469 1
463 470 2
463 471 1
463 472 3
463 473 1
463 474 2
463 475 4
463 476 4
463 477 1
463 478 4
463 479 1
464 503 1
464 465 3
464 466 5
464 467 3
464 468 1
464 469 2
464 470 5
464 471 4
464 472 1
464 473 3
464 474 4
464 475 1
464 476 3
464 477 5
464 478 1
464 479 1
465 523 1
465 466 5
465 467 4
465 468 3
465 469 5
465 470 1
465 471 2
465 472 1
465 473 1
465 474 5
465 475 5
465 476 2
465 477 1
465 478 4
465 479 1
466 543 4
466 467 3
466 468 5
466 469 2
466 470 3
466 471 3
466 472 4
466 473 2
466 474 1
466 475 1
466 476 1
466 477 3
466 478 1
466 479 4
467 563 1
467 468 2
467 469 5
467 470 4
467 471 1
467 472 1
467 473 5
467 474 3
467 475 2
467 476 1
467 477 5
467 478 3
467 479 2
468 583 1
468 469 3
468 470 1
468 471 2
468 472 1
468 473 4
468 474 4
468 475 3
468 476 2
468 477 3
468 478 4
468 479 1
469 603 1
469 470 4
469 471 1
469 472 4
469 473 5
469 474 1
469 475 5
469 476 3
469 477 5
469 478 4
469 479 4
470 623 5
470 471 4
470 472 5
470 473 2
470 474 3
470 475 5
470 476 3
470 477 1
470 478 2
470 479 2
471 643 5
471 472 4
471 473 1
471 474 4
471 475 2
471 476 5
471 477 2
471 478 5
471 479 4
472 663 3
472 473 1
472 474 4
472 475 4
472 476 3
472 477 2
472 478 3
472 479 5
473 683 5
473 474 4
473 475 5
473 476 3
473 477 3
473 478 2
473 479 5
474 703 1
474 475 3
474 476 1
474 477 1
474 478 2
474 479 5
475 723 5
475 476 5
475 477 2
475 478 2
475 479 3
476 743 5
476 477 5
476 478 1
476 479 3
477 763 5
477 478 4
477 479 1
478 783 5
478 479 3
479 803 4
480 481 3
480 482 1
480 483 3
480 484 5
480 485 3
480 486 2
480 487 4
480 488 3
480 489 2
480 490 2
480 491 5
480 492 5
480 493 5
480 494 1
480 495 1
480 496 5
480 497 1
480 498 3
480 499 5
481 482 2
481 483 3
481 484 3
481 485 1
481 486 3
481 487 3
481 488 4
481 489 4
481 490 4
481 491 4
481 492 2
481 493 5
481 494 4
481 495 5
481 496 5
481 497 1
481 498 3
481 499 3
482 483 1
482 484 3
482 485 5
482 486 5
482 487 1
482 488 4
482 489 1
482 490 3
482 491 2
482 492 2
482 493 5
482 494 4
482 495 4
482 496 2
482 497 5
482 498 5
482 499 4
483 484 3
483 485 3
483 486 3
483 487 4
483 488 1
483 489 4
483 490 4
483 491 2
483 492 1
483 493 2
483 494 1
483 495 5
483 496 4
483 497 4
483 498 3
483 499 1
484 485 1
484 486 4
484 487 4
484 488 5
484 489 3
484 490 2
484 491 5
484 492 5
484 493 2
484 494 4
484 495 5
484 496 1
484 497 2
484 498 3
484 499 5
484 504 5
485 486 2
485 487 3
485 488 1
485 489 1
485 490 1
485 491 4
485 492 3
485 493 5
485 494 2
485 495 4
485 496 4
485 497 1
485 498 5
485 499 5
485 524 2
486 487 5
486 488 4
486 489 3
486 490 2
486 491 5
486 492 4
486 493 1
486 494 4
486 495 1
486 496 4
486 497 1
486 498 4
486 499 2
486 544 3
487 488 1
487 489 4
487 490 4
487 491 3
487 492 3
487 493 4
487 494 1
487 495 1
487 496 1
487 497 5
487 498 2
487 499 1
487 564 5
488 584 3
488 489 4
488 490 2
488 491 3
488 492 1
488 493 5
488 494 4
488 495 4
488 496 1
488 497 2
488 498 3
488 499 5
489 490 4
489 491 4
489 492 5
489 493 2
489 494 2
489 495 3
489 496 3
489 497 3
489 498 5
489 499 2
489 604 2
490 491 3
490 492 1
490 493 2
490 494 1
490 495 3
490 496 4
490 497 3
490 498 1
490 499 3
490 624 3
491 492 4
491 493 5
491 494 3
491 495 2
491 496 2
491 497 4
491 498 1
491 499 2
491 644 5
492 493 1
492 494 3
492 495 2
492 496 4
492 497 4
492 498 3
492 499 1
492 664 2
493 494 2
493 495 1
493 496 2
493 497 2
493 498 2
493 499 3
493 684 3
494 495 3
494 496 2
494 497 5
494 498 3
494 499 4
494 704 4
495 496 3
495 497 4
495 498 4
495 499 5
495 724 5
496 497 3
496 498 2
496 499 2
496 744 2
497 498 4
497 499 4
497 764 1
498 499 4
498 784 2
499 804 4
500 512 2
500 513 3
500 514 1
500 515 3
500 516 3
500 517 2
500 518 4
500 519 3
500 501 1
500 502 5
500 503 4
500 504 5
500 505 2
500 506 2
500 507 3
500 508 5
500 509 2
500 510 1
500 511 5
501 512 4
501 513 4
501 514 4
501 515 2
501 516 4
501 517 1
501 518 2
501 519 3
501 502 2
501 503 5
501 504 1
501 505 2
501 506 1
501 507 3
501 508 5
501 509 3
501 510 2
501 511 5
502 512 4
502 513 2
502 514 4
502 515 2
502 516 5
502 517 1
502 518 2
502 519 1
502 503 3
502 504 3
502 505 5
502 506 2
502 507 2
502 508 3
502 509 3
502 510 1
502 511 2
503 512 4
503 513 5
503 514 4
503 515 2
503 516 2
503 517 1
503 518 4
503 519 3
503 504 4
503 505 4
503 506 5
503 507 5
503 508 2
503 509 5
503 510 1
503 511 3
504 512 5
504 513 2
504 514 5
504 515 3
504 516 3
504 517 2
504 518 5
504 519 1
504 505 5
504 506 2
504 507 4
504 508 2
504 509 1
504 510 2
504 511 5
505 512 2
505 513 2
505 514 1
505 515 3
505 516 1
505 517 1
505 518 4
505 519 1
505 525 3
505 506 1
505 507 4
505 508 2
505 509 2
505 510 4
505 511 3
506 512 2
506 513 4
506 514 3
506 515 2
506 516 4
506 517 3
506 518 2
506 519 2
506 545 1
506 507 3
506 508 3
506 509 4
506 510 4
506 511 5
507 512 5
507 513 1
507 514 1
507 515 1
507 516 2
507 517 1
507 518 1
507 519 5
507 565 5
507 508 2
507 509 1
507 510 4
507 511 2
508 512 2
508 513 5
508 514 4
508 515 3
508 516 2
508 517 1
508 518 3
508 519 4
508 585 4
508 509 5
508 510 3
508 511 5
509 512 4
509 513 4
509 514 2
509 515 4
509 516 1
509 517 5
509 518 4
509 519 4
509 605 2
509 510 5
509 511 3
510 512 4
510 513 3
510 514 1
510 515 4
510 516 5
510 517 4
510 518 5
510 519 4
510 625 3
510 511 5
511 512 3
511 513 5
511 514 5
511 515 2
511 516 3
511 517 5
511 518 4
511 519 2
511 645 3
512 513 3
512 514 5
512 515 2
512 516 5
512 517 5
512 518 1
512 519 2
512 665 5
513 514 2
513 515 1
513 516 1
513 517 4
513 518 4
513 519 3
513 685 2
514 515 5
514 516 2
514 517 1
514 518 1
514 519 3
514 705 3
515 516 5
515 517 2
515 518 5
515 519 5
515 725 5
516 517 3
516 518 5
516 519 1
516 745 5
517 518 4
517 519 5
517 765 2
518 519 5
518 785 3
519 805 4
520 521 4
520 522 2
520 523 4
520 524 1
520 525 2
520 526 5
520 527 5
520 528 2
520 529 3
520 530 4
520 531 1
520 532 3
520 533 5
520 534 5
520 535 4
520 536 4
520 537 1
520 538 4
520 539 2
521 522 5
521 523 4
521 524 2
521 525 2
521 526 2
521 527 1
521 528 1
521 529 4
521 530 1
521 531 3
521 532 4
521 533 4
521 534 1
521 535 5
521 536 5
521 537 4
521 538 5
521 539 2
522 523 3
522 524 5
522 525 5
522 526 3
522 527 3
522 528 4
522 529 4
522 530 1
522 531 2
522 532 1
522 533 2
522 534 2
522 535 2
522 536 4
522 537 5
522 538 2
522 539 4
523 524 1
523 525 3
523 526 4
523 527 2
523 528 4
523 529 5
523 530 1
523 531 2
523 532 5
523 533 5
523 534 5
523 535 5
523 536 4
523 537 3
523 538 3
523 539 3
524 525 2
524 526 5
524 527 2
524 528 1
524 529 4
524 530 4
524 531 1
524 532 1
524 533 5
524 534 4
524 535 1
524 536 1
524 537 1
524 538 5
524 539 1
525 526 3
525 527 1
525 528 3
525 529 4
525 530 5
525 531 1
525 532 2
525 533 2
525 534 2
525 535 1
525 536 4
525 537 2
525 538 3
525 539 5
526 546 1
526 527 2
526 528 4
526 529 5
526 530 3
526 531 1
526 532 5
526 533 4
526 534 1
526 535 2
526 536 5
526 537 1
526 538 2
526 539 3
527 566 5
527 528 1
527 529 5
527 530 4
527 531 3
527 532 4
527 533 5
527 534 4
527 535 4
527 536 2
527 537 3
527 538 1
527 539 5
528 529 2
528 530 3
528 531 1
528 532 2
528 533 1
528 534 1
528 535 1
528 536 3
528 537 3
528 538 3
528 539 4
528 586 2
529 530 4
529 531 4
529 532 2
529 533 3
529 534 2
529 535 3
529 536 1
529 537 5
529 538 5
529 539 1
529 606 4
530 626 4
530 531 5
530 532 5
530 533 1
530 534 4
530 535 3
530 536 2
530 537 5
530 538 3
530 539 2
531 646 3
531 532 2
531 533 2
531 534 1
531 535 1
531 536 2
531 537 5
531 538 2
531 539 3
532 533 4
532 534 4
532 535 1
532 536 5
532 537 4
532 538 1
532 539 1
532 666 2
533 686 5
533 534 4
533 535 4
533 536 1
533 537 5
533 538 5
533 539 1
534 706 4
534 535 1
534 536 5
534 537 3
534 538 4
534 539 3
535 726 2
535 536 4
535 537 4
535 538 3
535 539 5
536 537 4
536 538 1
536 539 2
536 746 1
537 538 1
537 539 4
537 766 5
538 786 4
538 539 5
539 806 4
540 544 5
540 545 5
540 546 5
540 547 3
540 548 4
540 549 1
540 550 4
540 551 5
540 552 4
540 553 4
540 554 2
540 555 1
540 556 5
540 557 2
540 558 3
540 559 4
540 541 5
540 542 3
540 543 5
541 544 1
541 545 5
541 546 5
541 547 5
541 548 2
541 549 1
541 550 5
541 551 3
541 552 1
541 553 3
541 554 2
541 555 5
541 556 1
541 557 1
541 558 2
541 559 3
541 542 5
541 543 2
542 544 2
542 545 5
542 546 4
542 547 5
542 548 3
542 549 1
542 550 4
542 551 2
542 552 4
542 553 2
542 554 1
542 555 2
542 556 2
542 557 3
542 558 1
542 559 3
542 543 2
543 544 1
543 545 1
543 546 4
543 547 3
543 548 4
543 549 3
543 550 3
543 551 1
543 552 4
543 553 2
543 554 3
543 555 3
543 556 5
543 557 2
543 558 1
543 559 2
544 545 1
544 546 1
544 547 5
544 548 4
544 549 5
544 550 1
544 551 5
544 552 5
544 553 1
544 554 5
544 555 4
544 556 3
544 557 2
544 558 5
544 559 4
545 546 2
545 547 3
545 548 4
545 549 3
545 550 2
545 551 4
545 552 4
545 553 1
545 554 3
545 555 1
545 556 2
545 557 5
545 558 1
545 559 2
546 547 4
546 548 2
546 549 5
546 550 2
546 551 4
546 552 3
546 553 2
546 554 5
546 555 1
546 556 5
546 557 1
546 558 4
546 559 2
547 548 5
547 549 5
547 550 2
547 551 1
547 552 1
547 553 3
547 554 3
547 555 2
547 556 2
547 557 2
547 558 3
547 559 1
547 567 3
548 549 1
548 550 5
548 551 4
548 552 5
548 553 1
548 554 1
548 555 4
548 556 3
548 557 2
548 558 3
548 559 3
548 587 5
549 550 5
549 551 4
549 552 4
549 553 4
549 554 2
549 555 4
549 556 2
549 557 5
549 558 1
549 559 1
549 607 1
550 551 5
550 552 1
550 553 2
550 554 2
550 555 4
550 556 3
550 557 2
550 558 1
550 559 3
550 627 2
551 552 2
551 553 1
551 554 1
551 555 1
551 556 4
551 557 3
551 558 1
551 559 4
551 647 4
552 553 3
552 554 4
552 555 1
552 556 5
552 557 5
552 558 4
552 559 1
552 667 3
553 554 3
553 555 5
553 556 4
553 557 5
553 558 3
553 559 5
553 687 3
554 555 3
554 556 5
554 557 1
554 558 2
554 559 3
554 707 2
555 556 3
555 557 2
555 558 5
555 559 2
555 727 4
556 557 5
556 558 3
556 559 4
556 747 5
557 558 2
557 559 5
557 767 3
558 559 4
558 787 5
559 807 4
560 576 1
560 577 5
560 578 3
560 579 5
560 561 4
560 562 1
560 563 3
560 564 1
560 565 2
560 566 3
560 567 2
560 568 4
560 569 4
560 570 3
560 571 5
560 572 3
560 573 3
560 574 2
560 575 4
561 576 4
561 577 4
561 578 4
561 579 2
561 562 5
561 563 4
561 564 5
561 565 1
561 566 3
561 567 1
561 568 2
561 569 4
561 570 3
561 571 2
561 572 5
561 573 1
561 574 3
561 575 2
562 576 2
562 577 4
562 578 5
562 579 1
562 563 4
562 564 5
562 565 1
562 566 2
562 567 3
562 568 3
562 569 1
562 570 4
562 571 4
562 572 1
562 573 1
562 574 2
562 575 4
563 576 1
563 577 4
563 578 2
563 579 3
563 564 3
563 565 1
563 566 5
563 567 5
563 568 5
563 569 3
563 570 4
563 571 1
563 572 4
563 573 4
563 574 4
563 575 3
564 576 5
564 577 5
564 578 3
564 579 3
564 565 5
564 566 3
564 567 5
564 568 5
564 569 1
564 570 5
564 571 4
564 572 5
564 573 3
564 574 1
564 575 5
565 576 5
565 577 4
565 578 1
565 579 5
565 566 5
565 567 3
565 568 5
565 569 5
565 570 4
565 571 5
565 572 5
565 573 1
565 574 3
565 575 3
566 576 2
566 577 5
566 578 1
566 579 1
566 567 2
566 568 3
566 569 1
566 570 2
566 571 1
566 572 2
566 573 3
566 574 4
566 575 3
567 576 3
567 577 2
567 578 2
567 579 4
567 568 4
567 569 2
567 570 4
567 571 5
567 572 3
567 573 2
567 574 5
567 575 4
568 576 1
568 577 4
568 578 2
568 579 1
568 588 5
568 569 5
568 570 3
568 571 1
568 572 3
568 573 1
568 574 5
568 575 3
569 576 2
569 577 3
569 578 5
569 579 3
569 608 3
569 570 5
569 571 2
569 572 3
569 573 1
569 574 2
569 575 4
570 576 4
570 577 4
570 578 5
570 579 2
570 628 1
570 571 5
570 572 5
570 573 5
570 574 5
570 575 5
571 576 2
571 577 4
571 578 3
571 579 5
571 648 3
571 572 4
571 573 4
571 574 1
571 575 4
572 576 1
572 577 2
572 578 5
572 579 4
572 668 5
572 573 5
572 574 1
572 575 4
573 576 1
573 577 2
573 578 2
573 579 1
573 688 2
573 574 1
573 575 3
574 576 5
574 577 4
574 578 1
574 579 1
574 708 1
574 575 4
575 576 2
575 577 4
575 578 4
575 579 4
575 728 5
576 577 5
576 578 4
576 579 1
576 748 4
577 768 4
577 578 4
577 579 4
578 579 4
578 788 5
579 808 1
580 581 2
580 582 4
580 583 1
580 584 5
580 585 1
580 586 2
580 587 3
580 588 4
580 589 4
580 590 5
580 591 2
580 592 3
580 593 5
580 594 5
580 595 1
580 596 4
580 597 4
580 598 1
580 599 4
581 582 1
581 583 3
581 584 2
581 585 2
581 586 3
581 587 2
581 588 4
581 589 3
581 590 2
581 591 3
581 592 5
581 593 4
581 594 2
581 595 3
581 596 3
581 597 1
581 598 3
581 599 5
582 583 5
582 584 5
582 585 5
582 586 3
582 587 1
582 588 5
582 589 1
582 590 4
582 591 2
582 592 4
582 593 2
582 594 3
582 595 3
582 596 3
582 597 2
582 598 4
582 599 2
583 584 2
583 585 3
583 586 1
583 587 5
583 588 4
583 589 1
583 590 4
583 591 5
583 592 2
583 593 1
583 594 4
583 595 3
583 596 3
583 597 4
583 598 3
583 599 2
584 585 3
584 586 5
584 587 5
584 588 2
584 589 4
584 590 3
584 591 4
584 592 3
584 593 3
584 594 5
584 595 2
584 596 3
584 597 2
584 598 2
584 599 5
585 586 5
585 587 4
585 588 5
585 589 3
585 590 3
585 591 4
585 592 2
585 593 1
585 594 4
585 595 2
585 596 4
585 597 5
585 598 4
585 599 5
586 587 1
586 588 1
586 589 5
586 590 1
586 591 5
586 592 2
586 593 4
586 594 3
586 595 2
586 596 3
586 597 1
586 598 3
586 599 3
587 588 3
587 589 4
587 590 4
587 591 3
587 592 3
587 593 5
587 594 4
587 595 3
587 596 3
587 597 2
587 598 4
587 599 5
588 589 3
588 590 3
588 591 3
588 592 2
588 593 3
588 594 1
588 595 3
588 596 4
588 597 2
588 598 4
588 599 3
589 609 3
589 590 4
589 591 2
589 592 3
589 593 5
589 594 3
589 595 5
589 596 4
589 597 2
589 598 5
589 599 1
590 591 3
590 592 4
590 593 4
590 594 3
590 595 1
590 596 2
590 597 1
590 598 1
590 599 4
590 629 2
591 649 3
591 592 3
591 593 4
591 594 2
591 595 4
591 596 2
591 597 1
591 598 5
591 599 2
592 593 4
592 594 3
592 595 3
592 596 5
592 597 5
592 598 3
592 599 2
592 669 1
593 689 2
593 594 2
593 595 4
593 596 4
593 597 4
593 598 3
593 599 4
594 595 4
594 596 2
594 597 5
594 598 1
594 599 3
594 709 3
595 729 2
595 596 5
595 597 3
595 598 2
595 599 3
596 749 3
596 597 2
596 598 4
596 599 4
597 769 4
597 598 5
597 599 3
598 599 4
598 789 3
599 809 4
600 608 2
600 609 2
600 610 4
600 611 4
600 612 1
600 613 2
600 614 3
600 615 2
600 616 4
600 617 1
600 618 3
600 619 1
600 601 2
600 602 2
600 603 3
600 604 4
600 605 4
600 606 1
600 607 3
601 608 2
601 609 3
601 610 4
601 611 4
601 612 1
601 613 5
601 614 1
601 615 2
601 616 2
601 617 2
601 618 2
601 619 1
601 602 3
601 603 2
601 604 4
601 605 5
601 606 4
601 607 3
602 608 5
602 609 1
602 610 3
602 611 4
602 612 3
602 613 5
602 614 5
602 615 2
602 616 2
602 617 3
602 618 1
602 619 4
602 603 1
602 604 5
602 605 2
602 606 4
602 607 2
603 608 2
603 609 4
603 610 4
603 611 2
603 612 2
603 613 5
603 614 3
603 615 4
603 616 5
603 617 5
603 618 2
603 619 1
603 604 1
603 605 2
603 606 4
603 607 5
604 608 5
604 609 4
604 610 1
604 611 1
604 612 2
604 613 2
604 614 4
604 615 1
604 616 3
604 617 2
604 618 5
604 619 3
604 605 1
604 606 3
604 607 2
605 608 3
605 609 1
605 610 1
605 611 2
605 612 2
605 613 3
605 614 2
605 615 5
605 616 1
605 617 5
605 618 3
605 619 3
605 606 3
605 607 1
606 608 5
606 609 4
606 610 1
606 611 3
606 612 2
606 613 5
606 614 4
606 615 4
606 616 4
606 617 2
606 618 5
606 619 3
606 607 5
607 608 5
607 609 4
607 610 2
607 611 1
607 612 4
607 613 2
607 614 4
607 615 2
607 616 4
607 617 3
607 618 1
607 619 1
608 609 5
608 610 4
608 611 3
608 612 3
608 613 4
608 614 5
608 615 1
608 616 4
608 617 2
608 618 2
608 619 2
609 610 2
609 611 2
609 612 1
609 613 2
609 614 5
609 615 2
609 616 3
609 617 3
609 618 1
609 619 4
610 611 2
610 612 4
610 613 4
610 614 2
610 615 2
610 616 2
610 617 4
610 618 5
610 619 3
610 630 1
611 612 1
611 613 5
611 614 1
611 615 4
611 616 2
611 617 1
611 618 2
611 619 1
611 650 2
612 613 1
612 614 3
612 615 5
612 616 4
612 617 2
612 618 1
612 619 2
612 670 4
613 614 3
613 615 2
613 616 1
613 617 2
613 618 2
613 619 5
613 690 2
614 710 5
614 615 1
614 616 3
614 617 5
614 618 4
614 619 1
615 616 2
615 617 2
615 618 1
615 619 5
615 730 3
616 617 1
616 618 4
616 619 3
616 750 4
617 618 1
617 619 4
617 770 5
618 619 5
618 790 3
619 810 4
620 621 1
620 622 1
620 623 4
620 624 2
620 625 1
620 626 4
620 627 1
620 628 4
620 629 4
620 630 3
620 631 1
620 632 3
620 633 2
620 634 2
620 635 5
620 636 3
620 637 2
620 638 1
620 639 4
621 622 4
621 623 1
621 624 4
621 625 4
621 626 4
621 627 3
621 628 4
621 629 5
621 630 3
621 631 5
621 632 4
621 633 3
621 634 2
621 635 4
621 636 5
621 637 3
621 638 3
621 639 5
622 623 5
622 624 3
622 625 4
622 626 1
622 627 3
622 628 5
622 629 1
622 630 5
622 631 4
622 632 2
622 633 2
622 634 3
622 635 1
622 636 1
622 637 4
622 638 2
622 639 2
623 624 4
623 625 2
623 626 4
623 627 2
623 628 1
623 629 2
623 630 4
623 631 2
623 632 3
623 633 4
623 634 4
623 635 2
623 636 5
623 637 1
623 638 1
623 639 3
624 625 4
624 626 2
624 627 4
624 628 3
624 629 1
624 630 2
624 631 3
624 632 4
624 633 4
624 634 1
624 635 2
624 636 5
624 637 4
624 638 3
624 639 2
625 626 2
625 627 5
625 628 1
625 629 2
625 630 1
625 631 1
625 632 4
625 633 3
625 634 4
625 635 4
625 636 2
625 637 4
625 638 2
625 639 2
626 627 3
626 628 3
626 629 4
626 630 2
626 631 2
626 632 2
626 633 2
626 634 1
626 635 1
626 636 4
626 637 3
626 638 1
626 639 2
627 628 2
627 629 5
627 630 3
627 631 3
627 632 2
627 633 1
627 634 1
627 635 5
627 636 2
627 637 5
627 638 3
627 639 4
628 629 5
628 630 2
628 631 3
628 632 3
628 633 2
628 634 2
628 635 1
628 636 4
628 637 4
628 638 4
628 639 5
629 630 2
629 631 3
629 632 5
629 633 3
629 634 5
629 635 1
629 636 1
629 637 5
629 638 1
629 639 4
630 631 2
630 632 5
630 633 2
630 634 2
630 635 3
630 636 5
630 637 1
630 638 2
630 639 2
631 651 4
631 632 4
631 633 2
631 634 1
631 635 3
631 636 3
631 637 1
631 638 5
631 639 3
632 671 1
632 633 4
632 634 3
632 635 4
632 636 5
632 637 3
632 638 5
632 639 2
633 691 2
633 634 1
633 635 4
633 636 4
633 637 2
633 638 3
633 639 4
634 711 2
634 635 5
634 636 2
634 637 3
634 638 4
634 639 1
635 731 1
635 636 1
635 637 2
635 638 4
635 639 1
636 751 5
636 637 3
636 638 2
636 639 1
637 771 5
637 638 5
637 639 3
638 791 4
638 639 4
639 811 1
640 641 4
640 642 5
640 643 5
640 644 2
640 645 3
640 646 5
640 647 2
640 648 2
640 649 5
640 650 2
640 651 5
640 652 4
640 653 2
640 654 4
640 655 4
640 656 3
640 657 4
640 658 4
640 659 4
641 642 3
641 643 1
641 644 1
641 645 2
641 646 2
641 647 4
641 648 2
641 649 3
641 650 4
641 651 2
641 652 5
641 653 1
641 654 3
641 655 3
641 656 5
641 657 5
641 658 4
641 659 5
642 643 5
642 644 3
642 645 4
642 646 5
642 647 2
642 648 3
642 649 3
642 650 1
642 651 3
642 652 1
642 653 2
642 654 4
642 655 5
642 656 2
642 657 4
642 658 3
642 659 1
643 644 5
643 645 2
643 646 4
643 647 1
643 648 2
643 649 1
643 650 1
643 651 5
643 652 3
643 653 5
643 654 2
643 655 2
643 656 5
643 657 2
643 658 2
643 659 1
644 645 3
644 646 3
644 647 1
644 648 4
644 649 3
644 650 5
644 651 3
644 652 4
644 653 4
644 654 5
644 655 1
644 656 2
644 657 4
644 658 4
644 659 2
645 646 5
645 647 3
645 648 3
645 649 4
645 650 5
645 651 4
645 652 5
645 653 1
645 654 2
645 655 4
645 656 4
645 657 5
645 658 4
645 659 4
646 647 1
646 648 1
646 649 5
646 650 2
646 651 1
646 652 2
646 653 1
646 654 2
646 655 5
646 656 2
646 657 4
646 658 5
646 659 5
647 648 3
647 649 1
647 650 3
647 651 3
647 652 4
647 653 1
647 654 3
647 655 2
647 656 3
647 657 3
647 658 2
647 659 2
648 649 5
648 650 4
648 651 2
648 652 3
648 653 4
648 654 2
648 655 5
648 656 3
648 657 2
648 658 1
648 659 4
649 650 1
649 651 3
649 652 3
649 653 4
649 654 1
649 655 4
649 656 2
649 657 2
649 658 1
649 659 4
650 651 5
650 652 2
650 653 1
650 654 5
650 655 3
650 656 5
650 657 5
650 658 1
650 659 4
651 652 3
651 653 2
651 654 2
651 655 2
651 656 5
651 657 3
651 658 2
651 659 4
652 653 2
652 654 3
652 655 1
652 656 4
652 657 2
652 658 4
652 659 1
652 672 5
653 654 1
653 655 1
653 656 2
653 657 1
653 658 1
653 659 1
653 692 1
654 655 1
654 656 3
654 657 2
654 658 5
654 659 2
654 712 4
655 656 1
655 657 4
655 658 5
655 659 5
655 732 1
656 752 1
656 657 4
656 658 4
656 659 3
657 658 5
657 659 2
657 772 1
658 659 4
658 792 3
659 812 5
660 672 5
660 673 2
660 674 3
660 675 5
660 676 5
660 677 2
660 678 4
660 679 2
660 661 3
660 662 2
660 663 2
660 664 1
660 665 5
660 666 4
660 667 4
660 668 3
660 669 5
660 670 3
660 671 1
661 672 3
661 673 4
661 674 2
661 675 5
661 676 2
661 677 1
661 678 4
661 679 4
661 662 3
661 663 3
661 664 3
661 665 4
661 666 3
661 667 2
661 668 4
661 669 1
661 670 3
661 671 3
662 672 1
662 673 2
662 674 3
662 675 2
662 676 3
662 677 4
662 678 1
662 679 4
662 663 3
662 664 4
662 665 5
662 666 5
662 667 2
662 668 2
662 669 1
662 670 1
662 671 3
663 672 1
663 673 3
663 674 2
663 675 1
663 676 2
663 677 4
663 678 2
663 679 2
663 664 3
663 665 1
663 666 5
663 667 2
663 668 4
663 669 5
663 670 3
663 671 5
664 672 2
664 673 2
664 674 5
664 675 4
664 676 3
664 677 5
664 678 5
664 679 4
664 665 3
664 666 5
664 667 5
664 668 1
664 669 5
664 670 4
664 671 2
665 672 3
665 673 5
665 674 2
665 675 3
665 676 5
665 677 1
665 678 2
665 679 1
665 666 4
665 667 2
665 668 2
665 669 2
665 670 4
665 671 5
666 672 1
666 673 4
666 674 5
666 675 3
666 676 3
666 677 4
666 678 5
666 679 3
666 667 2
666 668 2
666 669 1
666 670 3
666 671 2
667 672 5
667 673 1
667 674 1
667 675 4
667 676 1
667 677 2
667 678 2
667 679 1
667 668 3
667 669 5
667 670 2
667 671 3
668 672 1
668 673 1
668 674 5
668 675 3
668 676 4
668 677 4
668 678 4
668 679 1
668 669 2
668 670 2
668 671 2
669 672 5
669 673 4
669 674 3
669 675 2
669 676 3
669 677 2
669 678 2
669 679 2
669 670 2
669 671 3
670 672 5
670 673 3
670 674 1
670 675 3
670 676 4
670 677 3
670 678 5
670 679 4
670 671 5
671 672 3
671 673 1
671 674 1
671 675 5
671 676 1
671 677 1
671 678 3
671 679 3
672 673 3
672 674 5
672 675 1
672 676 1
672 677 1
672 678 1
672 679 1
673 674 2
673 675 1
673 676 3
673 677 3
673 678 3
673 679 1
673 693 4
674 675 2
674 676 1
674 677 3
674 678 3
674 679 5
674 713 5
675 676 1
675 677 2
675 678 5
675 679 3
675 733 4
676 677 4
676 678 1
676 679 1
676 753 1
677 773 4
677 678 2
677 679 4
678 679 4
678 793 4
679 813 5
680 681 4
680 682 3
680 683 3
680 684 5
680 685 3
680 686 1
680 687 5
680 688 3
680 689 3
680 690 3
680 691 3
680 692 5
680 693 3
680 694 1
680 695 2
680 696 4
680 697 3
680 698 3
680 699 1
681 682 5
681 683 5
681 684 5
681 685 5
681 686 3
681 687 2
681 688 5
681 689 2
681 690 2
681 691 3
681 692 2
681 693 5
681 694 1
681 695 3
681 696 4
681 697 1
681 698 2
681 699 2
682 683 4
682 684 1
682 685 3
682 686 3
682 687 3
682 688 5
682 689 4
682 690 3
682 691 5
682 692 4
682 693 4
682 694 4
682 695 1
682 696 5
682 697 2
682 698 5
682 699 1
683 684 2
683 685 3
683 686 2
683 687 1
683 688 1
683 689 5
683 690 1
683 691 3
683 692 1
683 693 3
683 694 2
683 695 4
683 696 5
683 697 2
683 698 2
683 699 5
684 685 2
684 686 2
684 687 4
684 688 2
684 689 2
684 690 2
684 691 5
684 692 3
684 693 3
684 694 5
684 695 4
684 696 1
684 697 5
684 698 2
684 699 2
685 686 4
685 687 1
685 688 5
685 689 3
685 690 3
685 691 4
685 692 1
685 693 3
685 694 3
685 695 1
685 696 4
685 697 4
685 698 3
685 699 4
686 687 4
686 688 4
686 689 4
686 690 1
686 691 4
686 692 4
686 693 3
686 694 5
686 695 4
686 696 1
686 697 1
686 698 5
686 699 4
687 688 5
687 689 5
687 690 1
687 691 1
687 692 2
687 693 5
687 694 5
687 695 4
687 696 2
687 697 1
687 698 3
687 699 4
688 689 1
688 690 1
688 691 2
688 692 3
688 693 3
688 694 5
688 695 3
688 696 1
688 697 1
688 698 1
688 699 1
689 690 4
689 691 1
689 692 1
689 693 4
689 694 5
689 695 4
689 696 3
689 697 1
689 698 1
689 699 1
690 691 2
690 692 2
690 693 4
690 694 4
690 695 2
690 696 4
690 697 4
690 698 2
690 699 4
691 692 5
691 693 4
691 694 3
691 695 5
691 696 2
691 697 3
691 698 1
691 699 1
692 693 3
692 694 1
692 695 5
692 696 2
692 697 4
692 698 3
692 699 2
693 694 1
693 695 4
693 696 4
693 697 3
693 698 1
693 699 3
694 695 5
694 696 3
694 697 3
694 698 1
694 699 4
694 714 2
695 696 1
695 697 4
695 698 5
695 699 1
695 734 4
696 697 3
696 698 4
696 699 1
696 754 4
697 774 1
697 698 3
697 699 5
698 794 3
698 699 3
699 814 1
700 704 2
700 705 4
700 706 5
700 707 1
700 708 4
700 709 1
700 710 4
700 711 3
700 712 5
700 713 3
700 714 4
700 715 4
700 716 3
700 717 3
700 718 5
700 719 3
700 701 3
700 702 3
700 703 2
701 704 3
701 705 5
701 706 3
701 707 3
701 708 4
701 709 1
701 710 5
701 711 1
701 712 2
701 713 3
701 714 1
701 715 5
701 716 5
701 717 2
701 718 4
701 719 5
701 702 3
701 703 3
702 704 5
702 705 5
702 706 5
702 707 4
702 708 2
702 709 3
702 710 2
702 711 3
702 712 3
702 713 5
702 714 2
702 715 4
702 716 1
702 717 4
702 718 2
702 719 5
702 703 4
703 704 1
703 705 1
703 706 5
703 707 5
703 708 4
703 709 4
703 710 2
703 711 5
703 712 3
703 713 5
703 714 3
703 715 3
703 716 5
703 717 5
703 718 1
703 719 2
704 705 4
704 706 4
704 707 1
704 708 4
704 709 2
704 710 1
704 711 3
704 712 5
704 713 3
704 714 4
704 715 1
704 716 1
704 717 1
704 718 1
704 719 5
705 706 2
705 707 2
705 708 3
705 709 4
705 710 1
705 711 4
705 712 4
705 713 3
705 714 5
705 715 5
705 716 4
705 717 4
705 718 4
705 719 3
706 707 1
706 708 4
706 709 5
706 710 5
706 711 5
706 712 5
706 713 4
706 714 2
706 715 1
706 716 4
706 717 2
706 718 5
706 719 1
707 708 1
707 709 4
707 710 5
707 711 5
707 712 5
707 713 3
707 714 1
707 715 4
707 716 3
707 717 4
707 718 2
707 719 3
708 709 2
708 710 3
708 711 2
708 712 1
708 713 5
708 714 5
708 715 3
708 716 1
708 717 1
708 718 2
708 719 4
709 710 2
709 711 1
709 712 4
709 713 4
709 714 1
709 715 3
709 716 4
709 717 1
709 718 5
709 719 5
710 711 5
710 712 3
710 713 4
710 714 5
710 715 2
710 716 2
710 717 1
710 718 4
710 719 2
711 712 5
711 713 2
711 714 2
711 715 5
711 716 2
711 717 1
711 718 1
711 719 1
712 713 5
712 714 3
712 715 5
712 716 1
712 717 1
712 718 1
712 719 2
713 714 5
713 715 5
713 716 5
713 717 2
713 718 1
713 719 4
714 715 2
714 716 4
714 717 1
714 718 5
714 719 3
715 716 5
715 717 1
715 718 5
715 719 2
715 735 1
716 717 5
716 718 3
716 719 4
716 755 4
717 718 3
717 719 2
717 775 3
718 719 4
718 795 1
719 815 3
720 736 4
720 737 1
720 738 3
720 739 5
720 721 2
720 722 2
720 723 5
720 724 2
720 725 5
720 726 5
720 727 1
720 728 1
720 729 1
720 730 1
720 731 2
720 732 2
720 733 5
720 734 3
720 735 4
721 736 3
721 737 1
721 738 3
721 739 3
721 722 1
721 723 1
721 724 4
721 725 4
721 726 5
721 727 4
721 728 4
721 729 4
721 730 2
721 731 2
721 732 4
721 733 2
721 734 3
721 735 5
722 736 2
722 737 4
722 738 1
722 739 1
722 723 2
722 724 5
722 725 1
722 726 2
722 727 5
722 728 5
722 729 5
722 730 5
722 731 2
722 732 5
722 733 2
722 734 4
722 735 3
723 736 1
723 737 5
723 738 1
723 739 4
723 724 1
723 725 5
723 726 4
723 727 1
723 728 4
723 729 3
723 730 5
723 731 1
723 732 4
723 733 1
723 734 4
723 735 2
724 736 5
724 737 2
724 738 1
724 739 5
724 725 2
724 726 5
724 727 3
724 728 4
724 729 4
724 730 1
724 731 1
724 732 3
724 733 1
724 734 1
724 735 2
725 736 4
725 737 5
725 738 2
725 739 5
725 726 1
725 727 1
725 728 5
725 729 5
725 730 2
725 731 5
725 732 3
725 733 4
725 734 1
725 735 3
726 736 4
726 737 1
726 738 2
726 739 2
726 727 1
726 728 1
726 729 5
726 730 4
726 731 2
726 732 2
726 733 2
726 734 5
726 735 3
727 736 2
727 737 5
727 738 4
727 739 4
727 728 1
727 729 5
727 730 2
727 731 5
727 732 5
727 733 5
727 734 2
727 735 5
728 736 4
728 737 5
728 738 5
728 739 3
728 729 4
728 730 5
728 731 1
728 732 2
728 733 4
728 734 4
728 735 1
729 736 2
729 737 4
729 738 1
729 739 3
729 730 1
729 731 3
729 732 3
729 733 4
729 734 5
729 735 2
730 736 2
730 737 3
730 738 2
730 739 5
730 731 5
730 732 2
730 733 2
730 734 1
730 735 5
731 736 1
731 737 1
731 738 2
731 739 1
731 732 1
731 733 3
731 734 5
731 735 2
732 736 3
732 737 3
732 738 3
732 739 1
732 733 3
732 734 4
732 735 2
733 736 2
733 737 3
733 738 5
733 739 2
733 734 3
733 735 1
734 736 1
734 737 3
734 738 4
734 739 5
734 735 5
735 736 1
735 737 4
735 738 1
735 739 3
736 737 2
736 738 5
736 739 3
736 756 3
737 738 1
737 739 1
737 776 1
738 739 4
738 796 5
739 816 2
740 741 2
740 742 1
740 743 5
740 744 2
740 745 3
740 746 3
740 747 4
740 748 1
740 749 1
740 750 4
740 751 3
740 752 2
740 753 1
740 754 1
740 755 3
740 756 1
740 757 3
740 758 1
740 759 4
741 742 3
741 743 2
741 744 5
741 745 5
741 746 3
741 747 4
741 748 5
741 749 5
741 750 3
741 751 5
741 752 4
741 753 5
741 754 5
741 755 4
741 756 1
741 757 3
741 758 1
741 759 2
742 743 2
742 744 5
742 745 1
742 746 3
742 747 5
742 748 1
742 749 1
742 750 4
742 751 4
742 752 1
742 753 5
742 754 2
742 755 4
742 756 5
742 757 3
742 758 3
742 759 5
743 744 1
743 745 1
743 746 2
743 747 1
743 748 1
743 749 4
743 750 5
743 751 5
743 752 3
743 753 5
743 754 1
743 755 5
743 756 5
743 757 3
743 758 5
743 759 4
744 745 4
744 746 2
744 747 3
744 748 2
744 749 3
744 750 4
744 751 2
744 752 4
744 753 1
744 754 5
744 755 2
744 756 1
744 757 4
744 758 3
744 759 1
745 746 5
745 747 2
745 748 3
745 749 3
745 750 5
745 751 4
745 752 2
745 753 4
745 754 2
745 755 2
745 756 1
745 757 3
745 758 3
745 759 5
746 747 3
746 748 2
746 749 3
746 750 2
746 751 2
746 752 2
746 753 2
746 754 3
746 755 4
746 756 5
746 757 4
746 758 5
746 759 1
747 748 3
747 749 1
747 750 1
747 751 5
747 752 3
747 753 2
747 754 3
747 755 2
747 756 3
747 757 2
747 758 1
747 759 1
748 749 5
748 750 1
748 751 2
748 752 3
748 753 5
748 754 4
748 755 5
748 756 1
748 757 4
748 758 3
748 759 2
749 750 1
749 751 4
749 752 1
749 753 2
749 754 2
749 755 2
749 756 4
749 757 2
749 758 1
749 759 1
750 751 4
750 752 1
750 753 2
750 754 3
750 755 5
750 756 3
750 757 5
750 758 2
750 759 2
751 752 3
751 753 5
751 754 5
751 755 2
751 756 5
751 757 5
751 758 1
751 759 5
752 753 4
752 754 3
752 755 4
752 756 1
752 757 5
752 758 1
752 759 1
753 754 2
753 755 4
753 756 4
753 757 2
753 758 2
753 759 3
754 755 4
754 756 1
754 757 1
754 758 5
754 759 1
755 756 4
755 757 4
755 758 1
755 759 2
756 757 3
756 758 1
756 759 2
757 758 1
757 759 1
757 777 5
758 759 2
758 797 3
759 817 4
760 768 2
760 769 4
760 770 5
760 771 1
760 772 2
760 773 1
760 774 2
760 775 5
760 776 4
760 777 4
760 778 3
760 779 4
760 761 3
760 762 2
760 763 2
760 764 3
760 765 4
760 766 3
760 767 2
761 768 4
761 769 2
761 770 2
761 771 3
761 772 4
761 773 5
761 774 4
761 775 2
761 776 1
761 777 3
761 778 4
761 779 2
761 762 3
761 763 3
761 764 1
761 765 3
761 766 2
761 767 4
762 768 1
762 769 2
762 770 2
762 771 2
762 772 1
762 773 2
762 774 5
762 775 5
762 776 2
762 777 3
762 778 3
762 779 3
762 763 3
762 764 3
762 765 3
762 766 2
762 767 1
763 768 3
763 769 5
763 770 3
763 771 5
763 772 3
763 773 5
763 774 4
763 775 1
763 776 4
763 777 3
763 778 3
763 779 4
763 764 4
763 765 1
763 766 2
763 767 2
764 768 4
764 769 4
764 770 3
764 771 1
764 772 1
764 773 2
764 774 2
764 775 4
764 776 3
764 777 1
764 778 5
764 779 5
764 765 4
764 766 5
764 767 4
765 768 3
765 769 4
765 770 3
765 771 5
765 772 2
765 773 4
765 774 4
765 775 3
765 776 3
765 777 3
765 778 5
765 779 5
765 766 2
765 767 2
766 768 3
766 769 1
766 770 1
766 771 5
766 772 2
766 773 3
766 774 2
766 775 5
766 776 5
766 777 5
766 778 3
766 779 1
766 767 1
767 768 3
767 769 3
767 770 4
767 771 5
767 772 5
767 773 2
767 774 1
767 775 5
767 776 1
767 777 2
767 778 1
767 779 4
768 769 5
768 770 2
768 771 5
768 772 3
768 773 2
768 774 2
768 775 4
768 776 1
768 777 5
768 778 4
768 779 1
769 770 2
769 771 5
769 772 3
769 773 2
769 774 3
769 775 1
769 776 2
769 777 3
769 778 1
769 779 4
770 771 1
770 772 3
770 773 1
770 774 1
770 775 2
770 776 3
770 777 3
770 778 3
770 779 3
771 772 3
771 773 2
771 774 3
771 775 5
771 776 4
771 777 5
771 778 5
771 779 4
772 773 2
772 774 3
772 775 3
772 776 2
772 777 5
772 778 5
772 779 1
773 774 1
773 775 1
773 776 1
773 777 3
773 778 2
773 779 2
774 775 5
774 776 5
774 777 3
774 778 2
774 779 1
775 776 1
775 777 2
775 778 1
775 779 2
776 777 5
776 778 2
776 779 5
777 778 3
777 779 5
778 779 3
778 798 3
779 818 5
780 781 2
780 782 3
780 783 3
780 784 3
780 785 4
780 786 5
780 787 1
780 788 3
780 789 5
780 790 5
780 791 4
780 792 2
780 793 1
780 794 5
780 795 4
780 796 4
780 797 4
780 798 5
780 799 5
781 782 4
781 783 1
781 784 3
781 785 1
781 786 1
781 787 3
781 788 2
781 789 4
781 790 3
781 791 3
781 792 3
781 793 4
781 794 1
781 795 4
781 796 3
781 797 1
781 798 4
781 799 1
782 783 4
782 784 3
782 785 1
782 786 2
782 787 3
782 788 1
782 789 2
782 790 2
782 791 3
782 792 1
782 793 4
782 794 5
782 795 2
782 796 1
782 797 3
782 798 4
782 799 4
783 784 4
783 785 5
783 786 4
783 787 4
783 788 3
783 789 4
783 790 4
783 791 3
783 792 4
783 793 2
783 794 4
783 795 5
783 796 2
783 797 1
783 798 2
783 799 2
784 785 4
784 786 2
784 787 2
784 788 1
784 789 4
784 790 5
784 791 5
784 792 3
784 793 4
784 794 5
784 795 1
784 796 5
784 797 5
784 798 3
784 799 5
785 786 5
785 787 3
785 788 2
785 789 4
785 790 4
785 791 2
785 792 3
785 793 5
785 794 2
785 795 3
785 796 4
785 797 2
785 798 4
785 799 3
786 787 2
786 788 3
786 789 3
786 790 5
786 791 3
786 792 3
786 793 3
786 794 1
786 795 2
786 796 3
786 797 4
786 798 2
786 799 1
787 788 5
787 789 4
787 790 2
787 791 3
787 792 2
787 793 4
787 794 1
787 795 2
787 796 5
787 797 2
787 798 1
787 799 1
788 789 1
788 790 4
788 791 1
788 792 3
788 793 5
788 794 3
788 795 2
788 796 3
788 797 4
788 798 4
788 799 4
789 790 4
789 791 4
789 792 3
789 793 2
789 794 1
789 795 1
789 796 4
789 797 5
789 798 2
789 799 5
790 791 2
790 792 1
790 793 1
790 794 1
790 795 4
790 796 1
790 797 2
790 798 4
790 799 4
791 792 2
791 793 4
791 794 4
791 795 4
791 796 3
791 797 1
791 798 3
791 799 4
792 793 5
792 794 5
792 795 2
792 796 5
792 797 1
792 798 5
792 799 2
793 794 2
793 795 1
793 796 5
793 797 1
793 798 1
793 799 3
794 795 3
794 796 1
794 797 3
794 798 5
794 799 5
795 796 1
795 797 1
795 798 4
795 799 4
796 797 2
796 798 4
796 799 5
797 798 1
797 799 1
798 799 3
799 819 5
800 801 1
800 802 2
800 803 5
800 804 5
800 805 2
800 806 4
800 807 3
800 808 3
800 809 3
800 810 2
800 811 4
800 812 4
800 813 4
800 814 3
800 815 4
800 816 5
800 817 1
800 818 2
800 819 1
801 802 4
801 803 5
801 804 2
801 805 2
801 806 3
801 807 5
801 808 2
801 809 1
801 810 3
801 811 5
801 812 1
801 813 2
801 814 5
801 815 3
801 816 3
801 817 4
801 818 2
801 819 3
802 803 2
802 804 1
802 805 3
802 806 3
802 807 5
802 808 1
802 809 2
802 810 3
802 811 5
802 812 5
802 813 4
802 814 5
802 815 2
802 816 1
802 817 3
802 818 2
802 819 5
803 804 5
803 805 2
803 806 4
803 807 4
803 808 1
803 809 4
803 810 5
803 811 3
803 812 4
803 813 5
803 814 3
803 815 1
803 816 1
803 817 3
803 818 1
803 819 5
804 805 1
804 806 4
804 807 5
804 808 1
804 809 5
804 810 4
804 811 1
804 812 4
804 813 4
804 814 2
804 815 2
804 816 1
804 817 5
804 818 2
804 819 5
805 806 4
805 807 1
805 808 4
805 809 1
805 810 5
805 811 5
805 812 4
805 813 5
805 814 2
805 815 5
805 816 3
805 817 2
805 818 2
805 819 5
806 807 5
806 808 4
806 809 1
806 810 3
806 811 5
806 812 4
806 813 2
806 814 2
806 815 4
806 816 1
806 817 2
806 818 2
806 819 1
807 808 5
807 809 1
807 810 1
807 811 2
807 812 1
807 813 4
807 814 4
807 815 4
807 816 2
807 817 4
807 818 2
807 819 3
808 809 1
808 810 2
808 811 5
808 812 4
808 813 5
808 814 2
808 815 1
808 816 3
808 817 1
808 818 3
808 819 3
809 810 3
809 811 2
809 812 5
809 813 2
809 814 1
809 815 1
809 816 4
809 817 2
809 818 5
809 819 2
810 811 3
810 812 5
810 813 5
810 814 2
810 815 3
810 816 4
810 817 2
810 818 4
810 819 4
811 812 5
811 813 3
811 814 1
811 815 4
811 816 1
811 817 2
811 818 4
811 819 1
812 813 5
812 814 1
812 815 5
812 816 5
812 817 5
812 818 3
812 819 3
813 814 5
813 815 1
813 816 3
813 817 1
813 818 4
813 819 4
814 815 5
814 816 3
814 817 1
814 818 1
814 819 5
814 100002 50
815 816 1
815 817 3
815 818 2
815 819 2
815 100000 50
815 100002 50
815 100003 50
816 817 5
816 818 3
816 819 4
816 100001 50
816 100004 50
817 818 1
817 819 2
817 100000 50
817 100001 50
817 100002 50
817 100003 50
818 819 1
818 100000 50
818 100001 50
818 100004 50
819 100004 50
-2 1 50
-2 2 50
-2 5 50
-5 3 50
-5 4 50
-5 5 50
-4 1 50
-4 4 50
-3 0 50
-3 4 50
-1 1 50
-1 4 50
