0 1 3
0 2 5
0 3 7
0 4 10
0 5 9
0 6 6
0 7 9
0 8 7
0 9 10
0 10 2
0 11 2
0 12 7
0 13 6
0 14 6
0 15 2
0 16 1
0 17 1
0 18 4
0 19 8
0 20 10
0 420 5
1 2 8
1 3 7
1 4 5
1 5 3
1 6 7
1 7 5
1 8 4
1 9 9
1 10 3
1 11 7
1 12 1
1 13 8
1 14 7
1 15 3
1 16 2
1 17 10
1 18 1
1 19 2
1 40 4
1 440 5
2 460 8
2 3 4
2 4 10
2 5 7
2 6 4
2 7 6
2 8 1
2 9 5
2 10 10
2 11 1
2 12 8
2 13 3
2 14 1
2 15 7
2 16 6
2 17 3
2 18 1
2 19 7
2 60 10
3 4 3
3 5 2
3 6 1
3 7 4
3 8 3
3 9 1
3 10 9
3 11 8
3 12 8
3 13 4
3 14 2
3 15 1
3 16 7
3 17 5
3 18 9
3 19 4
3 80 1
3 480 3
4 100 2
4 5 7
4 6 8
4 7 7
4 8 2
4 9 9
4 10 9
4 11 9
4 12 2
4 13 7
4 14 3
4 15 4
4 16 9
4 17 9
4 18 7
4 19 5
4 500 7
5 6 3
5 7 1
5 8 5
5 9 8
5 10 10
5 11 8
5 12 5
5 13 2
5 14 7
5 15 8
5 16 5
5 17 2
5 18 7
5 19 7
5 120 4
5 520 5
6 7 7
6 8 6
6 9 10
6 10 6
6 11 3
6 12 8
6 13 3
6 14 5
6 15 2
6 16 7
6 17 6
6 18 1
6 19 6
6 140 2
6 540 3
7 8 8
7 9 10
7 10 10
7 11 10
7 12 10
7 13 4
7 14 1
7 15 10
7 16 4
7 17 9
7 18 1
7 19 5
7 560 5
7 160 7
8 9 2
8 10 8
8 11 10
8 12 3
8 13 8
8 14 6
8 15 4
8 16 5
8 17 8
8 18 7
8 19 6
8 180 7
8 580 8
9 10 10
9 11 2
9 12 1
9 13 10
9 14 10
9 15 3
9 16 10
9 17 9
9 18 5
9 19 7
9 600 10
9 200 2
10 11 4
10 12 5
10 13 10
10 14 2
10 15 8
10 16 6
10 17 4
10 18 5
10 19 8
10 220 1
10 620 4
11 240 1
11 12 2
11 13 7
11 14 10
11 15 3
11 16 6
11 17 10
11 18 2
11 19 8
11 640 6
12 13 2
12 14 10
12 15 4
12 16 9
12 17 7
12 18 5
12 19 8
12 660 8
12 260 5
13 14 7
13 15 6
13 16 8
13 17 10
13 18 9
13 19 1
13 280 3
13 680 4
14 15 9
14 16 10
14 17 8
14 18 6
14 19 6
14 300 3
14 700 6
15 16 9
15 17 1
15 18 2
15 19 6
15 320 3
15 720 5
16 17 2
16 18 1
16 19 7
16 340 6
16 740 1
17 360 1
17 18 4
17 19 7
17 760 8
18 19 1
18 380 1
18 780 6
19 400 6
19 800 4
20 32 4
20 33 5
20 34 1
20 35 1
20 36 4
20 37 8
20 38 4
20 39 3
20 421 2
20 21 5
20 22 2
20 23 1
20 24 7
20 25 9
20 26 5
20 27 6
20 28 8
20 29 4
20 30 1
20 31 5
21 32 7
21 33 1
21 34 1
21 35 7
21 36 4
21 37 2
21 38 7
21 39 3
21 41 3
21 441 4
21 22 3
21 23 3
21 24 10
21 25 4
21 26 1
21 27 4
21 28 9
21 29 7
21 30 4
21 31 8
22 32 3
22 33 1
22 34 5
22 35 6
22 36 6
22 37 5
22 38 6
22 39 6
22 461 10
22 61 4
22 23 3
22 24 8
22 25 2
22 26 7
22 27 2
22 28 5
22 29 10
22 30 3
22 31 4
23 32 3
23 33 2
23 34 9
23 35 1
23 36 3
23 37 10
23 38 5
23 39 9
23 81 8
23 481 9
23 24 4
23 25 6
23 26 1
23 27 7
23 28 6
23 29 5
23 30 5
23 31 7
24 32 10
24 33 4
24 34 5
24 35 4
24 36 5
24 37 6
24 38 1
24 39 3
24 501 6
24 101 5
24 25 9
24 26 2
24 27 10
24 28 9
24 29 6
24 30 4
24 31 10
25 32 2
25 33 2
25 34 9
25 35 6
25 36 8
25 37 3
25 38 1
25 39 10
25 521 3
25 121 6
25 26 10
25 27 6
25 28 9
25 29 3
25 30 5
25 31 10
26 32 5
26 33 5
26 34 8
26 35 3
26 36 7
26 37 5
26 38 10
26 39 8
26 141 1
26 541 5
26 27 5
26 28 5
26 29 8
26 30 5
26 31 1
27 32 6
27 33 7
27 34 5
27 35 2
27 36 9
27 37 1
27 38 6
27 39 5
27 161 3
27 561 3
27 28 4
27 29 10
27 30 10
27 31 2
28 32 7
28 33 8
28 34 4
28 35 3
28 36 4
28 37 3
28 38 2
28 39 2
28 581 4
28 181 3
28 29 6
28 30 6
28 31 1
29 32 2
29 33 8
29 34 6
29 35 8
29 36 2
29 37 5
29 38 8
29 39 2
29 201 8
29 601 10
29 30 2
29 31 6
30 32 5
30 33 8
30 34 5
30 35 1
30 36 5
30 37 4
30 38 3
30 39 7
30 621 9
30 221 6
30 31 7
31 32 1
31 33 8
31 34 8
31 35 7
31 36 1
31 37 9
31 38 4
31 39 7
31 641 3
31 241 1
32 33 3
32 34 7
32 35 3
32 36 6
32 37 3
32 38 2
32 39 4
32 261 6
32 661 9
33 34 1
33 35 6
33 36 5
33 37 9
33 38 9
33 39 9
33 681 10
33 281 3
34 35 3
34 36 10
34 37 3
34 38 3
34 39 9
34 301 5
34 701 4
35 36 4
35 37 2
35 38 3
35 39 9
35 321 5
35 721 4
36 37 5
36 38 7
36 39 8
36 341 7
36 741 2
37 38 8
37 39 4
37 361 3
37 761 2
38 39 9
38 781 7
38 381 7
39 801 1
39 401 8
40 422 1
40 41 7
40 42 6
40 43 2
40 44 1
40 45 6
40 46 6
40 47 3
40 48 3
40 49 8
40 50 5
40 51 3
40 52 7
40 53 2
40 54 9
40 55 10
40 56 2
40 57 2
40 58 9
40 59 3
41 42 6
41 43 4
41 44 1
41 45 1
41 46 3
41 47 1
41 48 7
41 49 10
41 50 5
41 51 5
41 52 1
41 53 10
41 54 4
41 55 10
41 56 7
41 57 2
41 58 6
41 59 3
41 442 5
42 462 6
42 43 1
42 44 5
42 45 10
42 46 2
42 47 7
42 48 3
42 49 6
42 50 1
42 51 10
42 52 8
42 53 6
42 54 9
42 55 6
42 56 10
42 57 4
42 58 6
42 59 10
42 62 4
43 482 8
43 82 9
43 44 4
43 45 6
43 46 5
43 47 7
43 48 10
43 49 3
43 50 8
43 51 7
43 52 9
43 53 6
43 54 1
43 55 5
43 56 8
43 57 1
43 58 1
43 59 5
44 502 1
44 102 1
44 45 10
44 46 3
44 47 1
44 48 7
44 49 3
44 50 10
44 51 6
44 52 3
44 53 2
44 54 9
44 55 5
44 56 10
44 57 5
44 58 7
44 59 9
45 522 8
45 46 1
45 47 9
45 48 5
45 49 4
45 50 9
45 51 6
45 52 1
45 53 1
45 54 7
45 55 9
45 56 3
45 57 10
45 58 2
45 59 8
45 122 7
46 142 2
46 47 2
46 48 2
46 49 2
46 50 9
46 51 6
46 52 3
46 53 7
46 54 10
46 55 10
46 56 1
46 57 8
46 58 8
46 59 7
46 542 9
47 562 7
47 162 1
47 48 5
47 49 10
47 50 2
47 51 7
47 52 5
47 53 1
47 54 6
47 55 9
47 56 5
47 57 5
47 58 8
47 59 4
48 182 8
48 582 7
48 49 6
48 50 10
48 51 2
48 52 7
48 53 10
48 54 9
48 55 10
48 56 2
48 57 2
48 58 8
48 59 8
49 602 5
49 50 4
49 51 7
49 52 10
49 53 4
49 54 2
49 55 6
49 56 9
49 57 9
49 58 1
49 59 4
49 202 6
50 51 6
50 52 5
50 53 9
50 54 4
50 55 8
50 56 1
50 57 1
50 58 10
50 59 6
50 622 7
50 222 1
51 642 5
51 242 2
51 52 3
51 53 10
51 54 7
51 55 3
51 56 1
51 57 1
51 58 7
51 59 5
52 662 9
52 262 1
52 53 7
52 54 6
52 55 8
52 56 8
52 57 4
52 58 3
52 59 3
53 682 7
53 54 5
53 55 3
53 56 7
53 57 4
53 58 3
53 59 7
53 282 10
54 302 9
54 55 5
54 56 9
54 57 7
54 58 3
54 59 6
54 702 3
55 322 9
55 56 4
55 57 6
55 58 5
55 59 5
55 722 3
56 342 4
56 742 3
56 57 3
56 58 8
56 59 9
57 762 10
57 58 3
57 59 8
57 362 1
58 782 5
58 59 1
58 382 4
59 802 9
59 402 3
60 64 10
60 65 7
60 66 4
60 67 6
60 68 2
60 69 2
60 70 5
60 71 4
60 72 4
60 73 3
60 74 2
60 75 4
60 76 4
60 77 5
60 78 1
60 79 2
60 423 10
60 61 2
60 62 1
60 63 6
61 64 7
61 65 9
61 66 5
61 67 7
61 68 8
61 69 10
61 70 7
61 71 6
61 72 4
61 73 2
61 74 10
61 75 5
61 76 10
61 77 6
61 78 3
61 79 7
61 443 5
61 62 6
61 63 10
62 64 10
62 65 9
62 66 10
62 67 2
62 68 9
62 69 7
62 70 2
62 71 4
62 72 5
62 73 6
62 74 1
62 75 1
62 76 10
62 77 10
62 78 8
62 79 6
62 463 8
62 63 6
63 64 9
63 65 7
63 66 4
63 67 3
63 68 1
63 69 4
63 70 9
63 71 1
63 72 8
63 73 2
63 74 7
63 75 9
63 76 4
63 77 9
63 78 7
63 79 5
63 483 10
63 83 9
64 65 5
64 66 2
64 67 3
64 68 6
64 69 8
64 70 5
64 71 4
64 72 3
64 73 5
64 74 7
64 75 9
64 76 10
64 77 5
64 78 4
64 79 1
64 503 3
64 103 1
65 523 1
65 66 2
65 67 3
65 68 2
65 69 7
65 70 3
65 71 2
65 72 2
65 73 9
65 74 7
65 75 9
65 76 4
65 77 3
65 78 10
65 79 9
65 123 7
66 67 8
66 68 7
66 69 4
66 70 1
66 71 5
66 72 8
66 73 3
66 74 4
66 75 7
66 76 3
66 77 7
66 78 8
66 79 3
66 543 9
66 143 3
67 163 4
67 68 5
67 69 8
67 70 4
67 71 3
67 72 2
67 73 4
67 74 2
67 75 2
67 76 2
67 77 6
67 78 7
67 79 10
67 563 1
68 69 6
68 70 6
68 71 9
68 72 1
68 73 3
68 74 10
68 75 4
68 76 3
68 77 6
68 78 2
68 79 4
68 583 8
68 183 2
69 70 8
69 71 6
69 72 9
69 73 6
69 74 2
69 75 1
69 76 4
69 77 2
69 78 4
69 79 2
69 203 3
69 603 1
70 71 8
70 72 8
70 73 9
70 74 10
70 75 6
70 76 1
70 77 9
70 78 4
70 79 5
70 623 4
70 223 4
71 72 5
71 73 8
71 74 4
71 75 3
71 76 10
71 77 3
71 78 4
71 79 2
71 243 3
71 643 8
72 73 9
72 74 7
72 75 6
72 76 4
72 77 10
72 78 8
72 79 1
72 663 8
72 263 9
73 74 8
73 75 3
73 76 5
73 77 10
73 78 9
73 79 3
73 683 5
73 283 4
74 75 3
74 76 8
74 77 10
74 78 3
74 79 3
74 703 7
74 303 10
75 76 10
75 77 8
75 78 1
75 79 9
75 323 8
75 723 5
76 743 5
76 77 3
76 78 7
76 79 1
76 343 7
77 78 3
77 79 6
77 763 8
77 363 6
78 79 1
78 783 7
78 383 9
79 403 10
79 803 9
80 96 9
80 97 6
80 98 9
80 99 3
80 424 10
80 81 4
80 82 7
80 83 4
80 84 10
80 85 6
80 86 3
80 87 7
80 88 9
80 89 8
80 90 6
80 91 5
80 92 1
80 93 2
80 94 8
80 95 3
81 96 10
81 97 4
81 98 5
81 99 2
81 444 1
81 82 2
81 83 1
81 84 5
81 85 7
81 86 4
81 87 7
81 88 7
81 89 8
81 90 8
81 91 8
81 92 10
81 93 6
81 94 3
81 95 4
82 96 1
82 97 2
82 98 2
82 99 6
82 464 8
82 83 5
82 84 5
82 85 5
82 86 3
82 87 10
82 88 10
82 89 9
82 90 4
82 91 4
82 92 9
82 93 1
82 94 1
82 95 2
83 96 7
83 97 8
83 98 7
83 99 9
83 484 9
83 84 9
83 85 6
83 86 2
83 87 4
83 88 9
83 89 2
83 90 6
83 91 6
83 92 4
83 93 6
83 94 3
83 95 8
84 96 9
84 97 6
84 98 6
84 99 10
84 504 5
84 104 10
84 85 8
84 86 1
84 87 10
84 88 2
84 89 9
84 90 4
84 91 9
84 92 10
84 93 5
84 94 6
84 95 6
85 96 5
85 97 2
85 98 8
85 99 5
85 124 1
85 524 6
85 86 8
85 87 8
85 88 1
85 89 1
85 90 8
85 91 4
85 92 5
85 93 7
85 94 3
85 95 2
86 96 9
86 97 1
86 98 4
86 99 3
86 544 4
86 144 2
86 87 1
86 88 4
86 89 6
86 90 3
86 91 6
86 92 10
86 93 1
86 94 9
86 95 5
87 96 3
87 97 2
87 98 3
87 99 2
87 164 8
87 564 4
87 88 3
87 89 1
87 90 2
87 91 3
87 92 2
87 93 8
87 94 1
87 95 7
88 96 10
88 97 9
88 98 5
88 99 1
88 584 9
88 184 10
88 89 8
88 90 6
88 91 8
88 92 6
88 93 4
88 94 1
88 95 3
89 96 3
89 97 4
89 98 9
89 99 9
89 604 6
89 204 7
89 90 6
89 91 6
89 92 7
89 93 9
89 94 4
89 95 5
90 96 6
90 97 1
90 98 2
90 99 8
90 624 8
90 224 5
90 91 5
90 92 6
90 93 5
90 94 3
90 95 7
91 96 2
91 97 4
91 98 10
91 99 9
91 644 3
91 244 9
91 92 6
91 93 6
91 94 7
91 95 10
92 96 8
92 97 4
92 98 8
92 99 4
92 264 2
92 664 4
92 93 2
92 94 5
92 95 10
93 96 9
93 97 8
93 98 2
93 99 4
93 284 10
93 684 8
93 94 3
93 95 4
94 96 10
94 97 6
94 98 7
94 99 1
94 704 7
94 304 3
94 95 4
95 96 1
95 97 8
95 98 6
95 99 7
95 324 8
95 724 1
96 344 3
96 97 6
96 98 2
96 99 2
96 744 6
97 98 5
97 99 9
97 764 5
97 364 2
98 99 10
98 784 10
98 384 7
99 804 7
99 404 1
100 425 6
100 101 3
100 102 8
100 103 4
100 104 9
100 105 10
100 106 2
100 107 7
100 108 3
100 109 6
100 110 8
100 111 3
100 112 6
100 113 9
100 114 4
100 115 10
100 116 4
100 117 4
100 118 6
100 119 9
101 102 7
101 103 3
101 104 9
101 105 8
101 106 2
101 107 4
101 108 5
101 109 8
101 110 3
101 111 3
101 112 1
101 113 5
101 114 9
101 115 2
101 116 2
101 117 7
101 118 10
101 119 2
101 445 9
102 103 9
102 104 10
102 105 1
102 106 9
102 107 9
102 108 6
102 109 2
102 110 1
102 111 9
102 112 6
102 113 9
102 114 8
102 115 2
102 116 7
102 117 1
102 118 6
102 119 1
102 465 1
103 104 7
103 105 10
103 106 5
103 107 3
103 108 7
103 109 6
103 110 3
103 111 5
103 112 8
103 113 10
103 114 8
103 115 4
103 116 7
103 117 9
103 118 5
103 119 5
103 485 9
104 505 4
104 105 1
104 106 2
104 107 9
104 108 7
104 109 5
104 110 3
104 111 8
104 112 6
104 113 7
104 114 8
104 115 1
104 116 10
104 117 2
104 118 7
104 119 2
105 106 5
105 107 1
105 108 9
105 109 9
105 110 1
105 111 9
105 112 4
105 113 3
105 114 5
105 115 8
105 116 2
105 117 3
105 118 10
105 119 1
105 525 5
105 125 5
106 545 5
106 145 9
106 107 5
106 108 7
106 109 3
106 110 10
106 111 9
106 112 10
106 113 5
106 114 7
106 115 2
106 116 2
106 117 8
106 118 5
106 119 9
107 565 9
107 108 2
107 109 6
107 110 6
107 111 1
107 112 10
107 113 6
107 114 10
107 115 6
107 116 1
107 117 7
107 118 8
107 119 8
107 165 1
108 109 7
108 110 8
108 111 5
108 112 8
108 113 6
108 114 4
108 115 6
108 116 7
108 117 10
108 118 4
108 119 10
108 185 6
108 585 5
109 205 8
109 110 10
109 111 7
109 112 2
109 113 1
109 114 10
109 115 9
109 116 5
109 117 5
109 118 8
109 119 2
109 605 4
110 225 10
110 111 6
110 112 2
110 113 7
110 114 5
110 115 2
110 116 10
110 117 4
110 118 8
110 119 8
110 625 1
111 645 6
111 112 8
111 113 1
111 114 5
111 115 8
111 116 4
111 117 7
111 118 6
111 119 3
111 245 1
112 113 7
112 114 2
112 115 1
112 116 3
112 117 2
112 118 6
112 119 2
112 665 10
112 265 9
113 685 6
113 114 10
113 115 8
113 116 9
113 117 8
113 118 8
113 119 6
113 285 8
114 705 2
114 305 10
114 115 5
114 116 8
114 117 5
114 118 6
114 119 10
115 116 1
115 117 9
115 118 1
115 119 4
115 725 2
115 325 5
116 117 6
116 118 9
116 119 5
116 745 1
116 345 1
117 118 6
117 119 5
117 365 9
117 765 9
118 385 3
118 119 1
118 785 1
119 805 3
119 405 10
120 128 8
120 129 4
120 130 3
120 131 5
120 132 9
120 133 4
120 134 8
120 135 4
120 136 2
120 137 1
120 138 9
120 139 10
120 426 10
120 121 6
120 122 9
120 123 1
120 124 7
120 125 3
120 126 2
120 127 2
121 128 9
121 129 4
121 130 2
121 131 5
121 132 5
121 133 2
121 134 6
121 135 5
121 136 6
121 137 8
121 138 5
121 139 6
121 446 5
121 122 4
121 123 6
121 124 7
121 125 1
121 126 5
121 127 7
122 128 5
122 129 9
122 130 2
122 131 4
122 132 6
122 133 9
122 134 7
122 135 6
122 136 8
122 137 3
122 138 7
122 139 8
122 466 3
122 123 7
122 124 6
122 125 2
122 126 6
122 127 7
123 128 10
123 129 9
123 130 1
123 131 8
123 132 9
123 133 5
123 134 10
123 135 4
123 136 1
123 137 6
123 138 6
123 139 5
123 486 5
123 124 4
123 125 8
123 126 7
123 127 1
124 128 8
124 129 7
124 130 5
124 131 4
124 132 5
124 133 2
124 134 7
124 135 7
124 136 1
124 137 7
124 138 2
124 139 7
124 506 2
124 125 2
124 126 4
124 127 8
125 128 7
125 129 1
125 130 10
125 131 7
125 132 1
125 133 3
125 134 3
125 135 8
125 136 5
125 137 6
125 138 2
125 139 6
125 526 4
125 126 10
125 127 5
126 128 9
126 129 6
126 130 9
126 131 9
126 132 10
126 133 4
126 134 1
126 135 2
126 136 10
126 137 8
126 138 10
126 139 9
126 546 5
126 146 6
126 127 7
127 128 2
127 129 2
127 130 5
127 131 7
127 132 6
127 133 5
127 134 7
127 135 4
127 136 5
127 137 3
127 138 3
127 139 6
127 566 7
127 166 2
128 129 5
128 130 7
128 131 10
128 132 1
128 133 4
128 134 6
128 135 3
128 136 5
128 137 7
128 138 5
128 139 10
128 586 2
128 186 10
129 130 9
129 131 8
129 132 6
129 133 10
129 134 6
129 135 9
129 136 4
129 137 8
129 138 6
129 139 8
129 206 1
129 606 7
130 226 7
130 131 3
130 132 10
130 133 9
130 134 8
130 135 4
130 136 9
130 137 8
130 138 1
130 139 8
130 626 2
131 132 6
131 133 7
131 134 4
131 135 3
131 136 7
131 137 9
131 138 9
131 139 4
131 646 8
131 246 4
132 133 9
132 134 8
132 135 10
132 136 10
132 137 3
132 138 3
132 139 10
132 666 8
132 266 1
133 134 10
133 135 10
133 136 5
133 137 9
133 138 3
133 139 5
133 686 3
133 286 1
134 135 4
134 136 6
134 137 6
134 138 5
134 139 4
134 706 3
134 306 3
135 136 7
135 137 7
135 138 6
135 139 5
135 326 2
135 726 4
136 137 6
136 138 7
136 139 4
136 346 5
136 746 10
137 138 3
137 139 6
137 366 10
137 766 9
138 139 9
138 386 5
138 786 8
139 806 8
139 406 2
140 427 5
140 141 6
140 142 4
140 143 7
140 144 9
140 145 3
140 146 3
140 147 3
140 148 7
140 149 7
140 150 9
140 151 7
140 152 8
140 153 4
140 154 10
140 155 4
140 156 2
140 157 2
140 158 10
140 159 7
141 447 4
141 142 7
141 143 9
141 144 6
141 145 7
141 146 5
141 147 7
141 148 1
141 149 9
141 150 7
141 151 6
141 152 8
141 153 8
141 154 1
141 155 5
141 156 7
141 157 8
141 158 9
141 159 5
142 467 8
142 143 10
142 144 8
142 145 3
142 146 6
142 147 10
142 148 4
142 149 8
142 150 6
142 151 1
142 152 1
142 153 3
142 154 3
142 155 8
142 156 1
142 157 2
142 158 9
142 159 9
143 487 9
143 144 7
143 145 2
143 146 10
143 147 7
143 148 5
143 149 3
143 150 3
143 151 6
143 152 4
143 153 5
143 154 5
143 155 10
143 156 3
143 157 5
143 158 8
143 159 5
144 507 4
144 145 8
144 146 5
144 147 2
144 148 5
144 149 10
144 150 1
144 151 6
144 152 6
144 153 5
144 154 8
144 155 9
144 156 8
144 157 4
144 158 7
144 159 4
145 527 2
145 146 7
145 147 1
145 148 2
145 149 6
145 150 8
145 151 4
145 152 4
145 153 2
145 154 3
145 155 7
145 156 7
145 157 5
145 158 7
145 159 10
146 547 1
146 147 9
146 148 9
146 149 6
146 150 6
146 151 2
146 152 5
146 153 7
146 154 5
146 155 10
146 156 8
146 157 10
146 158 4
146 159 1
147 167 4
147 567 6
147 148 6
147 149 9
147 150 8
147 151 3
147 152 2
147 153 2
147 154 9
147 155 6
147 156 4
147 157 4
147 158 4
147 159 9
148 187 7
148 587 8
148 149 10
148 150 3
148 151 5
148 152 5
148 153 10
148 154 7
148 155 7
148 156 6
148 157 1
148 158 8
148 159 6
149 607 7
149 207 5
149 150 1
149 151 3
149 152 7
149 153 8
149 154 9
149 155 10
149 156 5
149 157 9
149 158 1
149 159 4
150 627 9
150 227 5
150 151 8
150 152 2
150 153 1
150 154 6
150 155 5
150 156 9
150 157 10
150 158 8
150 159 1
151 647 3
151 247 4
151 152 2
151 153 8
151 154 1
151 155 7
151 156 8
151 157 9
151 158 10
151 159 10
152 667 8
152 267 9
152 153 9
152 154 10
152 155 4
152 156 2
152 157 9
152 158 2
152 159 7
153 287 7
153 687 6
153 154 9
153 155 4
153 156 9
153 157 9
153 158 8
153 159 2
154 707 1
154 307 9
154 155 1
154 156 4
154 157 10
154 158 10
154 159 4
155 327 6
155 727 9
155 156 2
155 157 10
155 158 4
155 159 3
156 347 8
156 747 10
156 157 2
156 158 6
156 159 5
157 367 7
157 767 7
157 158 10
157 159 4
158 387 10
158 787 9
158 159 1
159 807 7
159 407 5
160 161 1
160 162 8
160 163 7
160 164 5
160 165 7
160 166 7
160 167 5
160 168 10
160 169 10
160 170 5
160 171 5
160 172 5
160 173 10
160 174 10
160 175 9
160 176 3
160 177 9
160 178 1
160 179 10
160 428 1
161 448 1
161 162 1
161 163 8
161 164 9
161 165 9
161 166 8
161 167 8
161 168 10
161 169 3
161 170 10
161 171 10
161 172 7
161 173 8
161 174 4
161 175 8
161 176 10
161 177 8
161 178 10
161 179 7
162 163 3
162 164 6
162 165 10
162 166 3
162 167 3
162 168 4
162 169 6
162 170 9
162 171 4
162 172 7
162 173 8
162 174 10
162 175 7
162 176 1
162 177 2
162 178 5
162 179 9
162 468 4
163 164 9
163 165 4
163 166 4
163 167 1
163 168 2
163 169 6
163 170 7
163 171 6
163 172 1
163 173 8
163 174 6
163 175 4
163 176 8
163 177 5
163 178 6
163 179 10
163 488 6
164 165 4
164 166 8
164 167 8
164 168 9
164 169 8
164 170 1
164 171 1
164 172 4
164 173 3
164 174 2
164 175 9
164 176 9
164 177 4
164 178 5
164 179 1
164 508 7
165 166 8
165 167 10
165 168 8
165 169 9
165 170 4
165 171 1
165 172 7
165 173 7
165 174 3
165 175 7
165 176 3
165 177 3
165 178 5
165 179 10
165 528 2
166 167 4
166 168 1
166 169 9
166 170 1
166 171 9
166 172 6
166 173 2
166 174 2
166 175 1
166 176 2
166 177 1
166 178 8
166 179 6
166 548 2
167 168 8
167 169 1
167 170 10
167 171 2
167 172 7
167 173 8
167 174 3
167 175 3
167 176 8
167 177 4
167 178 2
167 179 1
167 568 10
168 169 6
168 170 10
168 171 7
168 172 6
168 173 5
168 174 7
168 175 9
168 176 10
168 177 6
168 178 8
168 179 10
168 188 10
168 588 4
169 170 1
169 171 1
169 172 9
169 173 2
169 174 5
169 175 7
169 176 6
169 177 10
169 178 3
169 179 10
169 608 5
169 208 10
170 171 10
170 172 5
170 173 10
170 174 8
170 175 2
170 176 4
170 177 2
170 178 4
170 179 5
170 628 5
170 228 8
171 172 4
171 173 10
171 174 2
171 175 8
171 176 6
171 177 7
171 178 7
171 179 5
171 248 7
171 648 2
172 268 8
172 173 7
172 174 5
172 175 10
172 176 6
172 177 9
172 178 1
172 179 2
172 668 3
173 174 8
173 175 5
173 176 9
173 177 9
173 178 6
173 179 3
173 688 8
173 288 5
174 175 6
174 176 4
174 177 7
174 178 8
174 179 5
174 308 10
174 708 6
175 176 4
175 177 3
175 178 3
175 179 3
175 728 3
175 328 6
176 177 2
176 178 2
176 179 4
176 748 3
176 348 9
177 368 2
177 178 2
177 179 5
177 768 3
178 179 10
178 788 10
178 388 8
179 408 6
179 808 6
180 192 4
180 193 8
180 194 2
180 195 8
180 196 7
180 197 6
180 198 6
180 199 1
180 429 8
180 181 4
180 182 1
180 183 10
180 184 7
180 185 10
180 186 10
180 187 2
180 188 3
180 189 10
180 190 1
180 191 8
181 192 2
181 193 7
181 194 1
181 195 9
181 196 3
181 197 3
181 198 4
181 199 2
181 449 9
181 182 3
181 183 3
181 184 5
181 185 2
181 186 2
181 187 6
181 188 8
181 189 7
181 190 7
181 191 5
182 192 9
182 193 10
182 194 10
182 195 10
182 196 6
182 197 8
182 198 10
182 199 8
182 469 7
182 183 6
182 184 3
182 185 1
182 186 6
182 187 5
182 188 3
182 189 5
182 190 6
182 191 5
183 192 10
183 193 10
183 194 5
183 195 1
183 196 10
183 197 9
183 198 9
183 199 6
183 489 6
183 184 9
183 185 2
183 186 2
183 187 7
183 188 10
183 189 10
183 190 2
183 191 7
184 192 9
184 193 7
184 194 5
184 195 2
184 196 2
184 197 5
184 198 2
184 199 5
184 509 7
184 185 9
184 186 6
184 187 2
184 188 1
184 189 7
184 190 4
184 191 10
185 192 7
185 193 10
185 194 1
185 195 10
185 196 2
185 197 4
185 198 8
185 199 3
185 529 5
185 186 4
185 187 8
185 188 7
185 189 2
185 190 6
185 191 1
186 192 2
186 193 10
186 194 5
186 195 4
186 196 1
186 197 6
186 198 4
186 199 10
186 549 5
186 187 1
186 188 2
186 189 3
186 190 6
186 191 9
187 192 8
187 193 7
187 194 2
187 195 2
187 196 7
187 197 3
187 198 5
187 199 8
187 569 1
187 188 1
187 189 10
187 190 6
187 191 9
188 192 10
188 193 9
188 194 2
188 195 4
188 196 5
188 197 7
188 198 8
188 199 5
188 589 8
188 189 4
188 190 6
188 191 5
189 192 9
189 193 4
189 194 10
189 195 10
189 196 3
189 197 5
189 198 9
189 199 10
189 609 1
189 209 8
189 190 9
189 191 10
190 192 9
190 193 1
190 194 10
190 195 8
190 196 7
190 197 2
190 198 5
190 199 9
190 629 8
190 229 6
190 191 9
191 192 4
191 193 8
191 194 9
191 195 3
191 196 10
191 197 3
191 198 2
191 199 1
191 249 8
191 649 1
192 193 3
192 194 10
192 195 10
192 196 10
192 197 3
192 198 9
192 199 2
192 269 6
192 669 8
193 289 3
193 194 10
193 195 9
193 196 1
193 197 3
193 198 1
193 199 6
193 689 7
194 195 9
194 196 4
194 197 5
194 198 3
194 199 4
194 309 8
194 709 8
195 196 9
195 197 4
195 198 3
195 199 4
195 329 6
195 729 10
196 197 6
196 198 10
196 199 10
196 749 6
196 349 3
197 198 9
197 199 7
197 769 5
197 369 4
198 199 9
198 389 9
198 789 9
199 809 3
199 409 5
200 430 9
200 201 8
200 202 4
200 203 8
200 204 1
200 205 3
200 206 1
200 207 7
200 208 8
200 209 8
200 210 5
200 211 1
200 212 3
200 213 4
200 214 1
200 215 4
200 216 6
200 217 9
200 218 6
200 219 5
201 450 4
201 202 8
201 203 4
201 204 10
201 205 6
201 206 2
201 207 2
201 208 5
201 209 5
201 210 10
201 211 8
201 212 3
201 213 8
201 214 10
201 215 8
201 216 4
201 217 7
201 218 6
201 219 7
202 470 1
202 203 7
202 204 1
202 205 6
202 206 1
202 207 6
202 208 9
202 209 5
202 210 8
202 211 3
202 212 10
202 213 8
202 214 5
202 215 9
202 216 2
202 217 8
202 218 10
202 219 3
203 204 2
203 205 3
203 206 3
203 207 9
203 208 1
203 209 5
203 210 7
203 211 10
203 212 5
203 213 9
203 214 3
203 215 9
203 216 2
203 217 4
203 218 9
203 219 10
203 490 3
204 205 4
204 206 2
204 207 2
204 208 7
204 209 6
204 210 1
204 211 10
204 212 3
204 213 5
204 214 4
204 215 9
204 216 9
204 217 8
204 218 10
204 219 8
204 510 4
205 530 7
205 206 9
205 207 2
205 208 5
205 209 1
205 210 6
205 211 10
205 212 6
205 213 3
205 214 4
205 215 6
205 216 3
205 217 10
205 218 9
205 219 10
206 550 9
206 207 4
206 208 10
206 209 8
206 210 10
206 211 2
206 212 10
206 213 10
206 214 1
206 215 4
206 216 4
206 217 8
206 218 4
206 219 8
207 208 6
207 209 7
207 210 6
207 211 6
207 212 7
207 213 9
207 214 5
207 215 7
207 216 8
207 217 7
207 218 5
207 219 5
207 570 5
208 209 10
208 210 10
208 211 1
208 212 5
208 213 2
208 214 1
208 215 5
208 216 10
208 217 3
208 218 4
208 219 3
208 590 1
209 610 1
209 210 2
209 211 5
209 212 7
209 213 10
209 214 8
209 215 3
209 216 10
209 217 9
209 218 2
209 219 3
210 630 8
210 230 6
210 211 2
210 212 10
210 213 2
210 214 7
210 215 5
210 216 8
210 217 5
210 218 8
210 219 1
211 650 2
211 212 4
211 213 4
211 214 3
211 215 9
211 216 4
211 217 8
211 218 5
211 219 3
211 250 8
212 270 3
212 213 10
212 214 2
212 215 10
212 216 2
212 217 3
212 218 6
212 219 1
212 670 1
213 290 1
213 690 1
213 214 9
213 215 2
213 216 9
213 217 10
213 218 1
213 219 2
214 710 3
214 310 5
214 215 3
214 216 6
214 217 9
214 218 3
214 219 10
215 730 2
215 216 4
215 217 2
215 218 4
215 219 3
215 330 3
216 750 2
216 217 9
216 218 5
216 219 3
216 350 5
217 370 10
217 770 3
217 218 5
217 219 5
218 790 4
218 390 5
218 219 5
219 410 1
219 810 4
220 224 2
220 225 9
220 226 4
220 227 3
220 228 1
220 229 6
220 230 9
220 231 1
220 232 6
220 233 7
220 234 3
220 235 5
220 236 8
220 237 6
220 238 4
220 239 3
220 431 8
220 221 2
220 222 8
220 223 5
221 224 4
221 225 5
221 226 6
221 227 10
221 228 7
221 229 2
221 230 6
221 231 7
221 232 6
221 233 1
221 234 5
221 235 2
221 236 3
221 237 2
221 238 4
221 239 6
221 451 5
221 222 5
221 223 2
222 224 5
222 225 5
222 226 7
222 227 9
222 228 9
222 229 7
222 230 3
222 231 2
222 232 3
222 233 2
222 234 2
222 235 10
222 236 9
222 237 8
222 238 3
222 239 9
222 471 8
222 223 4
223 224 2
223 225 2
223 226 7
223 227 8
223 228 3
223 229 6
223 230 8
223 231 10
223 232 10
223 233 10
223 234 6
223 235 4
223 236 7
223 237 6
223 238 3
223 239 1
223 491 8
224 225 5
224 226 9
224 227 4
224 228 5
224 229 6
224 230 2
224 231 9
224 232 1
224 233 8
224 234 9
224 235 5
224 236 3
224 237 4
224 238 10
224 239 8
224 511 2
225 226 5
225 227 6
225 228 9
225 229 3
225 230 9
225 231 10
225 232 9
225 233 9
225 234 5
225 235 9
225 236 7
225 237 5
225 238 7
225 239 9
225 531 8
226 227 10
226 228 1
226 229 3
226 230 9
226 231 10
226 232 2
226 233 8
226 234 4
226 235 8
226 236 4
226 237 5
226 238 10
226 239 2
226 551 2
227 228 8
227 229 7
227 230 3
227 231 9
227 232 9
227 233 6
227 234 2
227 235 10
227 236 4
227 237 9
227 238 3
227 239 9
227 571 8
228 229 3
228 230 1
228 231 5
228 232 9
228 233 2
228 234 8
228 235 6
228 236 4
228 237 3
228 238 10
228 239 6
228 591 6
229 230 10
229 231 9
229 232 7
229 233 4
229 234 8
229 235 4
229 236 5
229 237 8
229 238 7
229 239 9
229 611 5
230 231 9
230 232 3
230 233 7
230 234 9
230 235 9
230 236 4
230 237 9
230 238 5
230 239 3
230 631 3
231 232 8
231 233 5
231 234 4
231 235 1
231 236 3
231 237 1
231 238 7
231 239 5
231 651 1
231 251 2
232 233 7
232 234 2
232 235 10
232 236 9
232 237 7
232 238 5
232 239 9
232 671 4
232 271 1
233 234 3
233 235 7
233 236 6
233 237 7
233 238 1
233 239 6
233 291 8
233 691 4
234 235 7
234 236 1
234 237 4
234 238 6
234 239 1
234 711 8
234 311 6
235 331 5
235 236 3
235 237 6
235 238 6
235 239 6
235 731 5
236 237 8
236 238 3
236 239 9
236 751 8
236 351 6
237 238 6
237 239 7
237 371 4
237 771 2
238 239 7
238 391 6
238 791 7
239 811 8
239 411 9
240 256 1
240 257 1
240 258 9
240 259 7
240 432 6
240 241 4
240 242 4
240 243 5
240 244 10
240 245 10
240 246 6
240 247 1
240 248 2
240 249 8
240 250 4
240 251 6
240 252 3
240 253 9
240 254 5
240 255 7
241 256 2
241 257 9
241 258 7
241 259 3
241 452 8
241 242 5
241 243 5
241 244 10
241 245 6
241 246 2
241 247 2
241 248 6
241 249 8
241 250 7
241 251 8
241 252 8
241 253 10
241 254 10
241 255 2
242 256 9
242 257 5
242 258 10
242 259 9
242 472 2
242 243 10
242 244 1
242 245 4
242 246 2
242 247 3
242 248 4
242 249 2
242 250 4
242 251 6
242 252 5
242 253 4
242 254 9
242 255 1
243 256 4
243 257 2
243 258 10
243 259 7
243 492 6
243 244 8
243 245 2
243 246 4
243 247 1
243 248 4
243 249 4
243 250 10
243 251 6
243 252 7
243 253 4
243 254 2
243 255 2
244 256 4
244 257 9
244 258 5
244 259 1
244 512 1
244 245 3
244 246 1
244 247 4
244 248 6
244 249 9
244 250 7
244 251 1
244 252 3
244 253 1
244 254 1
244 255 9
245 256 4
245 257 4
245 258 9
245 259 7
245 532 7
245 246 10
245 247 8
245 248 1
245 249 9
245 250 1
245 251 10
245 252 8
245 253 5
245 254 9
245 255 7
246 256 8
246 257 6
246 258 2
246 259 4
246 552 4
246 247 3
246 248 8
246 249 2
246 250 10
246 251 8
246 252 4
246 253 4
246 254 2
246 255 5
247 256 8
247 257 2
247 258 3
247 259 3
247 572 6
247 248 1
247 249 10
247 250 5
247 251 1
247 252 8
247 253 10
247 254 5
247 255 8
248 256 5
248 257 8
248 258 9
248 259 1
248 592 1
248 249 7
248 250 7
248 251 4
248 252 4
248 253 7
248 254 5
248 255 7
249 256 6
249 257 8
249 258 2
249 259 3
249 612 2
249 250 3
249 251 2
249 252 1
249 253 4
249 254 3
249 255 5
250 256 6
250 257 7
250 258 1
250 259 4
250 632 2
250 251 6
250 252 6
250 253 5
250 254 1
250 255 9
251 256 8
251 257 6
251 258 4
251 259 1
251 652 7
251 252 7
251 253 6
251 254 8
251 255 4
252 256 5
252 257 2
252 258 2
252 259 9
252 672 10
252 272 3
252 253 1
252 254 4
252 255 6
253 256 1
253 257 3
253 258 7
253 259 5
253 292 6
253 692 6
253 254 1
253 255 2
254 256 3
254 257 9
254 258 4
254 259 9
254 712 4
254 312 7
254 255 6
255 256 2
255 257 5
255 258 9
255 259 5
255 732 10
255 332 9
256 352 1
256 257 8
256 258 7
256 259 4
256 752 8
257 258 7
257 259 1
257 772 4
257 372 8
258 259 2
258 392 2
258 792 7
259 412 2
259 812 1
260 261 9
260 262 5
260 263 2
260 264 4
260 265 7
260 266 10
260 267 2
260 268 9
260 269 1
260 270 6
260 271 7
260 272 9
260 273 3
260 274 9
260 275 6
260 276 7
260 277 1
260 278 7
260 279 9
260 433 9
261 453 4
261 262 7
261 263 5
261 264 5
261 265 4
261 266 2
261 267 9
261 268 4
261 269 4
261 270 8
261 271 10
261 272 10
261 273 2
261 274 4
261 275 2
261 276 1
261 277 8
261 278 8
261 279 1
262 473 8
262 263 10
262 264 2
262 265 5
262 266 7
262 267 5
262 268 4
262 269 8
262 270 3
262 271 8
262 272 9
262 273 1
262 274 9
262 275 10
262 276 9
262 277 3
262 278 6
262 279 10
263 264 1
263 265 9
263 266 5
263 267 2
263 268 5
263 269 5
263 270 7
263 271 10
263 272 2
263 273 4
263 274 1
263 275 2
263 276 1
263 277 8
263 278 9
263 279 4
263 493 1
264 513 7
264 265 10
264 266 7
264 267 9
264 268 7
264 269 7
264 270 4
264 271 1
264 272 2
264 273 2
264 274 10
264 275 5
264 276 1
264 277 4
264 278 2
264 279 8
265 266 7
265 267 8
265 268 8
265 269 6
265 270 2
265 271 8
265 272 7
265 273 5
265 274 6
265 275 9
265 276 3
265 277 8
265 278 3
265 279 8
265 533 10
266 267 6
266 268 8
266 269 4
266 270 3
266 271 4
266 272 10
266 273 10
266 274 2
266 275 6
266 276 10
266 277 8
266 278 4
266 279 5
266 553 9
267 268 2
267 269 2
267 270 3
267 271 6
267 272 5
267 273 3
267 274 6
267 275 10
267 276 2
267 277 5
267 278 4
267 279 8
267 573 10
268 269 9
268 270 3
268 271 1
268 272 1
268 273 6
268 274 10
268 275 6
268 276 7
268 277 6
268 278 4
268 279 10
268 593 10
269 270 7
269 271 4
269 272 8
269 273 2
269 274 10
269 275 7
269 276 2
269 277 10
269 278 5
269 279 8
269 613 7
270 633 1
270 271 6
270 272 5
270 273 10
270 274 1
270 275 5
270 276 5
270 277 9
270 278 2
270 279 6
271 653 4
271 272 6
271 273 6
271 274 2
271 275 3
271 276 5
271 277 7
271 278 3
271 279 10
272 673 4
272 273 8
272 274 3
272 275 2
272 276 5
272 277 1
272 278 3
272 279 7
273 693 4
273 274 4
273 275 3
273 276 9
273 277 6
273 278 4
273 279 9
273 293 2
274 713 9
274 275 10
274 276 8
274 277 3
274 278 8
274 279 4
274 313 5
275 733 8
275 276 4
275 277 3
275 278 3
275 279 10
275 333 1
276 353 2
276 277 2
276 278 5
276 279 7
276 753 3
277 373 3
277 278 7
277 279 2
277 773 8
278 393 1
278 279 1
278 793 10
279 813 5
279 413 8
280 288 10
280 289 6
280 290 8
280 291 6
280 292 5
280 293 5
280 294 2
280 295 2
280 296 9
280 297 3
280 298 7
280 299 1
280 434 8
280 281 6
280 282 1
280 283 4
280 284 5
280 285 2
280 286 3
280 287 8
281 288 6
281 289 9
281 290 8
281 291 8
281 292 8
281 293 6
281 294 5
281 295 5
281 296 9
281 297 7
281 298 4
281 299 1
281 454 2
281 282 3
281 283 8
281 284 2
281 285 2
281 286 3
281 287 3
282 288 2
282 289 9
282 290 6
282 291 8
282 292 3
282 293 4
282 294 8
282 295 2
282 296 5
282 297 5
282 298 3
282 299 9
282 474 7
282 283 2
282 284 1
282 285 2
282 286 5
282 287 9
283 288 6
283 289 3
283 290 9
283 291 7
283 292 9
283 293 3
283 294 2
283 295 7
283 296 4
283 297 2
283 298 8
283 299 9
283 494 9
283 284 9
283 285 7
283 286 2
283 287 5
284 288 5
284 289 10
284 290 6
284 291 3
284 292 3
284 293 9
284 294 3
284 295 3
284 296 4
284 297 10
284 298 8
284 299 3
284 514 8
284 285 4
284 286 6
284 287 3
285 288 7
285 289 1
285 290 1
285 291 7
285 292 2
285 293 3
285 294 3
285 295 3
285 296 7
285 297 1
285 298 1
285 299 3
285 534 4
285 286 6
285 287 1
286 288 9
286 289 8
286 290 1
286 291 4
286 292 9
286 293 8
286 294 2
286 295 1
286 296 8
286 297 2
286 298 5
286 299 1
286 554 2
286 287 9
287 288 7
287 289 2
287 290 6
287 291 2
287 292 6
287 293 6
287 294 6
287 295 4
287 296 6
287 297 2
287 298 9
287 299 2
287 574 4
288 289 4
288 290 10
288 291 7
288 292 6
288 293 7
288 294 8
288 295 8
288 296 4
288 297 4
288 298 9
288 299 2
288 594 8
289 290 9
289 291 9
289 292 9
289 293 6
289 294 2
289 295 2
289 296 8
289 297 4
289 298 5
289 299 5
289 614 10
290 291 5
290 292 1
290 293 2
290 294 3
290 295 8
290 296 2
290 297 1
290 298 5
290 299 6
290 634 6
291 292 3
291 293 3
291 294 4
291 295 10
291 296 1
291 297 3
291 298 8
291 299 7
291 654 4
292 293 7
292 294 4
292 295 6
292 296 3
292 297 9
292 298 7
292 299 10
292 674 1
293 294 10
293 295 10
293 296 7
293 297 2
293 298 10
293 299 4
293 694 5
294 295 3
294 296 2
294 297 7
294 298 7
294 299 5
294 314 4
294 714 5
295 296 5
295 297 10
295 298 10
295 299 1
295 334 8
295 734 10
296 297 10
296 298 3
296 299 4
296 354 4
296 754 3
297 298 1
297 299 5
297 774 5
297 374 9
298 394 2
298 299 4
298 794 8
299 814 3
299 414 5
300 435 8
300 301 4
300 302 3
300 303 3
300 304 10
300 305 5
300 306 2
300 307 10
300 308 8
300 309 1
300 310 10
300 311 5
300 312 4
300 313 2
300 314 8
300 315 6
300 316 6
300 317 2
300 318 10
300 319 5
301 455 2
301 302 5
301 303 5
301 304 1
301 305 3
301 306 10
301 307 8
301 308 10
301 309 1
301 310 8
301 311 10
301 312 4
301 313 2
301 314 2
301 315 9
301 316 6
301 317 6
301 318 10
301 319 10
302 475 9
302 303 9
302 304 4
302 305 1
302 306 5
302 307 4
302 308 9
302 309 8
302 310 6
302 311 8
302 312 7
302 313 8
302 314 9
302 315 9
302 316 6
302 317 2
302 318 6
302 319 6
303 495 2
303 304 9
303 305 1
303 306 1
303 307 4
303 308 4
303 309 1
303 310 7
303 311 5
303 312 1
303 313 4
303 314 10
303 315 6
303 316 4
303 317 10
303 318 3
303 319 5
304 515 9
304 305 3
304 306 4
304 307 10
304 308 10
304 309 4
304 310 1
304 311 3
304 312 4
304 313 7
304 314 6
304 315 10
304 316 6
304 317 1
304 318 9
304 319 9
305 535 10
305 306 9
305 307 1
305 308 5
305 309 3
305 310 6
305 311 5
305 312 10
305 313 9
305 314 6
305 315 5
305 316 6
305 317 5
305 318 9
305 319 7
306 555 3
306 307 6
306 308 7
306 309 5
306 310 3
306 311 3
306 312 5
306 313 3
306 314 8
306 315 10
306 316 10
306 317 5
306 318 7
306 319 5
307 575 3
307 308 1
307 309 4
307 310 9
307 311 1
307 312 10
307 313 9
307 314 5
307 315 6
307 316 2
307 317 4
307 318 3
307 319 9
308 595 9
308 309 2
308 310 10
308 311 2
308 312 8
308 313 9
308 314 8
308 315 7
308 316 10
308 317 2
308 318 5
308 319 8
309 615 6
309 310 10
309 311 7
309 312 9
309 313 5
309 314 8
309 315 7
309 316 7
309 317 6
309 318 6
309 319 3
310 635 3
310 311 9
310 312 1
310 313 3
310 314 5
310 315 3
310 316 5
310 317 2
310 318 2
310 319 1
311 655 9
311 312 1
311 313 1
311 314 6
311 315 2
311 316 10
311 317 10
311 318 2
311 319 3
312 675 1
312 313 10
312 314 2
312 315 10
312 316 1
312 317 5
312 318 4
312 319 4
313 695 8
313 314 5
313 315 7
313 316 3
313 317 2
313 318 3
313 319 4
314 715 2
314 315 1
314 316 10
314 317 8
314 318 8
314 319 7
315 735 8
315 335 9
315 316 10
315 317 1
315 318 1
315 319 1
316 355 8
316 755 3
316 317 1
316 318 6
316 319 7
317 775 5
317 375 1
317 318 5
317 319 1
318 795 5
318 395 5
318 319 8
319 815 8
319 415 9
320 321 1
320 322 2
320 323 6
320 324 8
320 325 6
320 326 6
320 327 4
320 328 4
320 329 5
320 330 2
320 331 7
320 332 5
320 333 2
320 334 6
320 335 4
320 336 3
320 337 7
320 338 6
320 339 1
320 436 2
321 322 4
321 323 4
321 324 9
321 325 6
321 326 8
321 327 8
321 328 5
321 329 4
321 330 1
321 331 9
321 332 4
321 333 9
321 334 7
321 335 7
321 336 7
321 337 2
321 338 3
321 339 2
321 456 8
322 323 4
322 324 2
322 325 7
322 326 2
322 327 3
322 328 8
322 329 6
322 330 7
322 331 5
322 332 10
322 333 1
322 334 6
322 335 7
322 336 7
322 337 4
322 338 7
322 339 9
322 476 3
323 324 10
323 325 2
323 326 3
323 327 4
323 328 7
323 329 6
323 330 4
323 331 2
323 332 10
323 333 4
323 334 10
323 335 2
323 336 4
323 337 5
323 338 4
323 339 8
323 496 4
324 516 6
324 325 9
324 326 7
324 327 5
324 328 3
324 329 9
324 330 3
324 331 8
324 332 4
324 333 9
324 334 10
324 335 1
324 336 2
324 337 5
324 338 4
324 339 9
325 326 9
325 327 10
325 328 3
325 329 7
325 330 9
325 331 2
325 332 4
325 333 1
325 334 1
325 335 2
325 336 8
325 337 6
325 338 10
325 339 9
325 536 6
326 327 5
326 328 2
326 329 6
326 330 3
326 331 8
326 332 5
326 333 8
326 334 6
326 335 2
326 336 1
326 337 4
326 338 6
326 339 4
326 556 6
327 328 7
327 329 7
327 330 2
327 331 10
327 332 10
327 333 10
327 334 10
327 335 8
327 336 9
327 337 1
327 338 9
327 339 9
327 576 9
328 329 2
328 330 1
328 331 6
328 332 8
328 333 8
328 334 7
328 335 2
328 336 6
328 337 4
328 338 7
328 339 4
328 596 7
329 616 2
329 330 4
329 331 5
329 332 2
329 333 9
329 334 4
329 335 6
329 336 10
329 337 1
329 338 1
329 339 8
330 331 10
330 332 5
330 333 6
330 334 2
330 335 3
330 336 5
330 337 8
330 338 5
330 339 5
330 636 7
331 332 8
331 333 10
331 334 4
331 335 10
331 336 10
331 337 10
331 338 2
331 339 6
331 656 9
332 333 4
332 334 1
332 335 5
332 336 4
332 337 9
332 338 3
332 339 5
332 676 9
333 334 3
333 335 7
333 336 9
333 337 9
333 338 2
333 339 4
333 696 5
334 335 6
334 336 9
334 337 8
334 338 2
334 339 10
334 716 2
335 336 7
335 337 4
335 338 6
335 339 5
335 736 8
336 337 9
336 338 7
336 339 2
336 756 8
336 356 10
337 776 8
337 338 7
337 339 4
337 376 7
338 339 9
338 396 5
338 796 7
339 416 4
339 816 4
340 352 9
340 353 4
340 354 6
340 355 6
340 356 7
340 357 6
340 358 10
340 359 2
340 437 4
340 341 1
340 342 3
340 343 8
340 344 2
340 345 1
340 346 1
340 347 6
340 348 2
340 349 9
340 350 9
340 351 1
341 352 6
341 353 10
341 354 7
341 355 8
341 356 3
341 357 2
341 358 9
341 359 2
341 457 6
341 342 3
341 343 3
341 344 10
341 345 2
341 346 10
341 347 3
341 348 6
341 349 1
341 350 3
341 351 6
342 352 1
342 353 5
342 354 8
342 355 2
342 356 3
342 357 6
342 358 6
342 359 3
342 477 9
342 343 10
342 344 9
342 345 7
342 346 3
342 347 3
342 348 2
342 349 7
342 350 10
342 351 2
343 352 2
343 353 8
343 354 9
343 355 5
343 356 10
343 357 7
343 358 6
343 359 9
343 497 7
343 344 1
343 345 6
343 346 4
343 347 10
343 348 7
343 349 8
343 350 1
343 351 1
344 352 3
344 353 9
344 354 2
344 355 10
344 356 6
344 357 2
344 358 7
344 359 2
344 517 5
344 345 8
344 346 3
344 347 3
344 348 1
344 349 9
344 350 3
344 351 8
345 352 9
345 353 8
345 354 8
345 355 10
345 356 6
345 357 5
345 358 6
345 359 2
345 537 8
345 346 7
345 347 4
345 348 2
345 349 7
345 350 6
345 351 3
346 352 7
346 353 1
346 354 7
346 355 10
346 356 4
346 357 1
346 358 10
346 359 8
346 557 9
346 347 7
346 348 8
346 349 8
346 350 1
346 351 8
347 352 1
347 353 6
347 354 8
347 355 6
347 356 9
347 357 9
347 358 4
347 359 5
347 577 3
347 348 2
347 349 10
347 350 3
347 351 9
348 352 10
348 353 6
348 354 10
348 355 1
348 356 3
348 357 3
348 358 8
348 359 10
348 597 7
348 349 1
348 350 6
348 351 1
349 352 5
349 353 8
349 354 7
349 355 2
349 356 1
349 357 2
349 358 6
349 359 9
349 617 1
349 350 1
349 351 4
350 352 5
350 353 7
350 354 3
350 355 8
350 356 3
350 357 1
350 358 7
350 359 6
350 637 1
350 351 5
351 352 8
351 353 8
351 354 3
351 355 6
351 356 8
351 357 3
351 358 9
351 359 3
351 657 4
352 353 9
352 354 3
352 355 4
352 356 3
352 357 10
352 358 7
352 359 3
352 677 4
353 354 10
353 355 10
353 356 9
353 357 7
353 358 6
353 359 10
353 697 10
354 355 1
354 356 5
354 357 3
354 358 3
354 359 2
354 717 2
355 356 5
355 357 8
355 358 5
355 359 2
355 737 9
356 357 4
356 358 3
356 359 8
356 757 5
357 358 8
357 359 8
357 777 2
357 377 4
358 359 2
358 397 5
358 797 5
359 417 7
359 817 4
360 438 5
360 361 2
360 362 5
360 363 7
360 364 5
360 365 9
360 366 10
360 367 5
360 368 1
360 369 3
360 370 7
360 371 3
360 372 7
360 373 2
360 374 2
360 375 7
360 376 6
360 377 2
360 378 9
360 379 9
361 362 5
361 363 8
361 364 8
361 365 1
361 366 1
361 367 6
361 368 8
361 369 8
361 370 6
361 371 9
361 372 1
361 373 3
361 374 9
361 375 3
361 376 4
361 377 4
361 378 8
361 379 4
361 458 3
362 363 4
362 364 10
362 365 8
362 366 1
362 367 8
362 368 9
362 369 2
362 370 2
362 371 1
362 372 2
362 373 5
362 374 2
362 375 7
362 376 1
362 377 6
362 378 8
362 379 6
362 478 7
363 364 1
363 365 4
363 366 2
363 367 4
363 368 5
363 369 5
363 370 4
363 371 5
363 372 7
363 373 4
363 374 3
363 375 8
363 376 10
363 377 6
363 378 8
363 379 1
363 498 5
364 518 8
364 365 2
364 366 6
364 367 9
364 368 5
364 369 3
364 370 1
364 371 10
364 372 5
364 373 10
364 374 5
364 375 2
364 376 4
364 377 5
364 378 1
364 379 1
365 366 3
365 367 2
365 368 3
365 369 7
365 370 4
365 371 10
365 372 3
365 373 1
365 374 10
365 375 10
365 376 2
365 377 2
365 378 9
365 379 10
365 538 7
366 558 3
366 367 7
366 368 2
366 369 3
366 370 6
366 371 6
366 372 1
366 373 1
366 374 6
366 375 2
366 376 3
366 377 7
366 378 4
366 379 10
367 578 10
367 368 10
367 369 2
367 370 8
367 371 1
367 372 10
367 373 3
367 374 10
367 375 7
367 376 10
367 377 1
367 378 7
367 379 4
368 598 4
368 369 2
368 370 4
368 371 4
368 372 8
368 373 8
368 374 6
368 375 5
368 376 5
368 377 10
368 378 8
368 379 8
369 370 10
369 371 4
369 372 3
369 373 2
369 374 3
369 375 3
369 376 8
369 377 10
369 378 10
369 379 6
369 618 9
370 371 2
370 372 8
370 373 2
370 374 1
370 375 1
370 376 3
370 377 3
370 378 4
370 379 5
370 638 8
371 372 7
371 373 4
371 374 4
371 375 1
371 376 3
371 377 8
371 378 4
371 379 5
371 658 4
372 678 4
372 373 3
372 374 5
372 375 9
372 376 4
372 377 7
372 378 7
372 379 4
373 374 9
373 375 2
373 376 9
373 377 2
373 378 5
373 379 8
373 698 5
374 718 1
374 375 9
374 376 1
374 377 3
374 378 7
374 379 3
375 738 1
375 376 5
375 377 4
375 378 5
375 379 6
376 758 3
376 377 2
376 378 5
376 379 2
377 378 3
377 379 1
377 778 9
378 379 5
378 398 10
378 798 7
379 418 9
379 818 2
380 384 3
380 385 6
380 386 8
380 387 2
380 388 8
380 389 4
380 390 10
380 391 6
380 392 3
380 393 7
380 394 2
380 395 10
380 396 10
380 397 8
380 398 7
380 399 10
380 439 8
380 381 4
380 382 8
380 383 5
381 384 8
381 385 8
381 386 7
381 387 3
381 388 10
381 389 8
381 390 7
381 391 2
381 392 9
381 393 5
381 394 5
381 395 7
381 396 9
381 397 6
381 398 3
381 399 1
381 459 8
381 382 4
381 383 3
382 384 1
382 385 6
382 386 3
382 387 8
382 388 5
382 389 3
382 390 10
382 391 1
382 392 3
382 393 8
382 394 10
382 395 10
382 396 4
382 397 6
382 398 2
382 399 7
382 479 6
382 383 1
383 384 1
383 385 6
383 386 6
383 387 7
383 388 6
383 389 5
383 390 5
383 391 6
383 392 8
383 393 6
383 394 2
383 395 6
383 396 1
383 397 6
383 398 6
383 399 5
383 499 3
384 385 10
384 386 9
384 387 7
384 388 10
384 389 1
384 390 10
384 391 6
384 392 4
384 393 6
384 394 2
384 395 5
384 396 8
384 397 7
384 398 7
384 399 7
384 519 10
385 386 6
385 387 4
385 388 7
385 389 7
385 390 4
385 391 9
385 392 3
385 393 1
385 394 2
385 395 3
385 396 3
385 397 3
385 398 1
385 399 6
385 539 4
386 387 5
386 388 7
386 389 4
386 390 3
386 391 4
386 392 1
386 393 10
386 394 10
386 395 9
386 396 4
386 397 8
386 398 10
386 399 10
386 559 5
387 579 10
387 388 4
387 389 1
387 390 9
387 391 7
387 392 8
387 393 8
387 394 3
387 395 5
387 396 9
387 397 5
387 398 4
387 399 6
388 389 6
388 390 7
388 391 9
388 392 2
388 393 5
388 394 1
388 395 6
388 396 1
388 397 2
388 398 3
388 399 6
388 599 7
389 390 1
389 391 4
389 392 7
389 393 9
389 394 4
389 395 10
389 396 6
389 397 7
389 398 8
389 399 1
389 619 4
390 391 4
390 392 5
390 393 1
390 394 4
390 395 2
390 396 2
390 397 6
390 398 4
390 399 4
390 639 10
391 392 2
391 393 9
391 394 1
391 395 2
391 396 9
391 397 3
391 398 8
391 399 5
391 659 8
392 393 3
392 394 9
392 395 2
392 396 9
392 397 5
392 398 5
392 399 1
392 679 5
393 394 1
393 395 2
393 396 5
393 397 4
393 398 2
393 399 6
393 699 6
394 395 2
394 396 8
394 397 8
394 398 8
394 399 6
394 719 4
395 396 5
395 397 9
395 398 9
395 399 3
395 739 4
396 397 5
396 398 8
396 399 10
396 759 9
397 398 1
397 399 9
397 779 9
398 399 3
398 799 10
399 419 6
399 819 9
400 416 2
400 417 2
400 418 4
400 419 8
400 420 4
400 401 1
400 402 5
400 403 6
400 404 9
400 405 5
400 406 6
400 407 3
400 408 2
400 409 4
400 410 6
400 411 5
400 412 1
400 413 3
400 414 2
400 415 6
401 416 9
401 417 10
401 418 7
401 419 9
401 440 9
401 402 3
401 403 7
401 404 4
401 405 9
401 406 10
401 407 1
401 408 3
401 409 8
401 410 6
401 411 10
401 412 3
401 413 4
401 414 9
401 415 9
402 416 7
402 417 10
402 418 10
402 419 5
402 460 10
402 403 9
402 404 7
402 405 4
402 406 3
402 407 1
402 408 6
402 409 7
402 410 3
402 411 10
402 412 2
402 413 4
402 414 9
402 415 7
403 416 6
403 417 7
403 418 3
403 419 7
403 480 1
403 404 6
403 405 7
403 406 2
403 407 3
403 408 2
403 409 5
403 410 8
403 411 7
403 412 2
403 413 10
403 414 3
403 415 10
404 416 1
404 417 1
404 418 9
404 419 9
404 500 9
404 405 1
404 406 8
404 407 2
404 408 2
404 409 1
404 410 5
404 411 10
404 412 5
404 413 5
404 414 1
404 415 8
405 416 7
405 417 5
405 418 7
405 419 2
405 520 5
405 406 2
405 407 2
405 408 7
405 409 9
405 410 8
405 411 7
405 412 4
405 413 7
405 414 10
405 415 1
406 416 8
406 417 2
406 418 8
406 419 4
406 540 3
406 407 3
406 408 6
406 409 7
406 410 2
406 411 5
406 412 1
406 413 1
406 414 10
406 415 3
407 416 10
407 417 5
407 418 6
407 419 4
407 560 9
407 408 8
407 409 2
407 410 9
407 411 2
407 412 2
407 413 1
407 414 2
407 415 2
408 416 10
408 417 1
408 418 10
408 419 7
408 580 1
408 409 1
408 410 4
408 411 10
408 412 3
408 413 3
408 414 9
408 415 9
409 416 7
409 417 8
409 418 5
409 419 10
409 600 9
409 410 2
409 411 2
409 412 3
409 413 9
409 414 9
409 415 9
410 416 9
410 417 6
410 418 4
410 419 8
410 620 6
410 411 4
410 412 4
410 413 6
410 414 9
410 415 7
411 416 5
411 417 5
411 418 7
411 419 4
411 640 6
411 412 2
411 413 2
411 414 8
411 415 4
412 416 1
412 417 6
412 418 7
412 419 5
412 660 7
412 413 1
412 414 3
412 415 4
413 416 9
413 417 7
413 418 9
413 419 9
413 680 8
413 414 7
413 415 10
414 416 3
414 417 5
414 418 5
414 419 3
414 700 9
414 415 6
415 416 2
415 417 10
415 418 6
415 419 5
415 720 8
416 417 1
416 418 1
416 419 8
416 740 4
417 418 7
417 419 3
417 760 3
418 419 2
418 780 6
419 800 7
420 421 5
420 422 1
420 423 7
420 424 3
420 425 9
420 426 4
420 427 2
420 428 7
420 429 7
420 430 3
420 431 1
420 432 1
420 433 1
420 434 8
420 435 8
420 436 8
420 437 7
420 438 8
420 439 9
421 441 10
421 422 4
421 423 1
421 424 9
421 425 2
421 426 4
421 427 8
421 428 4
421 429 7
421 430 9
421 431 9
421 432 8
421 433 2
421 434 2
421 435 10
421 436 7
421 437 5
421 438 6
421 439 2
422 461 5
422 423 8
422 424 8
422 425 3
422 426 1
422 427 5
422 428 8
422 429 9
422 430 7
422 431 10
422 432 5
422 433 9
422 434 7
422 435 2
422 436 5
422 437 10
422 438 7
422 439 6
423 481 6
423 424 10
423 425 3
423 426 5
423 427 8
423 428 9
423 429 6
423 430 8
423 431 10
423 432 8
423 433 2
423 434 10
423 435 8
423 436 3
423 437 4
423 438 5
423 439 6
424 425 6
424 426 10
424 427 8
424 428 8
424 429 5
424 430 7
424 431 5
424 432 4
424 433 1
424 434 10
424 435 5
424 436 3
424 437 9
424 438 8
424 439 3
424 501 10
425 521 9
425 426 6
425 427 4
425 428 6
425 429 2
425 430 4
425 431 6
425 432 6
425 433 3
425 434 3
425 435 9
425 436 6
425 437 8
425 438 9
425 439 7
426 427 3
426 428 3
426 429 10
426 430 5
426 431 9
426 432 8
426 433 8
426 434 1
426 435 10
426 436 8
426 437 9
426 438 3
426 439 1
426 541 8
427 561 10
427 428 10
427 429 7
427 430 5
427 431 4
427 432 5
427 433 9
427 434 3
427 435 10
427 436 7
427 437 1
427 438 6
427 439 2
428 429 8
428 430 6
428 431 8
428 432 1
428 433 4
428 434 2
428 435 1
428 436 1
428 437 2
428 438 8
428 439 3
428 581 2
429 430 9
429 431 10
429 432 4
429 433 3
429 434 2
429 435 10
429 436 3
429 437 9
429 438 4
429 439 10
429 601 4
430 431 2
430 432 9
430 433 1
430 434 7
430 435 6
430 436 2
430 437 10
430 438 7
430 439 2
430 621 10
431 641 10
431 432 2
431 433 9
431 434 5
431 435 5
431 436 5
431 437 2
431 438 7
431 439 6
432 433 1
432 434 10
432 435 6
432 436 8
432 437 10
432 438 6
432 439 4
432 661 2
433 681 5
433 434 8
433 435 2
433 436 4
433 437 5
433 438 2
433 439 8
434 435 4
434 436 6
434 437 9
434 438 6
434 439 4
434 701 2
435 721 10
435 436 2
435 437 4
435 438 9
435 439 1
436 437 3
436 438 9
436 439 9
436 741 4
437 438 6
437 439 5
437 761 8
438 781 9
438 439 4
439 801 9
440 448 8
440 449 9
440 450 5
440 451 4
440 452 2
440 453 4
440 454 1
440 455 1
440 456 8
440 457 6
440 458 4
440 459 5
440 441 10
440 442 6
440 443 5
440 444 10
440 445 8
440 446 6
440 447 8
441 448 9
441 449 8
441 450 4
441 451 10
441 452 1
441 453 10
441 454 7
441 455 4
441 456 2
441 457 4
441 458 10
441 459 10
441 442 7
441 443 1
441 444 9
441 445 1
441 446 1
441 447 3
442 448 10
442 449 1
442 450 5
442 451 3
442 452 7
442 453 3
442 454 7
442 455 8
442 456 3
442 457 8
442 458 6
442 459 2
442 462 4
442 443 9
442 444 2
442 445 1
442 446 5
442 447 5
443 448 5
443 449 3
443 450 8
443 451 3
443 452 4
443 453 1
443 454 4
443 455 8
443 456 5
443 457 6
443 458 8
443 459 10
443 482 9
443 444 3
443 445 6
443 446 5
443 447 6
444 448 1
444 449 5
444 450 7
444 451 10
444 452 3
444 453 7
444 454 3
444 455 8
444 456 5
444 457 1
444 458 9
444 459 2
444 502 1
444 445 10
444 446 1
444 447 4
445 448 5
445 449 10
445 450 3
445 451 6
445 452 6
445 453 2
445 454 8
445 455 10
445 456 1
445 457 2
445 458 2
445 459 8
445 522 4
445 446 7
445 447 1
446 448 5
446 449 8
446 450 6
446 451 7
446 452 9
446 453 5
446 454 2
446 455 4
446 456 6
446 457 4
446 458 9
446 459 9
446 542 4
446 447 3
447 448 2
447 449 4
447 450 3
447 451 10
447 452 8
447 453 3
447 454 9
447 455 5
447 456 10
447 457 9
447 458 9
447 459 1
447 562 10
448 449 3
448 450 6
448 451 7
448 452 1
448 453 3
448 454 2
448 455 6
448 456 4
448 457 6
448 458 2
448 459 4
448 582 4
449 450 1
449 451 7
449 452 3
449 453 8
449 454 10
449 455 7
449 456 5
449 457 10
449 458 10
449 459 4
449 602 7
450 451 5
450 452 6
450 453 6
450 454 1
450 455 1
450 456 10
450 457 8
450 458 8
450 459 5
450 622 5
451 452 3
451 453 9
451 454 1
451 455 5
451 456 4
451 457 9
451 458 1
451 459 4
451 642 3
452 453 8
452 454 9
452 455 2
452 456 5
452 457 7
452 458 3
452 459 2
452 662 8
453 454 3
453 455 4
453 456 9
453 457 1
453 458 5
453 459 3
453 682 2
454 455 2
454 456 9
454 457 8
454 458 6
454 459 9
454 702 10
455 456 8
455 457 8
455 458 2
455 459 5
455 722 4
456 457 3
456 458 6
456 459 10
456 742 4
457 762 10
457 458 7
457 459 10
458 459 7
458 782 10
459 802 4
460 461 2
460 462 5
460 463 2
460 464 9
460 465 10
460 466 3
460 467 4
460 468 9
460 469 2
460 470 7
460 471 10
460 472 6
460 473 7
460 474 10
460 475 2
460 476 4
460 477 5
460 478 3
460 479 3
461 462 6
461 463 3
461 464 10
461 465 1
461 466 4
461 467 8
461 468 10
461 469 5
461 470 6
461 471 9
461 472 7
461 473 2
461 474 3
461 475 2
461 476 4
461 477 1
461 478 5
461 479 5
462 463 7
462 464 8
462 465 10
462 466 10
462 467 1
462 468 10
462 469 9
462 470 9
462 471 9
462 472 1
462 473 4
462 474 4
462 475 6
462 476 2
462 477 8
462 478 6
462 479 5
463 483 4
463 464 10
463 465 5
463 466 9
463 467 1
463 468 2
463 469 10
463 470 10
463 471 2
463 472 2
463 473 3
463 474 7
463 475 1
463 476 6
463 477 10
463 478 4
463 479 3
464 503 5
464 465 2
464 466 3
464 467 6
464 468 9
464 469 5
464 470 7
464 471 9
464 472 10
464 473 7
464 474 7
464 475 10
464 476 2
464 477 3
464 478 6
464 479 6
465 523 9
465 466 4
465 467 2
465 468 4
465 469 1
465 470 7
465 471 10
465 472 4
465 473 5
465 474 8
465 475 5
465 476 8
465 477 6
465 478 5
465 479 1
466 543 1
466 467 1
466 468 10
466 469 8
466 470 2
466 471 1
466 472 5
466 473 5
466 474 9
466 475 9
466 476 3
466 477 2
466 478 10
466 479 8
467 563 10
467 468 8
467 469 2
467 470 7
467 471 8
467 472 7
467 473 9
467 474 6
467 475 4
467 476 4
467 477 5
467 478 7
467 479 9
468 583 9
468 469 7
468 470 4
468 471 6
468 472 4
468 473 3
468 474 8
468 475 9
468 476 7
468 477 5
468 478 2
468 479 8
469 603 7
469 470 1
469 471 6
469 472 6
469 473 10
469 474 1
469 475 10
469 476 4
469 477 10
469 478 3
469 479 5
470 623 10
470 471 10
470 472 6
470 473 4
470 474 10
470 475 6
470 476 2
470 477 10
470 478 1
470 479 6
471 643 1
471 472 10
471 473 5
471 474 10
471 475 6
471 476 4
471 477 5
471 478 3
471 479 8
472 663 10
472 473 7
472 474 8
472 475 3
472 476 8
472 477 8
472 478 7
472 479 10
473 683 10
473 474 4
473 475 7
473 476 3
473 477 8
473 478 2
473 479 4
474 703 1
474 475 5
474 476 9
474 477 3
474 478 5
474 479 7
475 723 9
475 476 10
475 477 9
475 478 10
475 479 7
476 743 7
476 477 5
476 478 6
476 479 5
477 763 8
477 478 6
477 479 4
478 783 9
478 479 7
479 803 2
480 481 8
480 482 8
480 483 6
480 484 4
480 485 4
480 486 9
480 487 10
480 488 3
480 489 6
480 490 2
480 491 7
480 492 6
480 493 6
480 494 4
480 495 8
480 496 2
480 497 1
480 498 4
480 499 2
481 482 2
481 483 10
481 484 6
481 485 3
481 486 2
481 487 2
481 488 5
481 489 8
481 490 5
481 491 9
481 492 2
481 493 6
481 494 4
481 495 10
481 496 4
481 497 1
481 498 6
481 499 10
482 483 9
482 484 8
482 485 2
482 486 2
482 487 2
482 488 7
482 489 7
482 490 7
482 491 8
482 492 5
482 493 2
482 494 4
482 495 8
482 496 9
482 497 10
482 498 9
482 499 1
483 484 8
483 485 9
483 486 8
483 487 1
483 488 5
483 489 9
483 490 2
483 491 3
483 492 2
483 493 2
483 494 1
483 495 3
483 496 3
483 497 5
483 498 6
483 499 7
484 485 1
484 486 7
484 487 8
484 488 2
484 489 8
484 490 1
484 491 10
484 492 8
484 493 8
484 494 4
484 495 6
484 496 3
484 497 9
484 498 5
484 499 6
484 504 1
485 486 6
485 487 2
485 488 6
485 489 9
485 490 8
485 491 6
485 492 9
485 493 5
485 494 8
485 495 8
485 496 8
485 497 6
485 498 3
485 499 7
485 524 3
486 487 8
486 488 6
486 489 4
486 490 9
486 491 8
486 492 10
486 493 10
486 494 5
486 495 9
486 496 4
486 497 9
486 498 3
486 499 2
486 544 1
487 488 9
487 489 7
487 490 10
487 491 5
487 492 3
487 493 4
487 494 8
487 495 8
487 496 6
487 497 3
487 498 2
487 499 1
487 564 5
488 584 9
488 489 4
488 490 10
488 491 2
488 492 10
488 493 10
488 494 5
488 495 3
488 496 10
488 497 6
488 498 8
488 499 2
489 490 9
489 491 10
489 492 7
489 493 7
489 494 1
489 495 8
489 496 5
489 497 4
489 498 4
489 499 1
489 604 4
490 491 3
490 492 3
490 493 4
490 494 9
490 495 6
490 496 5
490 497 6
490 498 5
490 499 3
490 624 7
491 492 6
491 493 5
491 494 2
491 495 2
491 496 7
491 497 10
491 498 7
491 499 7
491 644 3
492 493 6
492 494 9
492 495 6
492 496 9
492 497 7
492 498 4
492 499 1
492 664 4
493 494 8
493 495 9
493 496 5
493 497 6
493 498 2
493 499 10
493 684 6
494 495 1
494 496 6
494 497 7
494 498 2
494 499 7
494 704 7
495 496 3
495 497 1
495 498 5
495 499 1
495 724 3
496 497 6
496 498 3
496 499 3
496 744 7
497 498 6
497 499 5
497 764 8
498 499 8
498 784 6
499 804 7
500 512 5
500 513 5
500 514 3
500 515 8
500 516 5
500 517 3
500 518 7
500 519 2
500 501 10
500 502 2
500 503 1
500 504 9
500 505 3
500 506 4
500 507 6
500 508 4
500 509 4
500 510 5
500 511 6
501 512 4
501 513 1
501 514 3
501 515 10
501 516 3
501 517 7
501 518 6
501 519 9
501 502 7
501 503 9
501 504 9
501 505 3
501 506 4
501 507 9
501 508 10
501 509 2
501 510 9
501 511 8
502 512 5
502 513 8
502 514 3
502 515 4
502 516 9
502 517 4
502 518 7
502 519 3
502 503 6
502 504 4
502 505 1
502 506 1
502 507 2
502 508 6
502 509 5
502 510 7
502 511 6
503 512 1
503 513 7
503 514 10
503 515 7
503 516 7
503 517 6
503 518 8
503 519 4
503 504 6
503 505 1
503 506 3
503 507 9
503 508 10
503 509 9
503 510 9
503 511 4
504 512 8
504 513 8
504 514 2
504 515 7
504 516 10
504 517 8
504 518 3
504 519 2
504 505 4
504 506 4
504 507 10
504 508 3
504 509 4
504 510 9
504 511 2
505 512 6
505 513 2
505 514 3
505 515 7
505 516 10
505 517 2
505 518 5
505 519 9
505 525 3
505 506 2
505 507 9
505 508 8
505 509 10
505 510 3
505 511 2
506 512 3
506 513 2
506 514 7
506 515 7
506 516 6
506 517 8
506 518 10
506 519 9
506 545 7
506 507 7
506 508 4
506 509 4
506 510 7
506 511 10
507 512 5
507 513 10
507 514 7
507 515 4
507 516 6
507 517 9
507 518 2
507 519 8
507 565 7
507 508 7
507 509 3
507 510 2
507 511 5
508 512 9
508 513 3
508 514 10
508 515 4
508 516 10
508 517 8
508 518 3
508 519 5
508 585 10
508 509 5
508 510 2
508 511 3
509 512 2
509 513 5
509 514 10
509 515 2
509 516 3
509 517 1
509 518 6
509 519 1
509 605 7
509 510 7
509 511 10
510 512 5
510 513 8
510 514 10
510 515 6
510 516 9
510 517 2
510 518 7
510 519 8
510 625 7
510 511 9
511 512 6
511 513 6
511 514 9
511 515 2
511 516 7
511 517 9
511 518 7
511 519 3
511 645 4
512 513 1
512 514 3
512 515 3
512 516 10
512 517 7
512 518 6
512 519 7
512 665 6
513 514 9
513 515 10
513 516 6
513 517 10
513 518 7
513 519 5
513 685 2
514 515 6
514 516 10
514 517 9
514 518 3
514 519 3
514 705 10
515 516 4
515 517 9
515 518 1
515 519 7
515 725 10
516 517 5
516 518 5
516 519 8
516 745 10
517 518 8
517 519 5
517 765 3
518 519 10
518 785 7
519 805 5
520 521 5
520 522 6
520 523 9
520 524 1
520 525 7
520 526 3
520 527 9
520 528 4
520 529 6
520 530 7
520 531 5
520 532 6
520 533 1
520 534 10
520 535 1
520 536 8
520 537 8
520 538 4
520 539 2
521 522 10
521 523 4
521 524 1
521 525 3
521 526 10
521 527 7
521 528 10
521 529 2
521 530 1
521 531 5
521 532 9
521 533 2
521 534 2
521 535 1
521 536 10
521 537 6
521 538 3
521 539 2
522 523 1
522 524 9
522 525 1
522 526 7
522 527 9
522 528 7
522 529 3
522 530 6
522 531 2
522 532 2
522 533 8
522 534 9
522 535 4
522 536 7
522 537 9
522 538 9
522 539 4
523 524 9
523 525 3
523 526 1
523 527 2
523 528 8
523 529 7
523 530 8
523 531 1
523 532 4
523 533 10
523 534 3
523 535 2
523 536 10
523 537 1
523 538 5
523 539 4
524 525 8
524 526 1
524 527 2
524 528 3
524 529 8
524 530 8
524 531 8
524 532 3
524 533 3
524 534 5
524 535 1
524 536 4
524 537 5
524 538 1
524 539 1
525 526 3
525 527 5
525 528 9
525 529 1
525 530 3
525 531 6
525 532 9
525 533 10
525 534 1
525 535 9
525 536 7
525 537 5
525 538 4
525 539 3
526 546 4
526 527 4
526 528 3
526 529 9
526 530 5
526 531 8
526 532 7
526 533 3
526 534 8
526 535 10
526 536 2
526 537 3
526 538 2
526 539 10
527 566 7
527 528 9
527 529 2
527 530 3
527 531 7
527 532 4
527 533 6
527 534 3
527 535 2
527 536 5
527 537 6
527 538 6
527 539 4
528 529 2
528 530 6
528 531 4
528 532 4
528 533 4
528 534 1
528 535 5
528 536 6
528 537 5
528 538 1
528 539 4
528 586 9
529 530 6
529 531 5
529 532 5
529 533 4
529 534 9
529 535 5
529 536 2
529 537 7
529 538 2
529 539 2
529 606 3
530 626 3
530 531 1
530 532 8
530 533 8
530 534 5
530 535 6
530 536 8
530 537 4
530 538 10
530 539 9
531 646 4
531 532 1
531 533 5
531 534 7
531 535 8
531 536 8
531 537 3
531 538 3
531 539 4
532 533 4
532 534 10
532 535 1
532 536 7
532 537 2
532 538 4
532 539 7
532 666 9
533 686 3
533 534 7
533 535 1
533 536 1
533 537 5
533 538 7
533 539 9
534 706 2
534 535 10
534 536 7
534 537 4
534 538 5
534 539 8
535 726 3
535 536 6
535 537 6
535 538 10
535 539 10
536 537 8
536 538 10
536 539 1
536 746 10
537 538 2
537 539 7
537 766 2
538 786 7
538 539 7
539 806 6
540 544 8
540 545 6
540 546 5
540 547 1
540 548 9
540 549 4
540 550 7
540 551 3
540 552 10
540 553 2
540 554 2
540 555 9
540 556 4
540 557 5
540 558 7
540 559 3
540 541 1
540 542 10
540 543 1
541 544 7
541 545 1
541 546 5
541 547 5
541 548 8
541 549 3
541 550 6
541 551 6
541 552 4
541 553 2
541 554 9
541 555 4
541 556 6
541 557 6
541 558 2
541 559 3
541 542 7
541 543 8
542 544 6
542 545 1
542 546 5
542 547 3
542 548 1
542 549 5
542 550 6
542 551 3
542 552 6
542 553 1
542 554 1
542 555 6
542 556 1
542 557 9
542 558 4
542 559 7
542 543 8
543 544 9
543 545 4
543 546 4
543 547 10
543 548 4
543 549 9
543 550 7
543 551 4
543 552 2
543 553 4
543 554 2
543 555 2
543 556 3
543 557 1
543 558 10
543 559 5
544 545 5
544 546 2
544 547 3
544 548 2
544 549 1
544 550 6
544 551 6
544 552 3
544 553 8
544 554 1
544 555 6
544 556 10
544 557 2
544 558 1
544 559 7
545 546 5
545 547 1
545 548 10
545 549 10
545 550 3
545 551 4
545 552 1
545 553 5
545 554 1
545 555 1
545 556 5
545 557 2
545 558 7
545 559 2
546 547 1
546 548 6
546 549 1
546 550 9
546 551 10
546 552 3
546 553 9
546 554 9
546 555 2
546 556 7
546 557 5
546 558 1
546 559 6
547 548 6
547 549 8
547 550 9
547 551 4
547 552 8
547 553 2
547 554 1
547 555 10
547 556 7
547 557 1
547 558 8
547 559 2
547 567 8
548 549 1
548 550 2
548 551 8
548 552 8
548 553 8
548 554 8
548 555 3
548 556 7
548 557 4
548 558 10
548 559 10
548 587 9
549 550 8
549 551 3
549 552 4
549 553 1
549 554 3
549 555 6
549 556 9
549 557 3
549 558 3
549 559 9
549 607 2
550 551 3
550 552 9
550 553 3
550 554 10
550 555 6
550 556 5
550 557 2
550 558 6
550 559 4
550 627 7
551 552 6
551 553 3
551 554 2
551 555 5
551 556 7
551 557 7
551 558 2
551 559 10
551 647 2
552 553 1
552 554 3
552 555 2
552 556 7
552 557 5
552 558 5
552 559 9
552 667 2
553 554 7
553 555 4
553 556 9
553 557 9
553 558 9
553 559 8
553 687 7
554 555 4
554 556 10
554 557 2
554 558 10
554 559 6
554 707 4
555 556 10
555 557 2
555 558 7
555 559 10
555 727 9
556 557 3
556 558 9
556 559 10
556 747 6
557 558 10
557 559 3
557 767 4
558 559 1
558 787 7
559 807 8
560 576 10
560 577 6
560 578 2
560 579 4
560 561 9
560 562 6
560 563 5
560 564 4
560 565 2
560 566 9
560 567 9
560 568 10
560 569 2
560 570 7
560 571 5
560 572 2
560 573 7
560 574 6
560 575 7
561 576 5
561 577 9
561 578 1
561 579 9
561 562 4
561 563 4
561 564 5
561 565 5
561 566 6
561 567 6
561 568 3
561 569 9
561 570 10
561 571 4
561 572 1
561 573 5
561 574 7
561 575 4
562 576 10
562 577 5
562 578 2
562 579 9
562 563 3
562 564 6
562 565 5
562 566 5
562 567 9
562 568 6
562 569 8
562 570 2
562 571 10
562 572 5
562 573 3
562 574 2
562 575 5
563 576 8
563 577 10
563 578 7
563 579 5
563 564 9
563 565 5
563 566 2
563 567 5
563 568 2
563 569 10
563 570 2
563 571 10
563 572 8
563 573 1
563 574 10
563 575 5
564 576 7
564 577 2
564 578 5
564 579 9
564 565 6
564 566 5
564 567 7
564 568 5
564 569 10
564 570 6
564 571 9
564 572 1
564 573 6
564 574 7
564 575 6
565 576 6
565 577 2
565 578 5
565 579 10
565 566 7
565 567 8
565 568 6
565 569 1
565 570 5
565 571 2
565 572 4
565 573 1
565 574 3
565 575 8
566 576 4
566 577 6
566 578 7
566 579 3
566 567 7
566 568 5
566 569 10
566 570 6
566 571 1
566 572 9
566 573 7
566 574 5
566 575 6
567 576 4
567 577 2
567 578 2
567 579 2
567 568 4
567 569 7
567 570 10
567 571 3
567 572 10
567 573 8
567 574 1
567 575 6
568 576 9
568 577 3
568 578 3
568 579 6
568 588 9
568 569 3
568 570 2
568 571 2
568 572 5
568 573 3
568 574 8
568 575 4
569 576 8
569 577 8
569 578 8
569 579 10
569 608 4
569 570 8
569 571 4
569 572 9
569 573 10
569 574 9
569 575 3
570 576 8
570 577 2
570 578 4
570 579 6
570 628 9
570 571 9
570 572 4
570 573 8
570 574 5
570 575 3
571 576 7
571 577 3
571 578 4
571 579 1
571 648 1
571 572 6
571 573 5
571 574 5
571 575 2
572 576 4
572 577 9
572 578 3
572 579 2
572 668 6
572 573 5
572 574 4
572 575 6
573 576 2
573 577 1
573 578 9
573 579 7
573 688 6
573 574 4
573 575 8
574 576 4
574 577 8
574 578 9
574 579 7
574 708 6
574 575 10
575 576 6
575 577 8
575 578 10
575 579 7
575 728 10
576 577 10
576 578 9
576 579 10
576 748 7
577 768 8
577 578 5
577 579 6
578 579 8
578 788 3
579 808 8
580 581 7
580 582 5
580 583 3
580 584 6
580 585 4
580 586 3
580 587 2
580 588 6
580 589 3
580 590 4
580 591 10
580 592 10
580 593 4
580 594 4
580 595 3
580 596 3
580 597 1
580 598 5
580 599 1
581 582 4
581 583 3
581 584 10
581 585 9
581 586 7
581 587 4
581 588 8
581 589 9
581 590 4
581 591 6
581 592 8
581 593 5
581 594 7
581 595 6
581 596 8
581 597 9
581 598 3
581 599 6
582 583 1
582 584 8
582 585 10
582 586 4
582 587 1
582 588 1
582 589 9
582 590 2
582 591 9
582 592 1
582 593 10
582 594 3
582 595 10
582 596 3
582 597 6
582 598 5
582 599 10
583 584 4
583 585 5
583 586 5
583 587 2
583 588 1
583 589 6
583 590 9
583 591 2
583 592 8
583 593 3
583 594 6
583 595 9
583 596 5
583 597 10
583 598 1
583 599 10
584 585 8
584 586 8
584 587 6
584 588 6
584 589 8
584 590 7
584 591 8
584 592 8
584 593 5
584 594 3
584 595 3
584 596 3
584 597 9
584 598 3
584 599 9
585 586 10
585 587 9
585 588 6
585 589 10
585 590 8
585 591 7
585 592 8
585 593 6
585 594 6
585 595 1
585 596 2
585 597 5
585 598 4
585 599 8
586 587 3
586 588 9
586 589 6
586 590 6
586 591 6
586 592 5
586 593 10
586 594 6
586 595 10
586 596 10
586 597 7
586 598 2
586 599 4
587 588 4
587 589 9
587 590 10
587 591 1
587 592 10
587 593 4
587 594 5
587 595 2
587 596 5
587 597 6
587 598 7
587 599 5
588 589 3
588 590 9
588 591 3
588 592 1
588 593 9
588 594 7
588 595 2
588 596 3
588 597 9
588 598 3
588 599 5
589 609 8
589 590 4
589 591 9
589 592 10
589 593 5
589 594 2
589 595 5
589 596 6
589 597 2
589 598 5
589 599 9
590 591 7
590 592 3
590 593 7
590 594 3
590 595 5
590 596 2
590 597 2
590 598 9
590 599 10
590 629 8
591 649 7
591 592 10
591 593 8
591 594 7
591 595 10
591 596 1
591 597 2
591 598 1
591 599 1
592 593 6
592 594 6
592 595 10
592 596 1
592 597 7
592 598 6
592 599 10
592 669 1
593 689 7
593 594 4
593 595 10
593 596 8
593 597 3
593 598 8
593 599 9
594 595 3
594 596 3
594 597 10
594 598 9
594 599 9
594 709 8
595 729 5
595 596 2
595 597 10
595 598 8
595 599 5
596 749 10
596 597 2
596 598 2
596 599 4
597 769 6
597 598 10
597 599 2
598 599 3
598 789 7
599 809 3
600 608 3
600 609 7
600 610 7
600 611 1
600 612 2
600 613 7
600 614 3
600 615 6
600 616 4
600 617 3
600 618 8
600 619 2
600 601 3
600 602 10
600 603 3
600 604 2
600 605 3
600 606 4
600 607 6
601 608 5
601 609 6
601 610 7
601 611 6
601 612 10
601 613 9
601 614 5
601 615 10
601 616 4
601 617 1
601 618 10
601 619 9
601 602 5
601 603 1
601 604 9
601 605 1
601 606 6
601 607 6
602 608 8
602 609 3
602 610 1
602 611 5
602 612 8
602 613 4
602 614 1
602 615 3
602 616 2
602 617 4
602 618 10
602 619 7
602 603 6
602 604 8
602 605 3
602 606 6
602 607 9
603 608 2
603 609 9
603 610 10
603 611 5
603 612 9
603 613 4
603 614 3
603 615 5
603 616 2
603 617 3
603 618 9
603 619 4
603 604 8
603 605 8
603 606 1
603 607 4
604 608 7
604 609 9
604 610 3
604 611 7
604 612 1
604 613 6
604 614 7
604 615 9
604 616 9
604 617 9
604 618 10
604 619 2
604 605 10
604 606 1
604 607 7
605 608 1
605 609 4
605 610 5
605 611 2
605 612 5
605 613 4
605 614 9
605 615 10
605 616 3
605 617 9
605 618 1
605 619 8
605 606 10
605 607 1
606 608 10
606 609 7
606 610 10
606 611 4
606 612 4
606 613 6
606 614 9
606 615 7
606 616 7
606 617 3
606 618 10
606 619 2
606 607 2
607 608 2
607 609 6
607 610 6
607 611 9
607 612 5
607 613 5
607 614 9
607 615 9
607 616 4
607 617 2
607 618 5
607 619 9
608 609 2
608 610 3
608 611 10
608 612 8
608 613 5
608 614 7
608 615 10
608 616 10
608 617 5
608 618 7
608 619 7
609 610 7
609 611 2
609 612 3
609 613 6
609 614 8
609 615 10
609 616 4
609 617 2
609 618 7
609 619 10
610 611 3
610 612 8
610 613 5
610 614 2
610 615 7
610 616 2
610 617 10
610 618 1
610 619 9
610 630 6
611 612 6
611 613 5
611 614 4
611 615 1
611 616 4
611 617 8
611 618 1
611 619 3
611 650 9
612 613 2
612 614 3
612 615 5
612 616 2
612 617 10
612 618 1
612 619 4
612 670 4
613 614 2
613 615 3
613 616 9
613 617 9
613 618 4
613 619 4
613 690 2
614 710 10
614 615 6
614 616 3
614 617 3
614 618 7
614 619 4
615 616 1
615 617 2
615 618 9
615 619 2
615 730 8
616 617 5
616 618 8
616 619 7
616 750 3
617 618 10
617 619 9
617 770 10
618 619 7
618 790 4
619 810 10
620 621 7
620 622 3
620 623 10
620 624 1
620 625 9
620 626 3
620 627 1
620 628 5
620 629 10
620 630 9
620 631 9
620 632 3
620 633 7
620 634 9
620 635 4
620 636 3
620 637 5
620 638 3
620 639 8
621 622 9
621 623 1
621 624 4
621 625 4
621 626 7
621 627 5
621 628 10
621 629 3
621 630 5
621 631 8
621 632 10
621 633 3
621 634 3
621 635 7
621 636 6
621 637 3
621 638 6
621 639 1
622 623 6
622 624 2
622 625 10
622 626 9
622 627 2
622 628 9
622 629 10
622 630 4
622 631 3
622 632 3
622 633 7
622 634 7
622 635 6
622 636 6
622 637 3
622 638 5
622 639 4
623 624 5
623 625 5
623 626 5
623 627 7
623 628 1
623 629 4
623 630 1
623 631 6
623 632 4
623 633 9
623 634 5
623 635 5
623 636 2
623 637 6
623 638 7
623 639 1
624 625 10
624 626 3
624 627 6
624 628 1
624 629 2
624 630 6
624 631 2
624 632 6
624 633 7
624 634 3
624 635 3
624 636 9
624 637 1
624 638 2
624 639 5
625 626 3
625 627 10
625 628 3
625 629 8
625 630 8
625 631 7
625 632 8
625 633 5
625 634 4
625 635 4
625 636 6
625 637 8
625 638 9
625 639 10
626 627 3
626 628 8
626 629 10
626 630 3
626 631 4
626 632 7
626 633 7
626 634 5
626 635 10
626 636 3
626 637 4
626 638 4
626 639 1
627 628 5
627 629 2
627 630 1
627 631 4
627 632 9
627 633 10
627 634 7
627 635 9
627 636 3
627 637 4
627 638 1
627 639 1
628 629 3
628 630 4
628 631 7
628 632 6
628 633 2
628 634 8
628 635 7
628 636 10
628 637 8
628 638 4
628 639 3
629 630 9
629 631 9
629 632 8
629 633 1
629 634 1
629 635 10
629 636 4
629 637 8
629 638 7
629 639 6
630 631 4
630 632 10
630 633 7
630 634 10
630 635 8
630 636 9
630 637 8
630 638 4
630 639 4
631 651 6
631 632 2
631 633 10
631 634 3
631 635 5
631 636 1
631 637 4
631 638 10
631 639 4
632 671 10
632 633 8
632 634 2
632 635 3
632 636 8
632 637 1
632 638 10
632 639 1
633 691 3
633 634 8
633 635 6
633 636 5
633 637 6
633 638 2
633 639 9
634 711 8
634 635 9
634 636 4
634 637 10
634 638 4
634 639 1
635 731 7
635 636 3
635 637 2
635 638 7
635 639 4
636 751 7
636 637 2
636 638 6
636 639 9
637 771 8
637 638 6
637 639 9
638 791 10
638 639 2
639 811 4
640 641 6
640 642 9
640 643 7
640 644 8
640 645 6
640 646 2
640 647 1
640 648 9
640 649 5
640 650 2
640 651 9
640 652 7
640 653 4
640 654 3
640 655 10
640 656 8
640 657 3
640 658 6
640 659 7
641 642 9
641 643 4
641 644 9
641 645 10
641 646 6
641 647 6
641 648 4
641 649 5
641 650 8
641 651 5
641 652 5
641 653 10
641 654 8
641 655 6
641 656 5
641 657 2
641 658 10
641 659 8
642 643 10
642 644 6
642 645 9
642 646 9
642 647 1
642 648 1
642 649 7
642 650 10
642 651 1
642 652 2
642 653 6
642 654 8
642 655 1
642 656 8
642 657 9
642 658 2
642 659 9
643 644 10
643 645 1
643 646 10
643 647 2
643 648 7
643 649 5
643 650 5
643 651 2
643 652 6
643 653 1
643 654 3
643 655 6
643 656 6
643 657 7
643 658 5
643 659 9
644 645 3
644 646 4
644 647 4
644 648 9
644 649 10
644 650 8
644 651 3
644 652 7
644 653 10
644 654 9
644 655 6
644 656 9
644 657 7
644 658 8
644 659 5
645 646 5
645 647 5
645 648 4
645 649 3
645 650 4
645 651 5
645 652 10
645 653 10
645 654 3
645 655 10
645 656 3
645 657 9
645 658 5
645 659 2
646 647 10
646 648 3
646 649 5
646 650 7
646 651 10
646 652 8
646 653 2
646 654 4
646 655 4
646 656 3
646 657 5
646 658 5
646 659 3
647 648 1
647 649 1
647 650 4
647 651 8
647 652 3
647 653 8
647 654 9
647 655 4
647 656 5
647 657 7
647 658 1
647 659 6
648 649 2
648 650 7
648 651 10
648 652 6
648 653 10
648 654 5
648 655 4
648 656 7
648 657 7
648 658 2
648 659 4
649 650 7
649 651 3
649 652 7
649 653 10
649 654 6
649 655 3
649 656 7
649 657 8
649 658 7
649 659 9
650 651 10
650 652 4
650 653 4
650 654 1
650 655 1
650 656 1
650 657 10
650 658 3
650 659 10
651 652 10
651 653 5
651 654 9
651 655 7
651 656 2
651 657 3
651 658 5
651 659 9
652 653 3
652 654 6
652 655 1
652 656 4
652 657 10
652 658 1
652 659 9
652 672 9
653 654 7
653 655 7
653 656 1
653 657 6
653 658 7
653 659 6
653 692 9
654 655 4
654 656 5
654 657 6
654 658 7
654 659 10
654 712 10
655 656 10
655 657 10
655 658 8
655 659 9
655 732 4
656 752 2
656 657 10
656 658 7
656 659 7
657 658 5
657 659 2
657 772 6
658 659 4
658 792 4
659 812 5
660 672 7
660 673 4
660 674 1
660 675 2
660 676 10
660 677 2
660 678 3
660 679 8
660 661 1
660 662 8
660 663 9
660 664 9
660 665 4
660 666 4
660 667 9
660 668 3
660 669 3
660 670 8
660 671 10
661 672 4
661 673 7
661 674 10
661 675 1
661 676 3
661 677 8
661 678 10
661 679 4
661 662 6
661 663 5
661 664 8
661 665 2
661 666 5
661 667 10
661 668 8
661 669 10
661 670 4
661 671 9
662 672 7
662 673 6
662 674 4
662 675 9
662 676 10
662 677 5
662 678 9
662 679 2
662 663 4
662 664 1
662 665 7
662 666 9
662 667 5
662 668 7
662 669 6
662 670 1
662 671 7
663 672 10
663 673 10
663 674 7
663 675 9
663 676 6
663 677 10
663 678 7
663 679 2
663 664 2
663 665 2
663 666 9
663 667 4
663 668 7
663 669 2
663 670 1
663 671 3
664 672 1
664 673 5
664 674 3
664 675 2
664 676 3
664 677 7
664 678 2
664 679 10
664 665 4
664 666 4
664 667 8
664 668 6
664 669 8
664 670 8
664 671 4
665 672 3
665 673 4
665 674 10
665 675 9
665 676 6
665 677 5
665 678 2
665 679 10
665 666 9
665 667 9
665 668 9
665 669 5
665 670 2
665 671 7
666 672 3
666 673 1
666 674 10
666 675 6
666 676 9
666 677 5
666 678 3
666 679 8
666 667 4
666 668 2
666 669 6
666 670 2
666 671 7
667 672 5
667 673 2
667 674 5
667 675 9
667 676 4
667 677 10
667 678 9
667 679 4
667 668 1
667 669 1
667 670 9
667 671 9
668 672 9
668 673 10
668 674 1
668 675 6
668 676 5
668 677 3
668 678 10
668 679 7
668 669 5
668 670 6
668 671 8
669 672 9
669 673 8
669 674 6
669 675 7
669 676 6
669 677 1
669 678 5
669 679 3
669 670 6
669 671 1
670 672 4
670 673 6
670 674 3
670 675 9
670 676 1
670 677 10
670 678 9
670 679 1
670 671 10
671 672 4
671 673 10
671 674 5
671 675 9
671 676 7
671 677 10
671 678 6
671 679 6
672 673 2
672 674 5
672 675 5
672 676 5
672 677 1
672 678 7
672 679 7
673 674 10
673 675 9
673 676 6
673 677 6
673 678 6
673 679 8
673 693 3
674 675 9
674 676 10
674 677 4
674 678 8
674 679 8
674 713 7
675 676 8
675 677 6
675 678 6
675 679 6
675 733 1
676 677 4
676 678 8
676 679 6
676 753 7
677 773 10
677 678 8
677 679 8
678 679 5
678 793 5
679 813 5
680 681 4
680 682 9
680 683 6
680 684 6
680 685 6
680 686 6
680 687 2
680 688 8
680 689 5
680 690 8
680 691 3
680 692 7
680 693 4
680 694 5
680 695 9
680 696 6
680 697 9
680 698 9
680 699 2
681 682 1
681 683 8
681 684 7
681 685 5
681 686 2
681 687 10
681 688 8
681 689 1
681 690 9
681 691 9
681 692 5
681 693 2
681 694 9
681 695 9
681 696 5
681 697 10
681 698 4
681 699 7
682 683 4
682 684 5
682 685 7
682 686 5
682 687 2
682 688 6
682 689 5
682 690 1
682 691 7
682 692 6
682 693 5
682 694 8
682 695 6
682 696 5
682 697 2
682 698 10
682 699 2
683 684 10
683 685 8
683 686 2
683 687 7
683 688 3
683 689 8
683 690 7
683 691 4
683 692 8
683 693 10
683 694 5
683 695 4
683 696 7
683 697 6
683 698 9
683 699 7
684 685 4
684 686 3
684 687 3
684 688 10
684 689 3
684 690 6
684 691 7
684 692 4
684 693 5
684 694 7
684 695 4
684 696 3
684 697 8
684 698 4
684 699 4
685 686 7
685 687 7
685 688 6
685 689 4
685 690 9
685 691 6
685 692 4
685 693 10
685 694 5
685 695 1
685 696 10
685 697 3
685 698 9
685 699 2
686 687 1
686 688 4
686 689 7
686 690 4
686 691 7
686 692 6
686 693 6
686 694 6
686 695 10
686 696 8
686 697 4
686 698 10
686 699 6
687 688 1
687 689 5
687 690 8
687 691 2
687 692 8
687 693 7
687 694 8
687 695 8
687 696 3
687 697 1
687 698 3
687 699 3
688 689 4
688 690 5
688 691 4
688 692 4
688 693 2
688 694 2
688 695 4
688 696 4
688 697 3
688 698 2
688 699 2
689 690 10
689 691 2
689 692 10
689 693 9
689 694 4
689 695 9
689 696 3
689 697 10
689 698 10
689 699 6
690 691 3
690 692 9
690 693 8
690 694 9
690 695 4
690 696 10
690 697 1
690 698 2
690 699 2
691 692 7
691 693 5
691 694 1
691 695 2
691 696 1
691 697 8
691 698 5
691 699 2
692 693 4
692 694 8
692 695 1
692 696 1
692 697 3
692 698 7
692 699 5
693 694 10
693 695 7
693 696 4
693 697 8
693 698 5
693 699 5
694 695 1
694 696 3
694 697 1
694 698 4
694 699 8
694 714 5
695 696 4
695 697 10
695 698 7
695 699 1
695 734 3
696 697 3
696 698 8
696 699 6
696 754 3
697 774 1
697 698 1
697 699 3
698 794 10
698 699 1
699 814 2
700 704 6
700 705 6
700 706 6
700 707 7
700 708 2
700 709 1
700 710 1
700 711 6
700 712 2
700 713 7
700 714 4
700 715 5
700 716 9
700 717 7
700 718 4
700 719 7
700 701 7
700 702 4
700 703 9
701 704 2
701 705 4
701 706 9
701 707 1
701 708 4
701 709 5
701 710 2
701 711 2
701 712 10
701 713 5
701 714 3
701 715 6
701 716 9
701 717 3
701 718 3
701 719 1
701 702 6
701 703 3
702 704 5
702 705 7
702 706 6
702 707 6
702 708 1
702 709 3
702 710 5
702 711 7
702 712 1
702 713 2
702 714 4
702 715 6
702 716 9
702 717 3
702 718 3
702 719 5
702 703 3
703 704 10
703 705 2
703 706 1
703 707 5
703 708 3
703 709 2
703 710 4
703 711 9
703 712 10
703 713 10
703 714 6
703 715 2
703 716 3
703 717 2
703 718 1
703 719 3
704 705 5
704 706 5
704 707 1
704 708 7
704 709 2
704 710 4
704 711 5
704 712 2
704 713 5
704 714 4
704 715 7
704 716 9
704 717 8
704 718 5
704 719 2
705 706 2
705 707 9
705 708 10
705 709 7
705 710 5
705 711 1
705 712 8
705 713 2
705 714 10
705 715 5
705 716 7
705 717 4
705 718 7
705 719 10
706 707 4
706 708 10
706 709 6
706 710 10
706 711 3
706 712 2
706 713 2
706 714 9
706 715 9
706 716 1
706 717 7
706 718 4
706 719 8
707 708 2
707 709 10
707 710 10
707 711 3
707 712 8
707 713 3
707 714 9
707 715 10
707 716 3
707 717 8
707 718 5
707 719 8
708 709 8
708 710 6
708 711 8
708 712 7
708 713 7
708 714 3
708 715 4
708 716 5
708 717 7
708 718 3
708 719 4
709 710 8
709 711 4
709 712 10
709 713 1
709 714 1
709 715 8
709 716 2
709 717 9
709 718 6
709 719 6
710 711 1
710 712 6
710 713 8
710 714 10
710 715 8
710 716 1
710 717 1
710 718 9
710 719 4
711 712 6
711 713 1
711 714 10
711 715 6
711 716 8
711 717 2
711 718 9
711 719 4
712 713 10
712 714 2
712 715 2
712 716 2
712 717 2
712 718 6
712 719 10
713 714 3
713 715 2
713 716 2
713 717 4
713 718 9
713 719 3
714 715 2
714 716 7
714 717 4
714 718 9
714 719 10
715 716 7
715 717 1
715 718 1
715 719 1
715 735 9
716 717 2
716 718 6
716 719 2
716 755 2
717 718 1
717 719 8
717 775 9
718 719 1
718 795 7
719 815 3
720 736 3
720 737 4
720 738 10
720 739 7
720 721 10
720 722 1
720 723 6
720 724 1
720 725 2
720 726 4
720 727 10
720 728 9
720 729 9
720 730 2
720 731 10
720 732 4
720 733 7
720 734 9
720 735 5
721 736 6
721 737 4
721 738 10
721 739 4
721 722 7
721 723 4
721 724 2
721 725 8
721 726 4
721 727 6
721 728 6
721 729 7
721 730 5
721 731 7
721 732 9
721 733 3
721 734 5
721 735 7
722 736 1
722 737 8
722 738 2
722 739 9
722 723 2
722 724 1
722 725 5
722 726 9
722 727 1
722 728 8
722 729 1
722 730 1
722 731 7
722 732 1
722 733 8
722 734 6
722 735 4
723 736 3
723 737 1
723 738 10
723 739 3
723 724 7
723 725 9
723 726 7
723 727 7
723 728 2
723 729 7
723 730 4
723 731 4
723 732 3
723 733 5
723 734 6
723 735 4
724 736 9
724 737 3
724 738 2
724 739 10
724 725 7
724 726 5
724 727 5
724 728 7
724 729 5
724 730 9
724 731 6
724 732 1
724 733 6
724 734 8
724 735 9
725 736 3
725 737 6
725 738 2
725 739 3
725 726 4
725 727 4
725 728 8
725 729 1
725 730 1
725 731 4
725 732 10
725 733 2
725 734 2
725 735 8
726 736 3
726 737 4
726 738 5
726 739 4
726 727 3
726 728 4
726 729 5
726 730 9
726 731 10
726 732 3
726 733 1
726 734 1
726 735 5
727 736 2
727 737 6
727 738 7
727 739 10
727 728 10
727 729 8
727 730 6
727 731 2
727 732 3
727 733 3
727 734 3
727 735 8
728 736 4
728 737 2
728 738 1
728 739 3
728 729 3
728 730 7
728 731 3
728 732 5
728 733 9
728 734 4
728 735 2
729 736 4
729 737 3
729 738 5
729 739 1
729 730 3
729 731 10
729 732 9
729 733 5
729 734 3
729 735 8
730 736 9
730 737 2
730 738 3
730 739 2
730 731 2
730 732 10
730 733 8
730 734 9
730 735 9
731 736 7
731 737 10
731 738 4
731 739 8
731 732 7
731 733 9
731 734 10
731 735 9
732 736 5
732 737 10
732 738 4
732 739 4
732 733 5
732 734 9
732 735 2
733 736 10
733 737 8
733 738 9
733 739 9
733 734 9
733 735 1
734 736 4
734 737 1
734 738 8
734 739 10
734 735 3
735 736 2
735 737 2
735 738 9
735 739 8
736 737 3
736 738 10
736 739 9
736 756 6
737 738 6
737 739 9
737 776 7
738 739 9
738 796 1
739 816 10
740 741 6
740 742 2
740 743 5
740 744 5
740 745 4
740 746 3
740 747 3
740 748 7
740 749 1
740 750 6
740 751 5
740 752 9
740 753 9
740 754 10
740 755 8
740 756 3
740 757 6
740 758 7
740 759 8
741 742 6
741 743 2
741 744 3
741 745 10
741 746 2
741 747 8
741 748 8
741 749 1
741 750 8
741 751 7
741 752 1
741 753 3
741 754 3
741 755 4
741 756 6
741 757 6
741 758 10
741 759 2
742 743 4
742 744 4
742 745 8
742 746 7
742 747 8
742 748 5
742 749 4
742 750 2
742 751 10
742 752 4
742 753 10
742 754 2
742 755 4
742 756 3
742 757 5
742 758 10
742 759 9
743 744 4
743 745 2
743 746 9
743 747 3
743 748 4
743 749 5
743 750 7
743 751 1
743 752 5
743 753 2
743 754 1
743 755 4
743 756 7
743 757 7
743 758 1
743 759 2
744 745 8
744 746 3
744 747 1
744 748 1
744 749 2
744 750 5
744 751 5
744 752 5
744 753 7
744 754 2
744 755 8
744 756 9
744 757 3
744 758 1
744 759 3
745 746 4
745 747 5
745 748 9
745 749 7
745 750 8
745 751 1
745 752 10
745 753 5
745 754 1
745 755 9
745 756 9
745 757 2
745 758 10
745 759 3
746 747 5
746 748 4
746 749 3
746 750 7
746 751 10
746 752 8
746 753 1
746 754 10
746 755 7
746 756 6
746 757 10
746 758 3
746 759 5
747 748 3
747 749 6
747 750 8
747 751 4
747 752 9
747 753 7
747 754 10
747 755 2
747 756 10
747 757 5
747 758 1
747 759 7
748 749 1
748 750 8
748 751 3
748 752 3
748 753 5
748 754 1
748 755 1
748 756 2
748 757 2
748 758 1
748 759 5
749 750 2
749 751 6
749 752 5
749 753 8
749 754 8
749 755 6
749 756 5
749 757 1
749 758 5
749 759 1
750 751 4
750 752 6
750 753 1
750 754 10
750 755 3
750 756 7
750 757 1
750 758 2
750 759 2
751 752 6
751 753 3
751 754 4
751 755 3
751 756 4
751 757 4
751 758 8
751 759 4
752 753 8
752 754 2
752 755 1
752 756 8
752 757 5
752 758 9
752 759 8
753 754 7
753 755 9
753 756 6
753 757 3
753 758 7
753 759 2
754 755 8
754 756 9
754 757 3
754 758 9
754 759 6
755 756 8
755 757 6
755 758 9
755 759 2
756 757 6
756 758 9
756 759 4
757 758 3
757 759 8
757 777 7
758 759 1
758 797 8
759 817 4
760 768 5
760 769 4
760 770 3
760 771 10
760 772 1
760 773 3
760 774 8
760 775 7
760 776 9
760 777 9
760 778 6
760 779 2
760 761 8
760 762 7
760 763 2
760 764 4
760 765 4
760 766 1
760 767 8
761 768 1
761 769 1
761 770 4
761 771 6
761 772 6
761 773 7
761 774 3
761 775 10
761 776 7
761 777 3
761 778 2
761 779 5
761 762 1
761 763 5
761 764 4
761 765 8
761 766 3
761 767 6
762 768 9
762 769 4
762 770 10
762 771 3
762 772 1
762 773 10
762 774 10
762 775 7
762 776 10
762 777 8
762 778 1
762 779 1
762 763 3
762 764 1
762 765 10
762 766 7
762 767 3
763 768 3
763 769 5
763 770 8
763 771 9
763 772 4
763 773 3
763 774 9
763 775 5
763 776 1
763 777 5
763 778 10
763 779 10
763 764 9
763 765 2
763 766 8
763 767 7
764 768 6
764 769 4
764 770 10
764 771 8
764 772 7
764 773 10
764 774 3
764 775 2
764 776 4
764 777 3
764 778 8
764 779 1
764 765 2
764 766 5
764 767 7
765 768 4
765 769 5
765 770 9
765 771 1
765 772 8
765 773 2
765 774 1
765 775 8
765 776 9
765 777 4
765 778 9
765 779 6
765 766 8
765 767 8
766 768 9
766 769 9
766 770 6
766 771 4
766 772 6
766 773 4
766 774 6
766 775 4
766 776 3
766 777 5
766 778 1
766 779 3
766 767 4
767 768 2
767 769 8
767 770 1
767 771 10
767 772 9
767 773 2
767 774 9
767 775 8
767 776 6
767 777 2
767 778 3
767 779 5
768 769 4
768 770 7
768 771 6
768 772 9
768 773 9
768 774 5
768 775 10
768 776 7
768 777 2
768 778 5
768 779 8
769 770 8
769 771 4
769 772 9
769 773 8
769 774 1
769 775 7
769 776 7
769 777 4
769 778 2
769 779 1
770 771 4
770 772 10
770 773 8
770 774 6
770 775 10
770 776 7
770 777 5
770 778 4
770 779 2
771 772 1
771 773 3
771 774 3
771 775 1
771 776 1
771 777 5
771 778 9
771 779 4
772 773 2
772 774 6
772 775 1
772 776 5
772 777 7
772 778 10
772 779 7
773 774 2
773 775 5
773 776 6
773 777 8
773 778 7
773 779 4
774 775 7
774 776 7
774 777 7
774 778 5
774 779 8
775 776 2
775 777 8
775 778 9
775 779 6
776 777 10
776 778 2
776 779 6
777 778 7
777 779 7
778 779 5
778 798 1
779 818 1
780 781 3
780 782 4
780 783 2
780 784 8
780 785 6
780 786 9
780 787 7
780 788 3
780 789 2
780 790 2
780 791 5
780 792 4
780 793 6
780 794 10
780 795 10
780 796 9
780 797 9
780 798 6
780 799 5
781 782 6
781 783 10
781 784 8
781 785 9
781 786 6
781 787 2
781 788 9
781 789 1
781 790 9
781 791 9
781 792 10
781 793 8
781 794 2
781 795 1
781 796 4
781 797 2
781 798 2
781 799 5
782 783 10
782 784 3
782 785 9
782 786 2
782 787 2
782 788 4
782 789 8
782 790 6
782 791 3
782 792 4
782 793 9
782 794 3
782 795 10
782 796 2
782 797 8
782 798 1
782 799 10
783 784 4
783 785 10
783 786 1
783 787 1
783 788 3
783 789 2
783 790 9
783 791 1
783 792 9
783 793 10
783 794 9
783 795 10
783 796 4
783 797 8
783 798 1
783 799 9
784 785 10
784 786 2
784 787 1
784 788 3
784 789 10
784 790 6
784 791 4
784 792 7
784 793 8
784 794 8
784 795 8
784 796 9
784 797 3
784 798 4
784 799 4
785 786 6
785 787 3
785 788 5
785 789 3
785 790 9
785 791 2
785 792 1
785 793 5
785 794 7
785 795 3
785 796 1
785 797 2
785 798 1
785 799 6
786 787 8
786 788 3
786 789 6
786 790 7
786 791 3
786 792 6
786 793 8
786 794 4
786 795 6
786 796 1
786 797 8
786 798 10
786 799 4
787 788 8
787 789 6
787 790 9
787 791 10
787 792 6
787 793 10
787 794 9
787 795 1
787 796 8
787 797 4
787 798 9
787 799 4
788 789 6
788 790 8
788 791 7
788 792 9
788 793 8
788 794 7
788 795 9
788 796 9
788 797 10
788 798 1
788 799 9
789 790 5
789 791 5
789 792 7
789 793 9
789 794 2
789 795 3
789 796 4
789 797 3
789 798 10
789 799 1
790 791 9
790 792 5
790 793 10
790 794 5
790 795 5
790 796 1
790 797 7
790 798 9
790 799 4
791 792 6
791 793 9
791 794 1
791 795 4
791 796 7
791 797 6
791 798 10
791 799 9
792 793 2
792 794 4
792 795 8
792 796 3
792 797 5
792 798 9
792 799 2
793 794 9
793 795 2
793 796 2
793 797 8
793 798 10
793 799 5
794 795 10
794 796 4
794 797 2
794 798 8
794 799 3
795 796 4
795 797 4
795 798 4
795 799 2
796 797 9
796 798 7
796 799 9
797 798 3
797 799 1
798 799 1
799 819 4
800 801 3
800 802 8
800 803 3
800 804 5
800 805 9
800 806 9
800 807 9
800 808 1
800 809 3
800 810 3
800 811 7
800 812 7
800 813 8
800 814 9
800 815 9
800 816 5
800 817 10
800 818 2
800 819 9
801 802 4
801 803 9
801 804 8
801 805 4
801 806 7
801 807 8
801 808 10
801 809 3
801 810 2
801 811 7
801 812 6
801 813 8
801 814 3
801 815 3
801 816 1
801 817 1
801 818 3
801 819 10
802 803 3
802 804 3
802 805 9
802 806 5
802 807 2
802 808 8
802 809 1
802 810 5
802 811 8
802 812 4
802 813 6
802 814 9
802 815 8
802 816 3
802 817 6
802 818 4
802 819 5
803 804 3
803 805 4
803 806 7
803 807 2
803 808 3
803 809 9
803 810 3
803 811 3
803 812 1
803 813 7
803 814 1
803 815 5
803 816 5
803 817 9
803 818 7
803 819 9
804 805 9
804 806 7
804 807 10
804 808 5
804 809 1
804 810 10
804 811 10
804 812 4
804 813 7
804 814 1
804 815 4
804 816 5
804 817 3
804 818 7
804 819 7
805 806 6
805 807 8
805 808 7
805 809 9
805 810 10
805 811 3
805 812 6
805 813 8
805 814 4
805 815 6
805 816 5
805 817 2
805 818 3
805 819 3
806 807 3
806 808 10
806 809 8
806 810 2
806 811 3
806 812 9
806 813 6
806 814 4
806 815 10
806 816 4
806 817 4
806 818 6
806 819 6
807 808 6
807 809 10
807 810 6
807 811 7
807 812 6
807 813 6
807 814 3
807 815 1
807 816 1
807 817 8
807 818 7
807 819 5
808 809 4
808 810 2
808 811 4
808 812 3
808 813 6
808 814 7
808 815 1
808 816 8
808 817 9
808 818 3
808 819 1
809 810 7
809 811 5
809 812 1
809 813 6
809 814 3
809 815 1
809 816 10
809 817 9
809 818 2
809 819 3
810 811 9
810 812 7
810 813 9
810 814 5
810 815 2
810 816 9
810 817 5
810 818 1
810 819 7
811 812 5
811 813 1
811 814 1
811 815 6
811 816 2
811 817 10
811 818 7
811 819 2
812 813 1
812 814 9
812 815 9
812 816 8
812 817 2
812 818 8
812 819 5
813 814 6
813 815 9
813 816 5
813 817 2
813 818 10
813 819 3
814 815 9
814 816 2
814 817 9
814 818 10
814 819 7
814 100000 100
814 100001 100
814 100004 100
815 816 8
815 817 7
815 818 10
815 819 1
816 817 3
816 818 7
816 819 9
816 100002 100
816 100003 100
816 100004 100
817 818 7
817 819 8
817 100000 100
817 100002 100
817 100003 100
818 819 2
818 100001 100
818 100002 100
818 100004 100
819 100000 100
819 100003 100
-2 0 100
-2 3 100
-2 5 100
-5 1 100
-5 2 100
-5 5 100
-4 2 100
-4 5 100
-3 2 100
-3 3 100
-1 0 100
-1 1 100
