0 1 4
0 2 5
0 3 10
0 4 4
0 5 7
0 6 6
0 7 9
0 8 2
0 9 10
0 10 3
0 11 6
0 12 8
0 13 1
0 14 7
0 15 10
0 16 10
0 17 5
0 18 7
0 19 4
0 20 1
1 2 10
1 3 10
1 4 7
1 5 9
1 6 5
1 7 8
1 8 10
1 9 7
1 10 7
1 11 5
1 12 4
1 13 6
1 14 9
1 15 6
1 16 9
1 17 9
1 18 8
1 19 7
1 40 8
2 3 7
2 4 6
2 5 9
2 6 5
2 7 9
2 8 10
2 9 1
2 10 5
2 11 3
2 12 1
2 13 5
2 14 7
2 15 6
2 16 1
2 17 4
2 18 2
2 19 6
2 60 2
3 4 2
3 5 9
3 6 5
3 7 6
3 8 7
3 9 2
3 10 2
3 11 2
3 12 9
3 13 2
3 14 7
3 15 5
3 16 9
3 17 4
3 18 2
3 19 10
3 80 1
4 100 2
4 5 3
4 6 4
4 7 7
4 8 3
4 9 4
4 10 2
4 11 5
4 12 9
4 13 9
4 14 5
4 15 8
4 16 6
4 17 4
4 18 4
4 19 7
5 6 9
5 7 6
5 8 5
5 9 9
5 10 9
5 11 7
5 12 9
5 13 5
5 14 9
5 15 4
5 16 3
5 17 5
5 18 4
5 19 2
5 120 3
6 7 5
6 8 6
6 9 1
6 10 10
6 11 5
6 12 10
6 13 4
6 14 5
6 15 2
6 16 8
6 17 3
6 18 7
6 19 1
6 140 4
7 8 2
7 9 2
7 10 6
7 11 9
7 12 10
7 13 7
7 14 5
7 15 3
7 16 7
7 17 9
7 18 7
7 19 2
7 160 7
8 9 7
8 10 3
8 11 9
8 12 1
8 13 4
8 14 4
8 15 7
8 16 6
8 17 3
8 18 8
8 19 7
8 180 2
9 10 5
9 11 2
9 12 2
9 13 8
9 14 10
9 15 3
9 16 4
9 17 8
9 18 7
9 19 8
9 200 3
10 11 5
10 12 10
10 13 5
10 14 2
10 15 9
10 16 10
10 17 3
10 18 5
10 19 3
10 220 3
11 240 1
11 12 7
11 13 5
11 14 7
11 15 4
11 16 10
11 17 2
11 18 1
11 19 10
12 13 1
12 14 8
12 15 10
12 16 2
12 17 9
12 18 10
12 19 6
12 260 1
13 14 9
13 15 9
13 16 1
13 17 3
13 18 9
13 19 7
13 280 7
14 15 8
14 16 10
14 17 9
14 18 10
14 19 10
14 300 4
15 16 10
15 17 7
15 18 2
15 19 8
15 320 8
16 17 1
16 18 2
16 19 4
16 340 10
17 360 3
17 18 3
17 19 2
18 19 8
18 380 7
19 400 9
20 32 10
20 33 4
20 34 3
20 35 4
20 36 10
20 37 4
20 38 4
20 39 2
20 21 5
20 22 8
20 23 5
20 24 3
20 25 1
20 26 3
20 27 8
20 28 2
20 29 7
20 30 7
20 31 8
21 32 8
21 33 9
21 34 1
21 35 7
21 36 2
21 37 3
21 38 8
21 39 10
21 41 6
21 22 2
21 23 9
21 24 7
21 25 6
21 26 6
21 27 10
21 28 8
21 29 10
21 30 6
21 31 2
22 32 4
22 33 9
22 34 10
22 35 1
22 36 10
22 37 5
22 38 6
22 39 6
22 61 2
22 23 10
22 24 6
22 25 4
22 26 9
22 27 9
22 28 3
22 29 3
22 30 6
22 31 7
23 32 5
23 33 7
23 34 6
23 35 3
23 36 8
23 37 2
23 38 6
23 39 2
23 81 1
23 24 3
23 25 7
23 26 5
23 27 9
23 28 3
23 29 1
23 30 10
23 31 8
24 32 8
24 33 6
24 34 7
24 35 3
24 36 10
24 37 6
24 38 3
24 39 6
24 101 3
24 25 6
24 26 7
24 27 4
24 28 10
24 29 8
24 30 10
24 31 3
25 32 10
25 33 7
25 34 10
25 35 4
25 36 6
25 37 2
25 38 9
25 39 10
25 121 10
25 26 10
25 27 10
25 28 5
25 29 7
25 30 9
25 31 1
26 32 9
26 33 9
26 34 9
26 35 8
26 36 7
26 37 1
26 38 9
26 39 6
26 141 1
26 27 7
26 28 5
26 29 2
26 30 9
26 31 5
27 32 3
27 33 5
27 34 10
27 35 3
27 36 9
27 37 4
27 38 6
27 39 2
27 161 3
27 28 5
27 29 10
27 30 9
27 31 6
28 32 8
28 33 3
28 34 2
28 35 5
28 36 7
28 37 9
28 38 7
28 39 1
28 181 1
28 29 4
28 30 8
28 31 4
29 32 2
29 33 6
29 34 2
29 35 4
29 36 8
29 37 6
29 38 7
29 39 1
29 201 3
29 30 6
29 31 9
30 32 6
30 33 6
30 34 3
30 35 10
30 36 5
30 37 5
30 38 3
30 39 7
30 221 5
30 31 7
31 32 2
31 33 7
31 34 4
31 35 9
31 36 2
31 37 6
31 38 4
31 39 4
31 241 1
32 33 7
32 34 5
32 35 8
32 36 2
32 37 6
32 38 3
32 39 9
32 261 6
33 34 4
33 35 9
33 36 10
33 37 9
33 38 2
33 39 1
33 281 2
34 35 9
34 36 10
34 37 7
34 38 6
34 39 4
34 301 2
35 36 2
35 37 4
35 38 7
35 39 1
35 321 10
36 37 5
36 38 2
36 39 7
36 341 6
37 38 10
37 39 7
37 361 9
38 39 7
38 381 3
39 401 9
40 41 3
40 42 5
40 43 1
40 44 7
40 45 6
40 46 1
40 47 8
40 48 10
40 49 5
40 50 8
40 51 8
40 52 3
40 53 10
40 54 5
40 55 9
40 56 4
40 57 5
40 58 8
40 59 7
41 42 2
41 43 6
41 44 9
41 45 2
41 46 5
41 47 4
41 48 9
41 49 9
41 50 5
41 51 5
41 52 7
41 53 4
41 54 9
41 55 6
41 56 2
41 57 7
41 58 9
41 59 4
42 43 6
42 44 4
42 45 2
42 46 3
42 47 4
42 48 6
42 49 4
42 50 10
42 51 6
42 52 3
42 53 5
42 54 2
42 55 9
42 56 5
42 57 7
42 58 9
42 59 4
42 62 1
43 82 2
43 44 5
43 45 7
43 46 5
43 47 4
43 48 9
43 49 9
43 50 1
43 51 8
43 52 10
43 53 9
43 54 6
43 55 3
43 56 5
43 57 10
43 58 6
43 59 10
44 102 5
44 45 5
44 46 5
44 47 4
44 48 3
44 49 6
44 50 1
44 51 1
44 52 1
44 53 9
44 54 6
44 55 9
44 56 5
44 57 6
44 58 4
44 59 6
45 46 2
45 47 3
45 48 2
45 49 7
45 50 5
45 51 4
45 52 9
45 53 8
45 54 10
45 55 5
45 56 6
45 57 8
45 58 7
45 59 5
45 122 9
46 142 10
46 47 2
46 48 2
46 49 1
46 50 1
46 51 7
46 52 1
46 53 4
46 54 3
46 55 6
46 56 3
46 57 5
46 58 6
46 59 10
47 162 8
47 48 3
47 49 6
47 50 2
47 51 9
47 52 7
47 53 9
47 54 8
47 55 7
47 56 3
47 57 3
47 58 10
47 59 5
48 182 5
48 49 6
48 50 8
48 51 9
48 52 5
48 53 8
48 54 1
48 55 4
48 56 4
48 57 9
48 58 5
48 59 7
49 50 1
49 51 3
49 52 3
49 53 4
49 54 6
49 55 1
49 56 9
49 57 6
49 58 6
49 59 4
49 202 9
50 51 10
50 52 6
50 53 6
50 54 5
50 55 8
50 56 3
50 57 9
50 58 1
50 59 6
50 222 3
51 242 2
51 52 5
51 53 9
51 54 4
51 55 9
51 56 2
51 57 2
51 58 1
51 59 2
52 262 4
52 53 8
52 54 4
52 55 5
52 56 5
52 57 10
52 58 4
52 59 5
53 54 9
53 55 3
53 56 6
53 57 2
53 58 4
53 59 7
53 282 3
54 302 7
54 55 10
54 56 1
54 57 9
54 58 4
54 59 9
55 322 1
55 56 7
55 57 1
55 58 4
55 59 9
56 342 2
56 57 2
56 58 5
56 59 10
57 58 8
57 59 4
57 362 1
58 59 6
58 382 10
59 402 10
60 64 3
60 65 10
60 66 9
60 67 5
60 68 5
60 69 4
60 70 1
60 71 4
60 72 1
60 73 7
60 74 10
60 75 9
60 76 3
60 77 10
60 78 4
60 79 6
60 61 8
60 62 10
60 63 5
61 64 9
61 65 8
61 66 9
61 67 9
61 68 5
61 69 9
61 70 3
61 71 2
61 72 10
61 73 1
61 74 5
61 75 8
61 76 5
61 77 9
61 78 9
61 79 4
61 62 7
61 63 3
62 64 2
62 65 4
62 66 10
62 67 9
62 68 9
62 69 5
62 70 10
62 71 6
62 72 8
62 73 3
62 74 6
62 75 2
62 76 5
62 77 6
62 78 7
62 79 3
62 63 1
63 64 2
63 65 8
63 66 10
63 67 7
63 68 4
63 69 4
63 70 1
63 71 4
63 72 2
63 73 3
63 74 5
63 75 3
63 76 5
63 77 6
63 78 8
63 79 5
63 83 7
64 65 3
64 66 7
64 67 3
64 68 6
64 69 1
64 70 2
64 71 10
64 72 8
64 73 3
64 74 1
64 75 3
64 76 5
64 77 7
64 78 4
64 79 5
64 103 3
65 66 8
65 67 10
65 68 10
65 69 3
65 70 7
65 71 9
65 72 1
65 73 8
65 74 5
65 75 6
65 76 4
65 77 4
65 78 9
65 79 6
65 123 8
66 67 6
66 68 8
66 69 4
66 70 10
66 71 6
66 72 9
66 73 10
66 74 9
66 75 6
66 76 4
66 77 6
66 78 6
66 79 9
66 143 5
67 163 6
67 68 5
67 69 4
67 70 2
67 71 10
67 72 7
67 73 5
67 74 10
67 75 9
67 76 5
67 77 5
67 78 1
67 79 5
68 69 9
68 70 5
68 71 1
68 72 6
68 73 1
68 74 6
68 75 7
68 76 8
68 77 2
68 78 10
68 79 1
68 183 5
69 70 1
69 71 2
69 72 2
69 73 5
69 74 10
69 75 6
69 76 5
69 77 9
69 78 8
69 79 5
69 203 8
70 71 2
70 72 6
70 73 9
70 74 5
70 75 9
70 76 7
70 77 9
70 78 4
70 79 6
70 223 2
71 72 5
71 73 3
71 74 8
71 75 6
71 76 6
71 77 10
71 78 9
71 79 8
71 243 10
72 73 5
72 74 8
72 75 10
72 76 8
72 77 2
72 78 4
72 79 7
72 263 7
73 74 2
73 75 8
73 76 3
73 77 1
73 78 2
73 79 7
73 283 9
74 75 5
74 76 9
74 77 8
74 78 10
74 79 4
74 303 7
75 76 1
75 77 6
75 78 3
75 79 9
75 323 6
76 77 1
76 78 7
76 79 10
76 343 1
77 78 2
77 79 6
77 363 9
78 79 5
78 383 10
79 403 6
80 96 7
80 97 8
80 98 10
80 99 10
80 81 4
80 82 5
80 83 5
80 84 6
80 85 3
80 86 6
80 87 9
80 88 8
80 89 1
80 90 3
80 91 4
80 92 5
80 93 4
80 94 7
80 95 4
81 96 5
81 97 10
81 98 3
81 99 10
81 82 1
81 83 7
81 84 9
81 85 6
81 86 8
81 87 5
81 88 5
81 89 6
81 90 9
81 91 6
81 92 2
81 93 8
81 94 6
81 95 10
82 96 8
82 97 2
82 98 8
82 99 2
82 83 4
82 84 9
82 85 5
82 86 10
82 87 3
82 88 7
82 89 6
82 90 8
82 91 10
82 92 2
82 93 3
82 94 7
82 95 10
83 96 10
83 97 7
83 98 4
83 99 2
83 84 1
83 85 1
83 86 5
83 87 7
83 88 1
83 89 3
83 90 7
83 91 6
83 92 3
83 93 4
83 94 1
83 95 1
84 96 4
84 97 2
84 98 5
84 99 5
84 104 3
84 85 3
84 86 5
84 87 10
84 88 5
84 89 10
84 90 7
84 91 2
84 92 7
84 93 3
84 94 6
84 95 8
85 96 5
85 97 10
85 98 7
85 99 3
85 124 1
85 86 2
85 87 2
85 88 8
85 89 7
85 90 10
85 91 2
85 92 6
85 93 1
85 94 2
85 95 6
86 96 7
86 97 8
86 98 5
86 99 7
86 144 10
86 87 7
86 88 3
86 89 9
86 90 3
86 91 9
86 92 3
86 93 7
86 94 2
86 95 6
87 96 10
87 97 4
87 98 5
87 99 8
87 164 7
87 88 2
87 89 3
87 90 9
87 91 3
87 92 9
87 93 8
87 94 3
87 95 8
88 96 2
88 97 5
88 98 3
88 99 7
88 184 6
88 89 4
88 90 3
88 91 7
88 92 7
88 93 3
88 94 7
88 95 3
89 96 4
89 97 8
89 98 5
89 99 6
89 204 1
89 90 6
89 91 3
89 92 4
89 93 9
89 94 1
89 95 3
90 96 9
90 97 2
90 98 6
90 99 9
90 224 3
90 91 5
90 92 6
90 93 4
90 94 3
90 95 5
91 96 1
91 97 10
91 98 8
91 99 4
91 244 7
91 92 2
91 93 2
91 94 5
91 95 7
92 96 4
92 97 2
92 98 2
92 99 1
92 264 2
92 93 1
92 94 5
92 95 4
93 96 2
93 97 1
93 98 3
93 99 8
93 284 8
93 94 1
93 95 5
94 96 3
94 97 1
94 98 3
94 99 9
94 304 2
94 95 5
95 96 1
95 97 4
95 98 9
95 99 1
95 324 2
96 344 4
96 97 5
96 98 7
96 99 8
97 98 4
97 99 10
97 364 8
98 99 3
98 384 3
99 404 6
100 101 7
100 102 2
100 103 1
100 104 4
100 105 5
100 106 10
100 107 1
100 108 3
100 109 1
100 110 6
100 111 6
100 112 3
100 113 1
100 114 3
100 115 1
100 116 2
100 117 3
100 118 10
100 119 5
101 102 9
101 103 3
101 104 4
101 105 3
101 106 7
101 107 2
101 108 7
101 109 1
101 110 8
101 111 1
101 112 3
101 113 2
101 114 2
101 115 1
101 116 5
101 117 10
101 118 10
101 119 1
102 103 7
102 104 5
102 105 10
102 106 2
102 107 6
102 108 10
102 109 4
102 110 10
102 111 6
102 112 6
102 113 7
102 114 4
102 115 5
102 116 7
102 117 1
102 118 9
102 119 2
103 104 7
103 105 8
103 106 2
103 107 7
103 108 7
103 109 9
103 110 10
103 111 8
103 112 1
103 113 4
103 114 2
103 115 4
103 116 4
103 117 6
103 118 8
103 119 4
104 105 6
104 106 1
104 107 10
104 108 4
104 109 8
104 110 5
104 111 5
104 112 4
104 113 6
104 114 4
104 115 10
104 116 3
104 117 6
104 118 4
104 119 1
105 106 9
105 107 7
105 108 9
105 109 6
105 110 4
105 111 10
105 112 4
105 113 6
105 114 7
105 115 10
105 116 7
105 117 9
105 118 7
105 119 6
105 125 10
106 145 7
106 107 5
106 108 8
106 109 8
106 110 5
106 111 9
106 112 10
106 113 6
106 114 6
106 115 5
106 116 4
106 117 10
106 118 6
106 119 2
107 108 8
107 109 4
107 110 5
107 111 6
107 112 2
107 113 6
107 114 5
107 115 9
107 116 1
107 117 7
107 118 2
107 119 10
107 165 2
108 109 8
108 110 3
108 111 4
108 112 4
108 113 1
108 114 7
108 115 5
108 116 8
108 117 7
108 118 9
108 119 7
108 185 4
109 205 3
109 110 8
109 111 3
109 112 6
109 113 7
109 114 9
109 115 7
109 116 10
109 117 1
109 118 8
109 119 1
110 225 5
110 111 7
110 112 9
110 113 5
110 114 5
110 115 3
110 116 10
110 117 9
110 118 9
110 119 4
111 112 9
111 113 1
111 114 3
111 115 4
111 116 9
111 117 10
111 118 7
111 119 10
111 245 5
112 113 2
112 114 3
112 115 5
112 116 7
112 117 5
112 118 2
112 119 1
112 265 8
113 114 8
113 115 7
113 116 7
113 117 6
113 118 3
113 119 3
113 285 1
114 305 1
114 115 4
114 116 1
114 117 5
114 118 2
114 119 8
115 116 5
115 117 4
115 118 3
115 119 10
115 325 9
116 117 1
116 118 2
116 119 5
116 345 5
117 118 1
117 119 8
117 365 4
118 385 5
118 119 8
119 405 6
120 128 9
120 129 2
120 130 7
120 131 4
120 132 8
120 133 8
120 134 9
120 135 9
120 136 2
120 137 1
120 138 5
120 139 3
120 121 8
120 122 8
120 123 9
120 124 2
120 125 3
120 126 10
120 127 10
121 128 2
121 129 6
121 130 10
121 131 5
121 132 4
121 133 5
121 134 4
121 135 5
121 136 10
121 137 7
121 138 6
121 139 10
121 122 7
121 123 5
121 124 10
121 125 6
121 126 1
121 127 2
122 128 5
122 129 5
122 130 1
122 131 10
122 132 2
122 133 2
122 134 7
122 135 10
122 136 9
122 137 5
122 138 7
122 139 4
122 123 1
122 124 9
122 125 6
122 126 1
122 127 9
123 128 8
123 129 2
123 130 2
123 131 8
123 132 10
123 133 9
123 134 7
123 135 4
123 136 3
123 137 10
123 138 10
123 139 9
123 124 1
123 125 9
123 126 7
123 127 9
124 128 10
124 129 6
124 130 5
124 131 7
124 132 7
124 133 6
124 134 5
124 135 3
124 136 8
124 137 9
124 138 10
124 139 2
124 125 6
124 126 2
124 127 2
125 128 5
125 129 3
125 130 5
125 131 1
125 132 1
125 133 8
125 134 8
125 135 2
125 136 2
125 137 9
125 138 5
125 139 5
125 126 3
125 127 8
126 128 8
126 129 7
126 130 5
126 131 6
126 132 8
126 133 2
126 134 9
126 135 5
126 136 4
126 137 7
126 138 2
126 139 10
126 146 4
126 127 8
127 128 1
127 129 3
127 130 10
127 131 1
127 132 1
127 133 2
127 134 8
127 135 9
127 136 8
127 137 3
127 138 8
127 139 3
127 166 3
128 129 6
128 130 2
128 131 6
128 132 5
128 133 3
128 134 5
128 135 9
128 136 5
128 137 7
128 138 9
128 139 10
128 186 5
129 130 1
129 131 1
129 132 8
129 133 9
129 134 8
129 135 10
129 136 6
129 137 10
129 138 9
129 139 1
129 206 8
130 226 5
130 131 9
130 132 3
130 133 7
130 134 4
130 135 9
130 136 3
130 137 3
130 138 2
130 139 3
131 132 7
131 133 9
131 134 9
131 135 6
131 136 3
131 137 9
131 138 9
131 139 9
131 246 10
132 133 3
132 134 8
132 135 8
132 136 8
132 137 4
132 138 5
132 139 10
132 266 3
133 134 8
133 135 8
133 136 8
133 137 7
133 138 9
133 139 6
133 286 1
134 135 3
134 136 9
134 137 10
134 138 3
134 139 2
134 306 10
135 136 7
135 137 2
135 138 3
135 139 3
135 326 1
136 137 5
136 138 4
136 139 4
136 346 10
137 138 7
137 139 8
137 366 3
138 139 8
138 386 7
139 406 1
140 141 7
140 142 2
140 143 7
140 144 1
140 145 10
140 146 1
140 147 10
140 148 2
140 149 7
140 150 7
140 151 2
140 152 10
140 153 3
140 154 4
140 155 1
140 156 5
140 157 6
140 158 10
140 159 2
141 142 10
141 143 10
141 144 6
141 145 7
141 146 8
141 147 1
141 148 10
141 149 8
141 150 5
141 151 6
141 152 2
141 153 3
141 154 1
141 155 2
141 156 7
141 157 6
141 158 6
141 159 10
142 143 6
142 144 2
142 145 9
142 146 9
142 147 7
142 148 5
142 149 3
142 150 4
142 151 7
142 152 10
142 153 1
142 154 8
142 155 1
142 156 2
142 157 8
142 158 8
142 159 6
143 144 2
143 145 6
143 146 10
143 147 10
143 148 6
143 149 4
143 150 9
143 151 8
143 152 3
143 153 5
143 154 6
143 155 6
143 156 7
143 157 3
143 158 2
143 159 10
144 145 5
144 146 9
144 147 6
144 148 4
144 149 1
144 150 4
144 151 4
144 152 7
144 153 1
144 154 7
144 155 1
144 156 5
144 157 1
144 158 6
144 159 6
145 146 10
145 147 4
145 148 7
145 149 5
145 150 8
145 151 2
145 152 7
145 153 5
145 154 2
145 155 3
145 156 5
145 157 5
145 158 9
145 159 6
146 147 7
146 148 2
146 149 7
146 150 9
146 151 1
146 152 9
146 153 5
146 154 4
146 155 3
146 156 2
146 157 6
146 158 2
146 159 9
147 167 2
147 148 4
147 149 6
147 150 8
147 151 3
147 152 7
147 153 1
147 154 4
147 155 8
147 156 2
147 157 3
147 158 7
147 159 4
148 187 1
148 149 1
148 150 4
148 151 3
148 152 3
148 153 5
148 154 7
148 155 1
148 156 9
148 157 1
148 158 8
148 159 5
149 207 3
149 150 6
149 151 2
149 152 8
149 153 1
149 154 10
149 155 8
149 156 3
149 157 7
149 158 3
149 159 7
150 227 3
150 151 3
150 152 10
150 153 7
150 154 1
150 155 8
150 156 10
150 157 9
150 158 3
150 159 10
151 247 3
151 152 5
151 153 2
151 154 6
151 155 2
151 156 2
151 157 4
151 158 3
151 159 5
152 267 10
152 153 9
152 154 5
152 155 4
152 156 5
152 157 2
152 158 8
152 159 3
153 287 8
153 154 8
153 155 5
153 156 4
153 157 6
153 158 10
153 159 4
154 307 8
154 155 1
154 156 4
154 157 3
154 158 5
154 159 7
155 327 2
155 156 8
155 157 9
155 158 5
155 159 8
156 347 2
156 157 1
156 158 3
156 159 8
157 367 9
157 158 9
157 159 10
158 387 5
158 159 9
159 407 10
160 161 6
160 162 10
160 163 1
160 164 3
160 165 6
160 166 2
160 167 1
160 168 10
160 169 3
160 170 8
160 171 1
160 172 9
160 173 4
160 174 7
160 175 3
160 176 3
160 177 7
160 178 9
160 179 8
161 162 1
161 163 10
161 164 7
161 165 7
161 166 4
161 167 10
161 168 6
161 169 5
161 170 7
161 171 7
161 172 4
161 173 4
161 174 7
161 175 5
161 176 7
161 177 8
161 178 4
161 179 9
162 163 8
162 164 4
162 165 4
162 166 1
162 167 10
162 168 9
162 169 8
162 170 6
162 171 5
162 172 1
162 173 3
162 174 3
162 175 5
162 176 1
162 177 10
162 178 9
162 179 7
163 164 10
163 165 2
163 166 3
163 167 8
163 168 8
163 169 2
163 170 6
163 171 10
163 172 10
163 173 9
163 174 3
163 175 10
163 176 2
163 177 2
163 178 6
163 179 5
164 165 3
164 166 4
164 167 9
164 168 10
164 169 5
164 170 10
164 171 5
164 172 4
164 173 4
164 174 1
164 175 2
164 176 1
164 177 5
164 178 5
164 179 7
165 166 4
165 167 5
165 168 7
165 169 1
165 170 2
165 171 3
165 172 8
165 173 2
165 174 2
165 175 8
165 176 4
165 177 9
165 178 2
165 179 7
166 167 3
166 168 5
166 169 3
166 170 1
166 171 1
166 172 7
166 173 3
166 174 1
166 175 9
166 176 3
166 177 8
166 178 8
166 179 6
167 168 10
167 169 7
167 170 8
167 171 9
167 172 9
167 173 4
167 174 8
167 175 10
167 176 7
167 177 6
167 178 2
167 179 8
168 169 3
168 170 1
168 171 5
168 172 10
168 173 2
168 174 10
168 175 3
168 176 8
168 177 6
168 178 2
168 179 7
168 188 8
169 170 7
169 171 3
169 172 3
169 173 3
169 174 9
169 175 4
169 176 3
169 177 10
169 178 8
169 179 5
169 208 2
170 171 9
170 172 3
170 173 7
170 174 1
170 175 6
170 176 5
170 177 7
170 178 10
170 179 9
170 228 6
171 172 2
171 173 1
171 174 6
171 175 6
171 176 4
171 177 3
171 178 5
171 179 8
171 248 1
172 268 6
172 173 10
172 174 10
172 175 1
172 176 5
172 177 8
172 178 2
172 179 8
173 174 7
173 175 2
173 176 3
173 177 2
173 178 10
173 179 9
173 288 2
174 175 8
174 176 7
174 177 5
174 178 4
174 179 4
174 308 1
175 176 4
175 177 9
175 178 5
175 179 10
175 328 4
176 177 1
176 178 1
176 179 2
176 348 1
177 368 2
177 178 9
177 179 5
178 179 1
178 388 8
179 408 3
180 192 8
180 193 2
180 194 5
180 195 5
180 196 4
180 197 7
180 198 8
180 199 4
180 181 2
180 182 6
180 183 6
180 184 2
180 185 10
180 186 2
180 187 7
180 188 3
180 189 9
180 190 6
180 191 9
181 192 7
181 193 9
181 194 1
181 195 1
181 196 5
181 197 1
181 198 5
181 199 5
181 182 3
181 183 6
181 184 6
181 185 3
181 186 5
181 187 4
181 188 1
181 189 10
181 190 6
181 191 10
182 192 6
182 193 1
182 194 8
182 195 4
182 196 6
182 197 2
182 198 4
182 199 7
182 183 8
182 184 10
182 185 3
182 186 1
182 187 8
182 188 10
182 189 9
182 190 7
182 191 2
183 192 4
183 193 4
183 194 2
183 195 9
183 196 10
183 197 5
183 198 7
183 199 2
183 184 2
183 185 10
183 186 1
183 187 1
183 188 4
183 189 10
183 190 10
183 191 3
184 192 4
184 193 7
184 194 3
184 195 4
184 196 6
184 197 4
184 198 3
184 199 7
184 185 5
184 186 4
184 187 9
184 188 7
184 189 2
184 190 10
184 191 9
185 192 4
185 193 8
185 194 7
185 195 4
185 196 3
185 197 3
185 198 8
185 199 5
185 186 5
185 187 5
185 188 8
185 189 9
185 190 7
185 191 9
186 192 3
186 193 5
186 194 6
186 195 9
186 196 3
186 197 10
186 198 9
186 199 3
186 187 7
186 188 10
186 189 9
186 190 5
186 191 5
187 192 2
187 193 3
187 194 8
187 195 8
187 196 3
187 197 3
187 198 3
187 199 1
187 188 9
187 189 8
187 190 8
187 191 9
188 192 6
188 193 1
188 194 2
188 195 6
188 196 7
188 197 8
188 198 7
188 199 2
188 189 4
188 190 1
188 191 7
189 192 3
189 193 10
189 194 7
189 195 9
189 196 8
189 197 7
189 198 2
189 199 5
189 209 3
189 190 2
189 191 7
190 192 5
190 193 4
190 194 5
190 195 4
190 196 1
190 197 10
190 198 1
190 199 9
190 229 1
190 191 4
191 192 2
191 193 9
191 194 7
191 195 9
191 196 6
191 197 4
191 198 1
191 199 10
191 249 2
192 193 5
192 194 8
192 195 1
192 196 3
192 197 1
192 198 8
192 199 8
192 269 5
193 289 10
193 194 8
193 195 9
193 196 5
193 197 2
193 198 8
193 199 4
194 195 7
194 196 1
194 197 10
194 198 10
194 199 2
194 309 4
195 196 3
195 197 7
195 198 3
195 199 8
195 329 8
196 197 2
196 198 10
196 199 9
196 349 10
197 198 3
197 199 10
197 369 10
198 199 9
198 389 4
199 409 2
200 201 3
200 202 4
200 203 10
200 204 4
200 205 2
200 206 5
200 207 6
200 208 3
200 209 8
200 210 10
200 211 3
200 212 1
200 213 1
200 214 6
200 215 8
200 216 5
200 217 1
200 218 2
200 219 2
201 202 6
201 203 4
201 204 3
201 205 10
201 206 3
201 207 2
201 208 1
201 209 8
201 210 3
201 211 6
201 212 1
201 213 10
201 214 6
201 215 2
201 216 1
201 217 8
201 218 5
201 219 2
202 203 8
202 204 3
202 205 4
202 206 1
202 207 6
202 208 3
202 209 6
202 210 10
202 211 1
202 212 1
202 213 2
202 214 8
202 215 3
202 216 6
202 217 9
202 218 1
202 219 5
203 204 4
203 205 9
203 206 9
203 207 3
203 208 8
203 209 4
203 210 6
203 211 8
203 212 6
203 213 4
203 214 3
203 215 6
203 216 6
203 217 5
203 218 8
203 219 9
204 205 6
204 206 7
204 207 4
204 208 7
204 209 7
204 210 9
204 211 8
204 212 5
204 213 7
204 214 3
204 215 5
204 216 5
204 217 1
204 218 7
204 219 5
205 206 2
205 207 9
205 208 9
205 209 5
205 210 2
205 211 9
205 212 9
205 213 9
205 214 4
205 215 7
205 216 2
205 217 10
205 218 8
205 219 2
206 207 3
206 208 5
206 209 4
206 210 2
206 211 5
206 212 5
206 213 7
206 214 10
206 215 6
206 216 4
206 217 5
206 218 5
206 219 10
207 208 10
207 209 1
207 210 7
207 211 9
207 212 3
207 213 10
207 214 3
207 215 10
207 216 6
207 217 1
207 218 3
207 219 6
208 209 2
208 210 4
208 211 5
208 212 7
208 213 10
208 214 4
208 215 9
208 216 3
208 217 2
208 218 2
208 219 9
209 210 10
209 211 6
209 212 9
209 213 10
209 214 10
209 215 4
209 216 4
209 217 3
209 218 4
209 219 3
210 230 7
210 211 5
210 212 7
210 213 7
210 214 5
210 215 6
210 216 3
210 217 7
210 218 2
210 219 9
211 212 5
211 213 5
211 214 5
211 215 10
211 216 9
211 217 1
211 218 9
211 219 8
211 250 1
212 270 8
212 213 2
212 214 2
212 215 10
212 216 8
212 217 9
212 218 5
212 219 2
213 290 3
213 214 7
213 215 5
213 216 5
213 217 8
213 218 6
213 219 3
214 310 8
214 215 9
214 216 2
214 217 10
214 218 2
214 219 9
215 216 4
215 217 8
215 218 5
215 219 10
215 330 1
216 217 4
216 218 6
216 219 8
216 350 8
217 370 7
217 218 7
217 219 4
218 390 2
218 219 4
219 410 8
220 224 1
220 225 5
220 226 9
220 227 8
220 228 5
220 229 4
220 230 2
220 231 3
220 232 8
220 233 9
220 234 4
220 235 5
220 236 10
220 237 10
220 238 3
220 239 10
220 221 6
220 222 2
220 223 7
221 224 4
221 225 6
221 226 3
221 227 1
221 228 2
221 229 10
221 230 4
221 231 9
221 232 7
221 233 3
221 234 6
221 235 1
221 236 4
221 237 8
221 238 2
221 239 8
221 222 6
221 223 2
222 224 10
222 225 3
222 226 5
222 227 1
222 228 1
222 229 7
222 230 6
222 231 1
222 232 1
222 233 8
222 234 2
222 235 2
222 236 2
222 237 6
222 238 6
222 239 3
222 223 4
223 224 10
223 225 2
223 226 4
223 227 8
223 228 10
223 229 5
223 230 3
223 231 8
223 232 3
223 233 5
223 234 5
223 235 4
223 236 4
223 237 5
223 238 8
223 239 7
224 225 10
224 226 1
224 227 1
224 228 9
224 229 10
224 230 9
224 231 4
224 232 2
224 233 2
224 234 7
224 235 7
224 236 7
224 237 3
224 238 2
224 239 4
225 226 7
225 227 2
225 228 7
225 229 6
225 230 1
225 231 7
225 232 8
225 233 6
225 234 10
225 235 1
225 236 7
225 237 6
225 238 3
225 239 2
226 227 8
226 228 10
226 229 8
226 230 5
226 231 5
226 232 7
226 233 2
226 234 5
226 235 1
226 236 5
226 237 3
226 238 8
226 239 2
227 228 8
227 229 2
227 230 6
227 231 9
227 232 3
227 233 10
227 234 5
227 235 7
227 236 2
227 237 2
227 238 10
227 239 9
228 229 4
228 230 10
228 231 3
228 232 5
228 233 10
228 234 1
228 235 1
228 236 5
228 237 7
228 238 8
228 239 2
229 230 4
229 231 2
229 232 5
229 233 8
229 234 7
229 235 7
229 236 10
229 237 9
229 238 6
229 239 6
230 231 7
230 232 8
230 233 3
230 234 9
230 235 1
230 236 6
230 237 10
230 238 6
230 239 3
231 232 9
231 233 8
231 234 3
231 235 10
231 236 9
231 237 3
231 238 2
231 239 1
231 251 10
232 233 8
232 234 5
232 235 3
232 236 5
232 237 10
232 238 10
232 239 6
232 271 5
233 234 6
233 235 8
233 236 2
233 237 10
233 238 4
233 239 7
233 291 9
234 235 6
234 236 6
234 237 2
234 238 9
234 239 2
234 311 3
235 331 9
235 236 3
235 237 1
235 238 2
235 239 1
236 237 10
236 238 10
236 239 10
236 351 5
237 238 3
237 239 5
237 371 5
238 239 7
238 391 1
239 411 1
240 256 3
240 257 5
240 258 4
240 259 10
240 241 4
240 242 2
240 243 6
240 244 4
240 245 2
240 246 10
240 247 2
240 248 9
240 249 7
240 250 1
240 251 2
240 252 3
240 253 1
240 254 5
240 255 3
241 256 5
241 257 5
241 258 3
241 259 10
241 242 6
241 243 10
241 244 9
241 245 6
241 246 10
241 247 3
241 248 9
241 249 2
241 250 3
241 251 9
241 252 5
241 253 4
241 254 6
241 255 6
242 256 4
242 257 4
242 258 4
242 259 1
242 243 2
242 244 3
242 245 4
242 246 7
242 247 3
242 248 8
242 249 2
242 250 1
242 251 1
242 252 8
242 253 1
242 254 6
242 255 9
243 256 1
243 257 3
243 258 4
243 259 7
243 244 7
243 245 8
243 246 7
243 247 3
243 248 7
243 249 10
243 250 5
243 251 9
243 252 10
243 253 5
243 254 4
243 255 1
244 256 7
244 257 4
244 258 3
244 259 9
244 245 2
244 246 3
244 247 10
244 248 1
244 249 5
244 250 4
244 251 1
244 252 7
244 253 3
244 254 1
244 255 10
245 256 3
245 257 7
245 258 4
245 259 5
245 246 3
245 247 4
245 248 1
245 249 4
245 250 1
245 251 3
245 252 2
245 253 4
245 254 5
245 255 10
246 256 7
246 257 5
246 258 8
246 259 3
246 247 3
246 248 9
246 249 4
246 250 9
246 251 1
246 252 6
246 253 10
246 254 7
246 255 7
247 256 2
247 257 1
247 258 6
247 259 4
247 248 2
247 249 6
247 250 5
247 251 8
247 252 4
247 253 1
247 254 9
247 255 3
248 256 5
248 257 6
248 258 2
248 259 4
248 249 3
248 250 10
248 251 3
248 252 9
248 253 4
248 254 3
248 255 4
249 256 4
249 257 9
249 258 2
249 259 4
249 250 9
249 251 6
249 252 6
249 253 7
249 254 10
249 255 2
250 256 4
250 257 4
250 258 3
250 259 7
250 251 3
250 252 1
250 253 4
250 254 9
250 255 7
251 256 3
251 257 10
251 258 3
251 259 5
251 252 2
251 253 6
251 254 1
251 255 9
252 256 8
252 257 2
252 258 4
252 259 2
252 272 10
252 253 5
252 254 7
252 255 9
253 256 6
253 257 8
253 258 10
253 259 3
253 292 10
253 254 1
253 255 5
254 256 8
254 257 3
254 258 6
254 259 1
254 312 4
254 255 7
255 256 8
255 257 2
255 258 2
255 259 2
255 332 10
256 352 1
256 257 6
256 258 4
256 259 8
257 258 3
257 259 3
257 372 6
258 259 5
258 392 5
259 412 9
260 261 4
260 262 5
260 263 2
260 264 8
260 265 4
260 266 10
260 267 4
260 268 6
260 269 5
260 270 3
260 271 4
260 272 3
260 273 7
260 274 10
260 275 2
260 276 5
260 277 2
260 278 3
260 279 4
261 262 9
261 263 5
261 264 5
261 265 4
261 266 2
261 267 3
261 268 7
261 269 9
261 270 5
261 271 3
261 272 5
261 273 2
261 274 8
261 275 9
261 276 1
261 277 5
261 278 3
261 279 7
262 263 10
262 264 6
262 265 5
262 266 1
262 267 7
262 268 3
262 269 9
262 270 8
262 271 3
262 272 9
262 273 7
262 274 3
262 275 6
262 276 4
262 277 8
262 278 3
262 279 4
263 264 8
263 265 5
263 266 3
263 267 6
263 268 6
263 269 4
263 270 9
263 271 4
263 272 5
263 273 7
263 274 6
263 275 1
263 276 7
263 277 10
263 278 8
263 279 2
264 265 10
264 266 3
264 267 9
264 268 2
264 269 10
264 270 5
264 271 4
264 272 1
264 273 4
264 274 9
264 275 6
264 276 5
264 277 4
264 278 6
264 279 9
265 266 10
265 267 7
265 268 5
265 269 1
265 270 1
265 271 4
265 272 10
265 273 8
265 274 9
265 275 6
265 276 6
265 277 2
265 278 2
265 279 10
266 267 2
266 268 4
266 269 7
266 270 8
266 271 3
266 272 7
266 273 6
266 274 10
266 275 10
266 276 6
266 277 10
266 278 4
266 279 7
267 268 9
267 269 6
267 270 3
267 271 5
267 272 8
267 273 1
267 274 10
267 275 4
267 276 6
267 277 6
267 278 9
267 279 1
268 269 2
268 270 2
268 271 1
268 272 10
268 273 3
268 274 2
268 275 3
268 276 4
268 277 7
268 278 5
268 279 5
269 270 4
269 271 10
269 272 1
269 273 9
269 274 9
269 275 5
269 276 1
269 277 3
269 278 1
269 279 6
270 271 6
270 272 5
270 273 8
270 274 2
270 275 10
270 276 2
270 277 9
270 278 4
270 279 9
271 272 4
271 273 2
271 274 2
271 275 9
271 276 3
271 277 4
271 278 6
271 279 7
272 273 8
272 274 6
272 275 2
272 276 10
272 277 4
272 278 2
272 279 10
273 274 5
273 275 6
273 276 3
273 277 1
273 278 3
273 279 4
273 293 9
274 275 4
274 276 9
274 277 5
274 278 7
274 279 10
274 313 8
275 276 6
275 277 2
275 278 8
275 279 1
275 333 9
276 353 10
276 277 4
276 278 4
276 279 4
277 373 7
277 278 1
277 279 4
278 393 3
278 279 10
279 413 6
280 288 7
280 289 3
280 290 4
280 291 10
280 292 9
280 293 1
280 294 9
280 295 7
280 296 2
280 297 8
280 298 9
280 299 9
280 281 10
280 282 7
280 283 5
280 284 7
280 285 1
280 286 1
280 287 3
281 288 1
281 289 4
281 290 1
281 291 3
281 292 7
281 293 2
281 294 8
281 295 3
281 296 1
281 297 10
281 298 10
281 299 3
281 282 2
281 283 7
281 284 8
281 285 1
281 286 4
281 287 8
282 288 7
282 289 3
282 290 1
282 291 9
282 292 6
282 293 6
282 294 1
282 295 9
282 296 6
282 297 7
282 298 3
282 299 7
282 283 6
282 284 8
282 285 5
282 286 5
282 287 8
283 288 5
283 289 7
283 290 9
283 291 4
283 292 7
283 293 9
283 294 9
283 295 1
283 296 6
283 297 2
283 298 1
283 299 3
283 284 4
283 285 6
283 286 6
283 287 8
284 288 10
284 289 5
284 290 1
284 291 7
284 292 1
284 293 7
284 294 9
284 295 4
284 296 1
284 297 7
284 298 6
284 299 4
284 285 5
284 286 9
284 287 6
285 288 3
285 289 7
285 290 7
285 291 3
285 292 8
285 293 6
285 294 4
285 295 1
285 296 3
285 297 5
285 298 9
285 299 1
285 286 9
285 287 1
286 288 8
286 289 9
286 290 9
286 291 1
286 292 5
286 293 10
286 294 4
286 295 8
286 296 1
286 297 3
286 298 1
286 299 6
286 287 2
287 288 9
287 289 2
287 290 3
287 291 3
287 292 10
287 293 1
287 294 3
287 295 5
287 296 7
287 297 6
287 298 7
287 299 10
288 289 7
288 290 7
288 291 6
288 292 10
288 293 2
288 294 8
288 295 9
288 296 9
288 297 7
288 298 9
288 299 10
289 290 9
289 291 10
289 292 3
289 293 8
289 294 6
289 295 1
289 296 2
289 297 2
289 298 2
289 299 4
290 291 9
290 292 7
290 293 6
290 294 7
290 295 4
290 296 8
290 297 6
290 298 3
290 299 4
291 292 2
291 293 9
291 294 6
291 295 6
291 296 3
291 297 6
291 298 9
291 299 10
292 293 4
292 294 7
292 295 10
292 296 10
292 297 2
292 298 9
292 299 1
293 294 6
293 295 6
293 296 6
293 297 4
293 298 10
293 299 9
294 295 8
294 296 1
294 297 9
294 298 8
294 299 5
294 314 6
295 296 5
295 297 1
295 298 5
295 299 2
295 334 1
296 297 8
296 298 4
296 299 4
296 354 6
297 298 6
297 299 2
297 374 8
298 394 10
298 299 6
299 414 4
300 301 5
300 302 6
300 303 5
300 304 5
300 305 3
300 306 6
300 307 4
300 308 6
300 309 5
300 310 6
300 311 10
300 312 10
300 313 4
300 314 3
300 315 6
300 316 1
300 317 7
300 318 8
300 319 9
301 302 1
301 303 10
301 304 2
301 305 3
301 306 9
301 307 4
301 308 10
301 309 7
301 310 2
301 311 8
301 312 9
301 313 2
301 314 1
301 315 3
301 316 8
301 317 2
301 318 7
301 319 8
302 303 1
302 304 1
302 305 7
302 306 10
302 307 9
302 308 2
302 309 8
302 310 7
302 311 2
302 312 1
302 313 4
302 314 4
302 315 9
302 316 2
302 317 6
302 318 4
302 319 3
303 304 4
303 305 3
303 306 3
303 307 4
303 308 8
303 309 8
303 310 8
303 311 3
303 312 7
303 313 8
303 314 2
303 315 10
303 316 1
303 317 5
303 318 1
303 319 10
304 305 10
304 306 10
304 307 1
304 308 1
304 309 1
304 310 1
304 311 5
304 312 3
304 313 10
304 314 1
304 315 10
304 316 6
304 317 7
304 318 5
304 319 4
305 306 1
305 307 7
305 308 1
305 309 3
305 310 7
305 311 8
305 312 10
305 313 1
305 314 3
305 315 3
305 316 1
305 317 8
305 318 5
305 319 3
306 307 6
306 308 10
306 309 5
306 310 5
306 311 2
306 312 1
306 313 10
306 314 6
306 315 10
306 316 5
306 317 9
306 318 5
306 319 7
307 308 3
307 309 7
307 310 5
307 311 5
307 312 3
307 313 4
307 314 10
307 315 5
307 316 5
307 317 1
307 318 1
307 319 9
308 309 1
308 310 9
308 311 7
308 312 3
308 313 1
308 314 7
308 315 6
308 316 3
308 317 4
308 318 5
308 319 5
309 310 7
309 311 1
309 312 3
309 313 2
309 314 7
309 315 3
309 316 8
309 317 2
309 318 8
309 319 2
310 311 9
310 312 4
310 313 1
310 314 6
310 315 8
310 316 8
310 317 1
310 318 6
310 319 3
311 312 4
311 313 9
311 314 4
311 315 4
311 316 3
311 317 4
311 318 9
311 319 4
312 313 1
312 314 9
312 315 1
312 316 6
312 317 2
312 318 3
312 319 9
313 314 1
313 315 7
313 316 3
313 317 7
313 318 8
313 319 7
314 315 9
314 316 8
314 317 7
314 318 6
314 319 2
315 335 10
315 316 6
315 317 10
315 318 4
315 319 1
316 355 10
316 317 2
316 318 10
316 319 2
317 375 4
317 318 7
317 319 6
318 395 8
318 319 7
319 415 1
320 321 2
320 322 10
320 323 5
320 324 4
320 325 1
320 326 7
320 327 8
320 328 1
320 329 8
320 330 7
320 331 1
320 332 7
320 333 1
320 334 7
320 335 2
320 336 1
320 337 8
320 338 10
320 339 8
321 322 6
321 323 10
321 324 4
321 325 1
321 326 10
321 327 10
321 328 8
321 329 9
321 330 4
321 331 4
321 332 7
321 333 6
321 334 6
321 335 6
321 336 1
321 337 10
321 338 7
321 339 1
322 323 5
322 324 4
322 325 5
322 326 8
322 327 2
322 328 5
322 329 3
322 330 5
322 331 9
322 332 1
322 333 1
322 334 1
322 335 7
322 336 7
322 337 9
322 338 6
322 339 1
323 324 1
323 325 9
323 326 8
323 327 8
323 328 3
323 329 6
323 330 5
323 331 7
323 332 3
323 333 8
323 334 9
323 335 4
323 336 7
323 337 3
323 338 8
323 339 2
324 325 3
324 326 1
324 327 9
324 328 10
324 329 4
324 330 8
324 331 3
324 332 8
324 333 2
324 334 2
324 335 1
324 336 4
324 337 2
324 338 8
324 339 8
325 326 6
325 327 4
325 328 4
325 329 5
325 330 7
325 331 10
325 332 9
325 333 5
325 334 7
325 335 2
325 336 1
325 337 9
325 338 10
325 339 6
326 327 6
326 328 7
326 329 2
326 330 1
326 331 1
326 332 3
326 333 4
326 334 6
326 335 4
326 336 4
326 337 2
326 338 7
326 339 7
327 328 5
327 329 10
327 330 6
327 331 8
327 332 9
327 333 9
327 334 5
327 335 8
327 336 4
327 337 8
327 338 9
327 339 3
328 329 5
328 330 1
328 331 3
328 332 1
328 333 9
328 334 3
328 335 4
328 336 1
328 337 9
328 338 7
328 339 7
329 330 8
329 331 3
329 332 6
329 333 5
329 334 4
329 335 10
329 336 9
329 337 4
329 338 4
329 339 4
330 331 8
330 332 7
330 333 9
330 334 5
330 335 7
330 336 9
330 337 1
330 338 10
330 339 9
331 332 1
331 333 7
331 334 1
331 335 9
331 336 5
331 337 6
331 338 2
331 339 7
332 333 9
332 334 8
332 335 2
332 336 7
332 337 10
332 338 4
332 339 3
333 334 10
333 335 4
333 336 4
333 337 4
333 338 4
333 339 5
334 335 2
334 336 9
334 337 9
334 338 5
334 339 8
335 336 3
335 337 9
335 338 10
335 339 9
336 337 9
336 338 4
336 339 10
336 356 2
337 338 7
337 339 10
337 376 6
338 339 8
338 396 2
339 416 2
340 352 5
340 353 7
340 354 5
340 355 6
340 356 1
340 357 5
340 358 4
340 359 3
340 341 9
340 342 2
340 343 7
340 344 6
340 345 8
340 346 8
340 347 5
340 348 8
340 349 6
340 350 5
340 351 9
341 352 2
341 353 10
341 354 7
341 355 5
341 356 10
341 357 1
341 358 1
341 359 5
341 342 2
341 343 5
341 344 1
341 345 9
341 346 9
341 347 1
341 348 3
341 349 6
341 350 10
341 351 1
342 352 8
342 353 7
342 354 10
342 355 9
342 356 2
342 357 9
342 358 4
342 359 6
342 343 6
342 344 8
342 345 7
342 346 10
342 347 1
342 348 7
342 349 4
342 350 8
342 351 5
343 352 3
343 353 6
343 354 1
343 355 1
343 356 2
343 357 1
343 358 9
343 359 3
343 344 2
343 345 1
343 346 1
343 347 2
343 348 8
343 349 4
343 350 1
343 351 2
344 352 1
344 353 7
344 354 7
344 355 5
344 356 5
344 357 1
344 358 2
344 359 6
344 345 3
344 346 7
344 347 10
344 348 3
344 349 7
344 350 8
344 351 8
345 352 3
345 353 3
345 354 10
345 355 1
345 356 8
345 357 2
345 358 5
345 359 10
345 346 6
345 347 9
345 348 10
345 349 8
345 350 4
345 351 6
346 352 5
346 353 4
346 354 10
346 355 2
346 356 2
346 357 2
346 358 6
346 359 6
346 347 9
346 348 7
346 349 8
346 350 4
346 351 9
347 352 4
347 353 4
347 354 2
347 355 5
347 356 6
347 357 5
347 358 10
347 359 8
347 348 8
347 349 3
347 350 3
347 351 10
348 352 8
348 353 8
348 354 7
348 355 2
348 356 3
348 357 3
348 358 6
348 359 1
348 349 10
348 350 3
348 351 5
349 352 3
349 353 2
349 354 5
349 355 8
349 356 2
349 357 6
349 358 4
349 359 1
349 350 2
349 351 4
350 352 4
350 353 3
350 354 10
350 355 9
350 356 6
350 357 6
350 358 3
350 359 1
350 351 4
351 352 3
351 353 7
351 354 1
351 355 10
351 356 9
351 357 9
351 358 8
351 359 6
352 353 1
352 354 1
352 355 4
352 356 7
352 357 3
352 358 7
352 359 10
353 354 8
353 355 8
353 356 9
353 357 2
353 358 9
353 359 8
354 355 6
354 356 6
354 357 10
354 358 4
354 359 9
355 356 8
355 357 2
355 358 2
355 359 8
356 357 9
356 358 2
356 359 4
357 358 8
357 359 5
357 377 1
358 359 7
358 397 9
359 417 3
360 361 6
360 362 9
360 363 8
360 364 7
360 365 9
360 366 5
360 367 3
360 368 9
360 369 5
360 370 5
360 371 4
360 372 1
360 373 9
360 374 6
360 375 2
360 376 5
360 377 1
360 378 9
360 379 1
361 362 2
361 363 1
361 364 6
361 365 8
361 366 4
361 367 3
361 368 10
361 369 6
361 370 8
361 371 9
361 372 2
361 373 1
361 374 5
361 375 9
361 376 6
361 377 9
361 378 1
361 379 7
362 363 4
362 364 1
362 365 6
362 366 5
362 367 8
362 368 10
362 369 7
362 370 1
362 371 8
362 372 6
362 373 4
362 374 3
362 375 5
362 376 7
362 377 1
362 378 9
362 379 6
363 364 8
363 365 9
363 366 2
363 367 3
363 368 8
363 369 5
363 370 2
363 371 5
363 372 2
363 373 1
363 374 10
363 375 5
363 376 4
363 377 2
363 378 8
363 379 10
364 365 3
364 366 2
364 367 10
364 368 8
364 369 4
364 370 6
364 371 9
364 372 9
364 373 10
364 374 6
364 375 6
364 376 10
364 377 5
364 378 2
364 379 6
365 366 1
365 367 6
365 368 10
365 369 10
365 370 8
365 371 3
365 372 5
365 373 8
365 374 5
365 375 8
365 376 8
365 377 9
365 378 3
365 379 7
366 367 1
366 368 7
366 369 6
366 370 5
366 371 9
366 372 4
366 373 6
366 374 2
366 375 1
366 376 7
366 377 7
366 378 4
366 379 2
367 368 5
367 369 1
367 370 3
367 371 7
367 372 3
367 373 8
367 374 9
367 375 8
367 376 8
367 377 1
367 378 6
367 379 2
368 369 9
368 370 8
368 371 5
368 372 7
368 373 5
368 374 8
368 375 1
368 376 6
368 377 5
368 378 6
368 379 1
369 370 1
369 371 9
369 372 2
369 373 8
369 374 8
369 375 6
369 376 10
369 377 5
369 378 9
369 379 8
370 371 7
370 372 2
370 373 2
370 374 9
370 375 7
370 376 10
370 377 8
370 378 9
370 379 6
371 372 4
371 373 7
371 374 6
371 375 6
371 376 7
371 377 1
371 378 7
371 379 9
372 373 9
372 374 9
372 375 8
372 376 6
372 377 7
372 378 2
372 379 3
373 374 1
373 375 10
373 376 6
373 377 10
373 378 4
373 379 8
374 375 7
374 376 4
374 377 10
374 378 9
374 379 1
375 376 10
375 377 3
375 378 10
375 379 5
376 377 3
376 378 8
376 379 7
377 378 5
377 379 7
378 379 8
378 398 10
379 418 10
380 384 9
380 385 9
380 386 3
380 387 5
380 388 2
380 389 10
380 390 4
380 391 8
380 392 6
380 393 1
380 394 4
380 395 2
380 396 1
380 397 3
380 398 4
380 399 8
380 381 5
380 382 7
380 383 10
381 384 4
381 385 4
381 386 5
381 387 3
381 388 8
381 389 5
381 390 2
381 391 4
381 392 2
381 393 4
381 394 2
381 395 5
381 396 7
381 397 7
381 398 6
381 399 6
381 382 5
381 383 6
382 384 6
382 385 5
382 386 5
382 387 10
382 388 1
382 389 10
382 390 4
382 391 3
382 392 4
382 393 2
382 394 8
382 395 6
382 396 3
382 397 8
382 398 9
382 399 2
382 383 7
383 384 3
383 385 5
383 386 4
383 387 5
383 388 8
383 389 4
383 390 4
383 391 7
383 392 4
383 393 5
383 394 10
383 395 1
383 396 2
383 397 4
383 398 7
383 399 7
384 385 9
384 386 6
384 387 6
384 388 2
384 389 1
384 390 2
384 391 1
384 392 8
384 393 2
384 394 3
384 395 7
384 396 2
384 397 1
384 398 4
384 399 10
385 386 6
385 387 6
385 388 9
385 389 7
385 390 5
385 391 9
385 392 1
385 393 5
385 394 1
385 395 10
385 396 5
385 397 2
385 398 3
385 399 1
386 387 10
386 388 5
386 389 8
386 390 4
386 391 2
386 392 2
386 393 5
386 394 8
386 395 6
386 396 6
386 397 5
386 398 6
386 399 8
387 388 7
387 389 3
387 390 9
387 391 9
387 392 2
387 393 7
387 394 8
387 395 8
387 396 1
387 397 1
387 398 10
387 399 10
388 389 3
388 390 4
388 391 4
388 392 4
388 393 10
388 394 5
388 395 5
388 396 8
388 397 6
388 398 5
388 399 8
389 390 5
389 391 3
389 392 4
389 393 8
389 394 1
389 395 7
389 396 4
389 397 7
389 398 9
389 399 9
390 391 4
390 392 2
390 393 5
390 394 8
390 395 8
390 396 4
390 397 6
390 398 1
390 399 10
391 392 9
391 393 5
391 394 8
391 395 7
391 396 10
391 397 2
391 398 10
391 399 10
392 393 7
392 394 7
392 395 7
392 396 6
392 397 3
392 398 3
392 399 10
393 394 8
393 395 5
393 396 7
393 397 7
393 398 3
393 399 7
394 395 3
394 396 6
394 397 2
394 398 5
394 399 7
395 396 8
395 397 7
395 398 1
395 399 8
396 397 9
396 398 2
396 399 6
397 398 8
397 399 10
398 399 6
399 419 2
400 416 2
400 417 10
400 418 3
400 419 1
400 401 9
400 402 8
400 403 10
400 404 10
400 405 2
400 406 6
400 407 8
400 408 10
400 409 6
400 410 10
400 411 9
400 412 7
400 413 6
400 414 2
400 415 7
401 416 8
401 417 4
401 418 10
401 419 4
401 402 4
401 403 3
401 404 4
401 405 4
401 406 6
401 407 9
401 408 10
401 409 3
401 410 5
401 411 10
401 412 7
401 413 6
401 414 3
401 415 7
402 416 4
402 417 6
402 418 1
402 419 7
402 403 4
402 404 5
402 405 10
402 406 1
402 407 9
402 408 4
402 409 9
402 410 4
402 411 5
402 412 6
402 413 5
402 414 8
402 415 4
403 416 7
403 417 7
403 418 1
403 419 4
403 404 7
403 405 10
403 406 1
403 407 1
403 408 9
403 409 4
403 410 4
403 411 6
403 412 7
403 413 2
403 414 10
403 415 10
404 416 10
404 417 5
404 418 6
404 419 9
404 405 8
404 406 8
404 407 5
404 408 9
404 409 7
404 410 6
404 411 5
404 412 4
404 413 1
404 414 8
404 415 4
405 416 4
405 417 2
405 418 5
405 419 4
405 406 9
405 407 5
405 408 7
405 409 1
405 410 8
405 411 8
405 412 3
405 413 2
405 414 1
405 415 4
406 416 6
406 417 4
406 418 2
406 419 10
406 407 7
406 408 7
406 409 1
406 410 4
406 411 4
406 412 3
406 413 4
406 414 10
406 415 7
407 416 8
407 417 7
407 418 8
407 419 4
407 408 10
407 409 2
407 410 1
407 411 10
407 412 5
407 413 3
407 414 10
407 415 5
408 416 9
408 417 4
408 418 1
408 419 2
408 409 5
408 410 9
408 411 1
408 412 3
408 413 2
408 414 1
408 415 3
409 416 1
409 417 9
409 418 4
409 419 2
409 410 9
409 411 9
409 412 3
409 413 8
409 414 4
409 415 9
410 416 5
410 417 7
410 418 3
410 419 8
410 411 8
410 412 5
410 413 9
410 414 5
410 415 7
411 416 3
411 417 6
411 418 2
411 419 4
411 412 5
411 413 5
411 414 10
411 415 10
412 416 10
412 417 7
412 418 7
412 419 4
412 413 1
412 414 3
412 415 1
413 416 3
413 417 3
413 418 5
413 419 7
413 414 10
413 415 3
414 415 3
414 416 2
414 417 6
414 418 6
414 419 3
414 100004 100
414 100002 100
415 416 7
415 417 10
415 418 10
415 419 5
415 100004 100
415 100001 100
416 100000 100
416 417 9
416 418 1
416 419 2
416 100001 100
416 100003 100
417 418 3
417 419 3
417 100000 100
417 100002 100
418 419 7
418 100003 100
419 100004 100
419 100000 100
419 100001 100
-2 1 100
-2 5 100
-5 1 100
-5 2 100
-5 5 100
-4 1 100
-4 3 100
-3 0 100
-3 2 100
-3 3 100
-1 0 100
-1 1 100
-1 4 100
