0 1 1
0 2 4
0 3 2
0 4 3
0 5 3
0 6 5
0 7 3
0 8 5
0 9 5
0 10 2
0 11 4
0 12 3
0 13 4
0 14 3
0 15 4
0 16 1
0 17 2
0 18 5
0 19 4
0 20 1
1 2 3
1 3 5
1 4 4
1 5 1
1 6 1
1 7 3
1 8 5
1 9 2
1 10 4
1 11 4
1 12 2
1 13 3
1 14 5
1 15 3
1 16 1
1 17 5
1 18 4
1 19 5
1 40 4
2 3 4
2 4 1
2 5 3
2 6 5
2 7 5
2 8 3
2 9 2
2 10 4
2 11 3
2 12 2
2 13 2
2 14 1
2 15 4
2 16 3
2 17 3
2 18 3
2 19 5
2 60 4
3 4 2
3 5 2
3 6 2
3 7 5
3 8 5
3 9 2
3 10 5
3 11 3
3 12 5
3 13 1
3 14 1
3 15 4
3 16 5
3 17 1
3 18 4
3 19 5
3 80 4
4 100 4
4 5 2
4 6 1
4 7 3
4 8 5
4 9 5
4 10 2
4 11 2
4 12 4
4 13 3
4 14 3
4 15 3
4 16 5
4 17 5
4 18 3
4 19 1
5 6 4
5 7 3
5 8 2
5 9 3
5 10 1
5 11 4
5 12 5
5 13 2
5 14 5
5 15 1
5 16 1
5 17 3
5 18 1
5 19 4
5 120 1
6 7 3
6 8 2
6 9 1
6 10 1
6 11 5
6 12 2
6 13 5
6 14 3
6 15 5
6 16 5
6 17 3
6 18 4
6 19 4
6 140 2
7 8 4
7 9 5
7 10 1
7 11 1
7 12 5
7 13 3
7 14 1
7 15 5
7 16 5
7 17 1
7 18 3
7 19 2
7 160 1
8 9 2
8 10 2
8 11 3
8 12 4
8 13 2
8 14 5
8 15 3
8 16 1
8 17 4
8 18 3
8 19 5
8 180 2
9 10 3
9 11 2
9 12 5
9 13 2
9 14 5
9 15 2
9 16 4
9 17 4
9 18 3
9 19 4
9 200 3
10 11 1
10 12 1
10 13 2
10 14 1
10 15 4
10 16 4
10 17 1
10 18 2
10 19 2
10 220 1
11 240 1
11 12 1
11 13 3
11 14 1
11 15 1
11 16 1
11 17 1
11 18 2
11 19 2
12 13 2
12 14 3
12 15 4
12 16 4
12 17 2
12 18 2
12 19 5
12 260 4
13 14 2
13 15 5
13 16 4
13 17 5
13 18 1
13 19 2
13 280 2
14 15 2
14 16 2
14 17 3
14 18 2
14 19 3
14 300 4
15 16 1
15 17 5
15 18 1
15 19 5
15 320 2
16 17 1
16 18 5
16 19 1
16 340 3
17 360 3
17 18 3
17 19 2
18 19 1
18 380 4
19 400 5
20 32 2
20 33 4
20 34 4
20 35 1
20 36 1
20 37 1
20 38 5
20 39 5
20 21 4
20 22 4
20 23 3
20 24 1
20 25 3
20 26 5
20 27 4
20 28 3
20 29 5
20 30 5
20 31 2
21 32 5
21 33 5
21 34 2
21 35 3
21 36 3
21 37 4
21 38 2
21 39 4
21 41 2
21 22 5
21 23 4
21 24 4
21 25 3
21 26 4
21 27 2
21 28 5
21 29 1
21 30 1
21 31 2
22 32 4
22 33 2
22 34 5
22 35 3
22 36 4
22 37 5
22 38 3
22 39 4
22 61 1
22 23 3
22 24 4
22 25 3
22 26 1
22 27 5
22 28 3
22 29 2
22 30 5
22 31 2
23 32 1
23 33 5
23 34 5
23 35 4
23 36 1
23 37 2
23 38 3
23 39 2
23 81 5
23 24 1
23 25 4
23 26 1
23 27 3
23 28 3
23 29 1
23 30 4
23 31 5
24 32 2
24 33 3
24 34 2
24 35 5
24 36 3
24 37 3
24 38 3
24 39 5
24 101 1
24 25 2
24 26 4
24 27 3
24 28 1
24 29 4
24 30 3
24 31 3
25 32 4
25 33 1
25 34 1
25 35 5
25 36 4
25 37 2
25 38 2
25 39 3
25 121 5
25 26 2
25 27 4
25 28 1
25 29 5
25 30 2
25 31 3
26 32 2
26 33 4
26 34 2
26 35 1
26 36 3
26 37 2
26 38 3
26 39 1
26 141 1
26 27 2
26 28 5
26 29 5
26 30 4
26 31 4
27 32 5
27 33 5
27 34 5
27 35 5
27 36 5
27 37 3
27 38 2
27 39 4
27 161 4
27 28 2
27 29 3
27 30 4
27 31 5
28 32 1
28 33 4
28 34 3
28 35 3
28 36 3
28 37 2
28 38 4
28 39 4
28 181 5
28 29 1
28 30 2
28 31 4
29 32 3
29 33 2
29 34 5
29 35 3
29 36 2
29 37 3
29 38 3
29 39 1
29 201 1
29 30 1
29 31 1
30 32 1
30 33 2
30 34 1
30 35 1
30 36 2
30 37 3
30 38 1
30 39 5
30 221 4
30 31 2
31 32 2
31 33 4
31 34 1
31 35 3
31 36 4
31 37 2
31 38 1
31 39 2
31 241 4
32 33 3
32 34 1
32 35 5
32 36 5
32 37 4
32 38 3
32 39 3
32 261 1
33 34 1
33 35 2
33 36 3
33 37 1
33 38 4
33 39 1
33 281 1
34 35 1
34 36 3
34 37 4
34 38 5
34 39 5
34 301 3
35 36 2
35 37 1
35 38 2
35 39 2
35 321 3
36 37 2
36 38 1
36 39 1
36 341 1
37 38 5
37 39 1
37 361 1
38 39 1
38 381 5
39 401 2
40 41 1
40 42 4
40 43 1
40 44 4
40 45 2
40 46 3
40 47 4
40 48 3
40 49 2
40 50 5
40 51 2
40 52 3
40 53 4
40 54 4
40 55 2
40 56 2
40 57 1
40 58 4
40 59 5
41 42 4
41 43 1
41 44 5
41 45 4
41 46 2
41 47 4
41 48 3
41 49 5
41 50 3
41 51 4
41 52 1
41 53 4
41 54 2
41 55 5
41 56 1
41 57 4
41 58 4
41 59 5
42 43 5
42 44 5
42 45 1
42 46 2
42 47 2
42 48 1
42 49 3
42 50 2
42 51 5
42 52 3
42 53 5
42 54 2
42 55 1
42 56 5
42 57 1
42 58 1
42 59 3
42 62 5
43 82 3
43 44 4
43 45 2
43 46 1
43 47 2
43 48 4
43 49 4
43 50 1
43 51 4
43 52 5
43 53 2
43 54 1
43 55 1
43 56 4
43 57 4
43 58 4
43 59 4
44 102 2
44 45 3
44 46 1
44 47 2
44 48 4
44 49 2
44 50 5
44 51 4
44 52 3
44 53 1
44 54 4
44 55 4
44 56 5
44 57 4
44 58 2
44 59 3
45 46 5
45 47 3
45 48 3
45 49 3
45 50 4
45 51 3
45 52 4
45 53 1
45 54 3
45 55 5
45 56 1
45 57 2
45 58 1
45 59 3
45 122 3
46 142 1
46 47 1
46 48 4
46 49 3
46 50 2
46 51 2
46 52 1
46 53 3
46 54 5
46 55 1
46 56 3
46 57 2
46 58 4
46 59 5
47 162 4
47 48 1
47 49 2
47 50 2
47 51 5
47 52 5
47 53 5
47 54 5
47 55 5
47 56 4
47 57 2
47 58 1
47 59 5
48 182 1
48 49 3
48 50 2
48 51 1
48 52 5
48 53 5
48 54 3
48 55 4
48 56 5
48 57 2
48 58 5
48 59 1
49 50 3
49 51 3
49 52 4
49 53 4
49 54 5
49 55 5
49 56 3
49 57 3
49 58 1
49 59 5
49 202 2
50 51 2
50 52 2
50 53 5
50 54 5
50 55 3
50 56 1
50 57 2
50 58 1
50 59 1
50 222 4
51 242 2
51 52 5
51 53 1
51 54 1
51 55 4
51 56 5
51 57 4
51 58 1
51 59 5
52 262 2
52 53 5
52 54 2
52 55 2
52 56 3
52 57 1
52 58 1
52 59 3
53 54 4
53 55 4
53 56 5
53 57 4
53 58 3
53 59 1
53 282 2
54 302 2
54 55 4
54 56 5
54 57 1
54 58 1
54 59 4
55 322 2
55 56 5
55 57 1
55 58 3
55 59 2
56 342 1
56 57 2
56 58 4
56 59 3
57 58 1
57 59 2
57 362 3
58 59 5
58 382 2
59 402 5
60 64 1
60 65 4
60 66 2
60 67 4
60 68 2
60 69 1
60 70 5
60 71 5
60 72 5
60 73 1
60 74 3
60 75 3
60 76 4
60 77 3
60 78 3
60 79 5
60 61 5
60 62 4
60 63 5
61 64 5
61 65 3
61 66 4
61 67 1
61 68 1
61 69 3
61 70 2
61 71 3
61 72 3
61 73 4
61 74 3
61 75 1
61 76 1
61 77 2
61 78 5
61 79 4
61 62 3
61 63 3
62 64 3
62 65 4
62 66 1
62 67 3
62 68 4
62 69 3
62 70 1
62 71 1
62 72 4
62 73 1
62 74 4
62 75 2
62 76 2
62 77 4
62 78 4
62 79 1
62 63 2
63 64 1
63 65 1
63 66 2
63 67 4
63 68 2
63 69 1
63 70 3
63 71 5
63 72 3
63 73 3
63 74 3
63 75 5
63 76 5
63 77 1
63 78 4
63 79 5
63 83 3
64 65 2
64 66 3
64 67 3
64 68 5
64 69 4
64 70 2
64 71 2
64 72 5
64 73 1
64 74 4
64 75 1
64 76 2
64 77 1
64 78 2
64 79 2
64 103 4
65 66 1
65 67 2
65 68 2
65 69 5
65 70 3
65 71 5
65 72 5
65 73 5
65 74 4
65 75 3
65 76 1
65 77 5
65 78 2
65 79 1
65 123 4
66 67 3
66 68 1
66 69 3
66 70 5
66 71 1
66 72 5
66 73 2
66 74 5
66 75 2
66 76 4
66 77 5
66 78 3
66 79 3
66 143 4
67 163 1
67 68 4
67 69 1
67 70 2
67 71 3
67 72 4
67 73 5
67 74 2
67 75 5
67 76 5
67 77 1
67 78 3
67 79 3
68 69 3
68 70 4
68 71 2
68 72 3
68 73 2
68 74 5
68 75 1
68 76 5
68 77 5
68 78 4
68 79 3
68 183 3
69 70 5
69 71 5
69 72 3
69 73 3
69 74 2
69 75 4
69 76 1
69 77 3
69 78 2
69 79 1
69 203 2
70 71 4
70 72 5
70 73 1
70 74 3
70 75 3
70 76 3
70 77 4
70 78 3
70 79 2
70 223 4
71 72 2
71 73 2
71 74 5
71 75 4
71 76 4
71 77 4
71 78 4
71 79 5
71 243 2
72 73 4
72 74 4
72 75 2
72 76 3
72 77 3
72 78 1
72 79 4
72 263 5
73 74 1
73 75 4
73 76 4
73 77 4
73 78 2
73 79 5
73 283 4
74 75 4
74 76 2
74 77 3
74 78 4
74 79 4
74 303 2
75 76 1
75 77 2
75 78 2
75 79 3
75 323 4
76 77 5
76 78 2
76 79 1
76 343 4
77 78 2
77 79 5
77 363 1
78 79 3
78 383 1
79 403 3
80 96 3
80 97 2
80 98 5
80 99 3
80 81 4
80 82 4
80 83 2
80 84 3
80 85 5
80 86 5
80 87 2
80 88 4
80 89 1
80 90 5
80 91 1
80 92 4
80 93 4
80 94 3
80 95 2
81 96 2
81 97 2
81 98 1
81 99 3
81 82 3
81 83 2
81 84 2
81 85 1
81 86 5
81 87 5
81 88 1
81 89 2
81 90 1
81 91 5
81 92 5
81 93 3
81 94 3
81 95 1
82 96 4
82 97 5
82 98 5
82 99 5
82 83 2
82 84 1
82 85 1
82 86 4
82 87 5
82 88 2
82 89 5
82 90 1
82 91 2
82 92 1
82 93 2
82 94 3
82 95 1
83 96 2
83 97 5
83 98 3
83 99 2
83 84 3
83 85 5
83 86 5
83 87 2
83 88 3
83 89 4
83 90 4
83 91 4
83 92 1
83 93 3
83 94 1
83 95 2
84 96 5
84 97 1
84 98 3
84 99 3
84 104 1
84 85 1
84 86 1
84 87 3
84 88 1
84 89 5
84 90 5
84 91 3
84 92 1
84 93 4
84 94 2
84 95 2
85 96 1
85 97 4
85 98 2
85 99 1
85 124 4
85 86 4
85 87 2
85 88 1
85 89 2
85 90 2
85 91 2
85 92 5
85 93 5
85 94 5
85 95 4
86 96 2
86 97 2
86 98 5
86 99 3
86 144 5
86 87 1
86 88 2
86 89 1
86 90 3
86 91 5
86 92 3
86 93 5
86 94 5
86 95 4
87 96 2
87 97 4
87 98 4
87 99 2
87 164 3
87 88 5
87 89 5
87 90 2
87 91 2
87 92 1
87 93 3
87 94 3
87 95 2
88 96 3
88 97 5
88 98 5
88 99 1
88 184 3
88 89 4
88 90 1
88 91 3
88 92 1
88 93 2
88 94 5
88 95 3
89 96 5
89 97 2
89 98 3
89 99 5
89 204 2
89 90 2
89 91 5
89 92 3
89 93 3
89 94 4
89 95 1
90 96 4
90 97 2
90 98 1
90 99 4
90 224 5
90 91 5
90 92 5
90 93 2
90 94 5
90 95 4
91 96 1
91 97 4
91 98 2
91 99 2
91 244 4
91 92 3
91 93 4
91 94 2
91 95 5
92 96 1
92 97 5
92 98 4
92 99 2
92 264 3
92 93 2
92 94 3
92 95 5
93 96 3
93 97 4
93 98 5
93 99 3
93 284 4
93 94 5
93 95 1
94 96 5
94 97 3
94 98 2
94 99 1
94 304 5
94 95 2
95 96 4
95 97 2
95 98 4
95 99 5
95 324 3
96 344 2
96 97 5
96 98 5
96 99 4
97 98 1
97 99 4
97 364 2
98 99 1
98 384 5
99 404 5
100 101 3
100 102 3
100 103 5
100 104 2
100 105 1
100 106 3
100 107 4
100 108 3
100 109 4
100 110 5
100 111 5
100 112 4
100 113 1
100 114 2
100 115 2
100 116 3
100 117 1
100 118 3
100 119 4
101 102 3
101 103 5
101 104 4
101 105 2
101 106 5
101 107 3
101 108 4
101 109 2
101 110 4
101 111 5
101 112 3
101 113 4
101 114 4
101 115 5
101 116 5
101 117 4
101 118 5
101 119 5
102 103 4
102 104 4
102 105 1
102 106 5
102 107 3
102 108 4
102 109 4
102 110 4
102 111 3
102 112 2
102 113 4
102 114 5
102 115 1
102 116 5
102 117 1
102 118 4
102 119 4
103 104 4
103 105 1
103 106 4
103 107 3
103 108 5
103 109 4
103 110 3
103 111 1
103 112 2
103 113 4
103 114 3
103 115 2
103 116 3
103 117 4
103 118 4
103 119 4
104 105 1
104 106 5
104 107 4
104 108 1
104 109 2
104 110 4
104 111 4
104 112 4
104 113 4
104 114 4
104 115 5
104 116 3
104 117 2
104 118 4
104 119 5
105 106 5
105 107 4
105 108 1
105 109 1
105 110 1
105 111 2
105 112 2
105 113 1
105 114 4
105 115 1
105 116 4
105 117 4
105 118 3
105 119 5
105 125 4
106 145 5
106 107 5
106 108 3
106 109 4
106 110 5
106 111 4
106 112 4
106 113 2
106 114 5
106 115 1
106 116 5
106 117 4
106 118 5
106 119 2
107 108 4
107 109 1
107 110 2
107 111 1
107 112 1
107 113 3
107 114 4
107 115 1
107 116 1
107 117 4
107 118 3
107 119 2
107 165 5
108 109 3
108 110 3
108 111 4
108 112 2
108 113 5
108 114 5
108 115 2
108 116 5
108 117 5
108 118 5
108 119 4
108 185 2
109 205 5
109 110 4
109 111 2
109 112 5
109 113 1
109 114 4
109 115 2
109 116 1
109 117 2
109 118 4
109 119 2
110 225 4
110 111 5
110 112 3
110 113 1
110 114 2
110 115 5
110 116 1
110 117 5
110 118 3
110 119 1
111 112 5
111 113 4
111 114 2
111 115 5
111 116 3
111 117 5
111 118 3
111 119 3
111 245 5
112 113 1
112 114 2
112 115 1
112 116 3
112 117 3
112 118 5
112 119 5
112 265 3
113 114 1
113 115 3
113 116 1
113 117 1
113 118 3
113 119 1
113 285 2
114 305 5
114 115 5
114 116 1
114 117 2
114 118 5
114 119 5
115 116 4
115 117 1
115 118 3
115 119 4
115 325 4
116 117 1
116 118 5
116 119 4
116 345 3
117 118 5
117 119 1
117 365 1
118 385 1
118 119 5
119 405 2
120 128 1
120 129 5
120 130 5
120 131 3
120 132 3
120 133 2
120 134 3
120 135 2
120 136 1
120 137 1
120 138 1
120 139 1
120 121 5
120 122 2
120 123 4
120 124 3
120 125 2
120 126 3
120 127 3
121 128 4
121 129 3
121 130 4
121 131 3
121 132 1
121 133 1
121 134 5
121 135 3
121 136 5
121 137 4
121 138 2
121 139 2
121 122 5
121 123 1
121 124 3
121 125 3
121 126 3
121 127 4
122 128 5
122 129 3
122 130 1
122 131 2
122 132 1
122 133 3
122 134 3
122 135 3
122 136 3
122 137 5
122 138 2
122 139 4
122 123 5
122 124 2
122 125 1
122 126 5
122 127 3
123 128 3
123 129 3
123 130 2
123 131 4
123 132 5
123 133 2
123 134 1
123 135 1
123 136 2
123 137 3
123 138 5
123 139 2
123 124 4
123 125 3
123 126 2
123 127 2
124 128 5
124 129 2
124 130 1
124 131 3
124 132 2
124 133 1
124 134 5
124 135 3
124 136 3
124 137 3
124 138 4
124 139 1
124 125 2
124 126 5
124 127 4
125 128 5
125 129 1
125 130 1
125 131 2
125 132 4
125 133 4
125 134 1
125 135 1
125 136 5
125 137 4
125 138 1
125 139 2
125 126 2
125 127 3
126 128 2
126 129 1
126 130 4
126 131 5
126 132 4
126 133 1
126 134 5
126 135 1
126 136 2
126 137 4
126 138 4
126 139 2
126 146 1
126 127 5
127 128 2
127 129 2
127 130 5
127 131 2
127 132 4
127 133 3
127 134 5
127 135 2
127 136 2
127 137 1
127 138 4
127 139 2
127 166 3
128 129 1
128 130 2
128 131 3
128 132 1
128 133 5
128 134 4
128 135 4
128 136 2
128 137 1
128 138 5
128 139 4
128 186 5
129 130 5
129 131 2
129 132 4
129 133 5
129 134 4
129 135 1
129 136 2
129 137 4
129 138 3
129 139 4
129 206 4
130 226 5
130 131 5
130 132 5
130 133 2
130 134 4
130 135 3
130 136 2
130 137 5
130 138 5
130 139 3
131 132 5
131 133 5
131 134 2
131 135 3
131 136 4
131 137 3
131 138 4
131 139 4
131 246 2
132 133 2
132 134 4
132 135 1
132 136 2
132 137 4
132 138 1
132 139 3
132 266 1
133 134 5
133 135 5
133 136 2
133 137 3
133 138 2
133 139 5
133 286 1
134 135 3
134 136 5
134 137 1
134 138 5
134 139 1
134 306 2
135 136 1
135 137 2
135 138 4
135 139 4
135 326 3
136 137 1
136 138 5
136 139 4
136 346 3
137 138 1
137 139 3
137 366 5
138 139 3
138 386 5
139 406 4
140 141 3
140 142 2
140 143 5
140 144 3
140 145 4
140 146 1
140 147 5
140 148 4
140 149 1
140 150 3
140 151 1
140 152 2
140 153 3
140 154 3
140 155 2
140 156 1
140 157 4
140 158 2
140 159 1
141 142 2
141 143 3
141 144 5
141 145 5
141 146 5
141 147 2
141 148 4
141 149 1
141 150 5
141 151 3
141 152 3
141 153 1
141 154 1
141 155 1
141 156 5
141 157 4
141 158 4
141 159 4
142 143 3
142 144 3
142 145 1
142 146 3
142 147 3
142 148 5
142 149 2
142 150 2
142 151 2
142 152 5
142 153 5
142 154 2
142 155 5
142 156 3
142 157 1
142 158 1
142 159 1
143 144 2
143 145 5
143 146 4
143 147 4
143 148 4
143 149 2
143 150 4
143 151 3
143 152 4
143 153 4
143 154 3
143 155 1
143 156 3
143 157 5
143 158 3
143 159 4
144 145 3
144 146 4
144 147 1
144 148 1
144 149 3
144 150 2
144 151 3
144 152 4
144 153 2
144 154 1
144 155 1
144 156 2
144 157 5
144 158 5
144 159 4
145 146 4
145 147 3
145 148 5
145 149 5
145 150 2
145 151 4
145 152 4
145 153 3
145 154 1
145 155 1
145 156 5
145 157 3
145 158 1
145 159 4
146 147 4
146 148 3
146 149 1
146 150 5
146 151 2
146 152 1
146 153 3
146 154 3
146 155 3
146 156 4
146 157 4
146 158 1
146 159 4
147 167 1
147 148 1
147 149 3
147 150 2
147 151 4
147 152 1
147 153 1
147 154 4
147 155 1
147 156 1
147 157 4
147 158 2
147 159 3
148 187 2
148 149 2
148 150 4
148 151 5
148 152 4
148 153 5
148 154 2
148 155 2
148 156 1
148 157 4
148 158 4
148 159 1
149 207 3
149 150 4
149 151 5
149 152 4
149 153 5
149 154 1
149 155 1
149 156 4
149 157 2
149 158 5
149 159 4
150 227 5
150 151 5
150 152 1
150 153 5
150 154 2
150 155 3
150 156 5
150 157 5
150 158 3
150 159 4
151 247 3
151 152 2
151 153 1
151 154 1
151 155 4
151 156 2
151 157 3
151 158 2
151 159 4
152 267 3
152 153 4
152 154 2
152 155 2
152 156 4
152 157 1
152 158 3
152 159 3
153 287 1
153 154 3
153 155 4
153 156 4
153 157 4
153 158 4
153 159 2
154 307 1
154 155 1
154 156 3
154 157 3
154 158 4
154 159 3
155 327 5
155 156 1
155 157 1
155 158 2
155 159 3
156 347 3
156 157 5
156 158 3
156 159 1
157 367 1
157 158 5
157 159 5
158 387 3
158 159 1
159 407 2
160 161 3
160 162 5
160 163 3
160 164 2
160 165 4
160 166 3
160 167 3
160 168 3
160 169 5
160 170 5
160 171 4
160 172 3
160 173 1
160 174 4
160 175 2
160 176 5
160 177 2
160 178 4
160 179 5
161 162 5
161 163 5
161 164 1
161 165 1
161 166 3
161 167 1
161 168 1
161 169 2
161 170 4
161 171 1
161 172 1
161 173 3
161 174 5
161 175 1
161 176 2
161 177 3
161 178 1
161 179 1
162 163 5
162 164 5
162 165 1
162 166 3
162 167 1
162 168 4
162 169 3
162 170 5
162 171 5
162 172 3
162 173 3
162 174 4
162 175 2
162 176 1
162 177 1
162 178 4
162 179 2
163 164 4
163 165 3
163 166 1
163 167 2
163 168 3
163 169 1
163 170 3
163 171 1
163 172 1
163 173 1
163 174 1
163 175 4
163 176 1
163 177 1
163 178 2
163 179 2
164 165 3
164 166 5
164 167 4
164 168 4
164 169 2
164 170 1
164 171 2
164 172 1
164 173 3
164 174 3
164 175 5
164 176 1
164 177 1
164 178 1
164 179 2
165 166 3
165 167 2
165 168 5
165 169 4
165 170 1
165 171 5
165 172 5
165 173 1
165 174 1
165 175 4
165 176 3
165 177 5
165 178 3
165 179 4
166 167 2
166 168 1
166 169 3
166 170 4
166 171 3
166 172 2
166 173 5
166 174 2
166 175 3
166 176 5
166 177 3
166 178 5
166 179 3
167 168 1
167 169 3
167 170 2
167 171 2
167 172 1
167 173 5
167 174 5
167 175 2
167 176 4
167 177 4
167 178 2
167 179 5
168 169 4
168 170 1
168 171 5
168 172 3
168 173 4
168 174 2
168 175 2
168 176 4
168 177 2
168 178 4
168 179 2
168 188 5
169 170 4
169 171 3
169 172 5
169 173 4
169 174 3
169 175 2
169 176 4
169 177 5
169 178 3
169 179 4
169 208 5
170 171 3
170 172 5
170 173 1
170 174 4
170 175 5
170 176 1
170 177 5
170 178 5
170 179 2
170 228 4
171 172 3
171 173 1
171 174 1
171 175 1
171 176 3
171 177 3
171 178 3
171 179 5
171 248 4
172 268 5
172 173 1
172 174 4
172 175 4
172 176 4
172 177 2
172 178 2
172 179 2
173 174 1
173 175 5
173 176 3
173 177 4
173 178 3
173 179 2
173 288 5
174 175 5
174 176 3
174 177 4
174 178 1
174 179 4
174 308 5
175 176 3
175 177 4
175 178 3
175 179 2
175 328 4
176 177 2
176 178 2
176 179 1
176 348 5
177 368 4
177 178 5
177 179 3
178 179 5
178 388 2
179 408 3
180 192 5
180 193 5
180 194 5
180 195 2
180 196 5
180 197 1
180 198 1
180 199 2
180 181 3
180 182 1
180 183 4
180 184 5
180 185 4
180 186 4
180 187 4
180 188 1
180 189 5
180 190 1
180 191 1
181 192 3
181 193 3
181 194 3
181 195 3
181 196 3
181 197 2
181 198 2
181 199 5
181 182 4
181 183 4
181 184 2
181 185 3
181 186 3
181 187 1
181 188 2
181 189 3
181 190 2
181 191 4
182 192 3
182 193 4
182 194 4
182 195 5
182 196 4
182 197 5
182 198 1
182 199 3
182 183 3
182 184 1
182 185 5
182 186 1
182 187 2
182 188 3
182 189 5
182 190 4
182 191 3
183 192 4
183 193 5
183 194 3
183 195 5
183 196 1
183 197 5
183 198 4
183 199 3
183 184 1
183 185 4
183 186 4
183 187 1
183 188 5
183 189 4
183 190 1
183 191 3
184 192 5
184 193 1
184 194 4
184 195 1
184 196 5
184 197 1
184 198 1
184 199 1
184 185 2
184 186 5
184 187 3
184 188 2
184 189 4
184 190 1
184 191 4
185 192 4
185 193 3
185 194 1
185 195 5
185 196 1
185 197 4
185 198 4
185 199 5
185 186 3
185 187 4
185 188 4
185 189 5
185 190 1
185 191 3
186 192 5
186 193 5
186 194 3
186 195 2
186 196 1
186 197 1
186 198 4
186 199 3
186 187 4
186 188 4
186 189 3
186 190 4
186 191 2
187 192 5
187 193 2
187 194 3
187 195 3
187 196 4
187 197 4
187 198 3
187 199 2
187 188 5
187 189 5
187 190 5
187 191 3
188 192 2
188 193 3
188 194 1
188 195 2
188 196 4
188 197 4
188 198 1
188 199 3
188 189 3
188 190 2
188 191 4
189 192 2
189 193 1
189 194 1
189 195 1
189 196 3
189 197 1
189 198 4
189 199 3
189 209 1
189 190 4
189 191 5
190 192 5
190 193 1
190 194 5
190 195 3
190 196 1
190 197 1
190 198 2
190 199 1
190 229 5
190 191 4
191 192 2
191 193 1
191 194 1
191 195 3
191 196 3
191 197 2
191 198 5
191 199 4
191 249 5
192 193 5
192 194 5
192 195 2
192 196 3
192 197 2
192 198 4
192 199 1
192 269 1
193 289 3
193 194 1
193 195 4
193 196 5
193 197 3
193 198 5
193 199 4
194 195 4
194 196 4
194 197 5
194 198 4
194 199 2
194 309 5
195 196 2
195 197 1
195 198 1
195 199 3
195 329 1
196 197 3
196 198 1
196 199 3
196 349 2
197 198 4
197 199 4
197 369 3
198 199 3
198 389 2
199 409 4
200 201 4
200 202 1
200 203 1
200 204 5
200 205 5
200 206 4
200 207 1
200 208 3
200 209 1
200 210 4
200 211 1
200 212 3
200 213 1
200 214 3
200 215 1
200 216 2
200 217 5
200 218 5
200 219 2
201 202 5
201 203 2
201 204 5
201 205 1
201 206 2
201 207 2
201 208 2
201 209 4
201 210 3
201 211 4
201 212 1
201 213 2
201 214 4
201 215 5
201 216 4
201 217 3
201 218 2
201 219 4
202 203 5
202 204 5
202 205 4
202 206 5
202 207 3
202 208 2
202 209 1
202 210 2
202 211 4
202 212 2
202 213 3
202 214 1
202 215 4
202 216 3
202 217 1
202 218 1
202 219 1
203 204 5
203 205 1
203 206 1
203 207 1
203 208 4
203 209 4
203 210 5
203 211 1
203 212 5
203 213 5
203 214 2
203 215 2
203 216 3
203 217 1
203 218 1
203 219 2
204 205 1
204 206 3
204 207 1
204 208 4
204 209 3
204 210 5
204 211 3
204 212 1
204 213 4
204 214 3
204 215 2
204 216 4
204 217 2
204 218 2
204 219 3
205 206 5
205 207 5
205 208 1
205 209 1
205 210 5
205 211 5
205 212 4
205 213 2
205 214 2
205 215 5
205 216 2
205 217 2
205 218 4
205 219 2
206 207 2
206 208 2
206 209 2
206 210 2
206 211 3
206 212 1
206 213 2
206 214 2
206 215 2
206 216 2
206 217 3
206 218 2
206 219 1
207 208 4
207 209 5
207 210 4
207 211 5
207 212 3
207 213 5
207 214 2
207 215 4
207 216 3
207 217 5
207 218 5
207 219 4
208 209 3
208 210 5
208 211 1
208 212 3
208 213 3
208 214 4
208 215 5
208 216 4
208 217 4
208 218 2
208 219 2
209 210 3
209 211 1
209 212 1
209 213 3
209 214 3
209 215 4
209 216 2
209 217 1
209 218 2
209 219 1
210 230 5
210 211 4
210 212 3
210 213 5
210 214 5
210 215 5
210 216 1
210 217 1
210 218 1
210 219 1
211 212 4
211 213 5
211 214 2
211 215 2
211 216 3
211 217 3
211 218 2
211 219 1
211 250 5
212 270 5
212 213 1
212 214 1
212 215 1
212 216 2
212 217 4
212 218 5
212 219 5
213 290 4
213 214 5
213 215 2
213 216 4
213 217 4
213 218 4
213 219 3
214 310 4
214 215 4
214 216 4
214 217 1
214 218 5
214 219 1
215 216 4
215 217 5
215 218 3
215 219 1
215 330 1
216 217 4
216 218 4
216 219 3
216 350 2
217 370 5
217 218 2
217 219 3
218 390 4
218 219 1
219 410 2
220 224 4
220 225 2
220 226 1
220 227 1
220 228 2
220 229 1
220 230 2
220 231 5
220 232 2
220 233 1
220 234 2
220 235 2
220 236 1
220 237 4
220 238 2
220 239 4
220 221 4
220 222 3
220 223 1
221 224 4
221 225 4
221 226 3
221 227 2
221 228 1
221 229 3
221 230 1
221 231 2
221 232 5
221 233 1
221 234 4
221 235 2
221 236 4
221 237 1
221 238 1
221 239 3
221 222 1
221 223 4
222 224 3
222 225 3
222 226 2
222 227 3
222 228 4
222 229 1
222 230 4
222 231 5
222 232 1
222 233 3
222 234 3
222 235 2
222 236 4
222 237 3
222 238 4
222 239 2
222 223 5
223 224 2
223 225 4
223 226 2
223 227 1
223 228 3
223 229 5
223 230 2
223 231 4
223 232 3
223 233 3
223 234 1
223 235 5
223 236 5
223 237 5
223 238 3
223 239 2
224 225 1
224 226 3
224 227 5
224 228 2
224 229 3
224 230 5
224 231 5
224 232 1
224 233 1
224 234 1
224 235 4
224 236 1
224 237 4
224 238 2
224 239 2
225 226 5
225 227 4
225 228 5
225 229 2
225 230 2
225 231 4
225 232 2
225 233 5
225 234 3
225 235 2
225 236 4
225 237 2
225 238 4
225 239 1
226 227 1
226 228 2
226 229 2
226 230 5
226 231 4
226 232 3
226 233 3
226 234 5
226 235 2
226 236 3
226 237 5
226 238 4
226 239 5
227 228 4
227 229 4
227 230 5
227 231 3
227 232 3
227 233 5
227 234 2
227 235 1
227 236 4
227 237 1
227 238 2
227 239 1
228 229 2
228 230 3
228 231 3
228 232 5
228 233 2
228 234 3
228 235 4
228 236 4
228 237 2
228 238 3
228 239 3
229 230 3
229 231 3
229 232 5
229 233 3
229 234 2
229 235 5
229 236 3
229 237 4
229 238 4
229 239 2
230 231 1
230 232 1
230 233 1
230 234 4
230 235 3
230 236 3
230 237 5
230 238 3
230 239 4
231 232 2
231 233 1
231 234 3
231 235 3
231 236 5
231 237 5
231 238 5
231 239 2
231 251 4
232 233 2
232 234 3
232 235 4
232 236 4
232 237 4
232 238 4
232 239 5
232 271 2
233 234 4
233 235 2
233 236 1
233 237 1
233 238 5
233 239 1
233 291 1
234 235 2
234 236 4
234 237 1
234 238 1
234 239 2
234 311 3
235 331 2
235 236 2
235 237 5
235 238 4
235 239 4
236 237 1
236 238 4
236 239 2
236 351 1
237 238 4
237 239 2
237 371 1
238 239 1
238 391 4
239 411 4
240 256 1
240 257 4
240 258 4
240 259 2
240 241 3
240 242 3
240 243 1
240 244 5
240 245 1
240 246 5
240 247 4
240 248 3
240 249 2
240 250 3
240 251 5
240 252 4
240 253 4
240 254 5
240 255 2
241 256 4
241 257 3
241 258 5
241 259 5
241 242 5
241 243 1
241 244 1
241 245 5
241 246 4
241 247 4
241 248 1
241 249 4
241 250 2
241 251 3
241 252 1
241 253 1
241 254 1
241 255 5
242 256 1
242 257 4
242 258 2
242 259 1
242 243 2
242 244 3
242 245 1
242 246 5
242 247 2
242 248 3
242 249 1
242 250 1
242 251 2
242 252 2
242 253 3
242 254 5
242 255 5
243 256 1
243 257 1
243 258 1
243 259 2
243 244 1
243 245 5
243 246 5
243 247 2
243 248 3
243 249 5
243 250 3
243 251 3
243 252 1
243 253 2
243 254 3
243 255 4
244 256 3
244 257 4
244 258 5
244 259 1
244 245 2
244 246 2
244 247 3
244 248 1
244 249 3
244 250 3
244 251 1
244 252 4
244 253 3
244 254 3
244 255 3
245 256 2
245 257 1
245 258 4
245 259 4
245 246 2
245 247 2
245 248 4
245 249 3
245 250 5
245 251 2
245 252 1
245 253 3
245 254 1
245 255 3
246 256 3
246 257 5
246 258 5
246 259 1
246 247 2
246 248 4
246 249 2
246 250 2
246 251 1
246 252 3
246 253 4
246 254 1
246 255 2
247 256 1
247 257 1
247 258 1
247 259 3
247 248 3
247 249 4
247 250 1
247 251 5
247 252 1
247 253 4
247 254 3
247 255 3
248 256 2
248 257 1
248 258 3
248 259 2
248 249 3
248 250 4
248 251 5
248 252 3
248 253 5
248 254 4
248 255 5
249 256 4
249 257 3
249 258 4
249 259 4
249 250 4
249 251 2
249 252 1
249 253 2
249 254 4
249 255 5
250 256 3
250 257 4
250 258 4
250 259 4
250 251 4
250 252 3
250 253 5
250 254 5
250 255 3
251 256 1
251 257 3
251 258 2
251 259 5
251 252 3
251 253 3
251 254 5
251 255 3
252 256 2
252 257 3
252 258 3
252 259 4
252 272 5
252 253 5
252 254 3
252 255 1
253 256 5
253 257 3
253 258 1
253 259 2
253 292 5
253 254 4
253 255 4
254 256 3
254 257 3
254 258 5
254 259 3
254 312 5
254 255 4
255 256 3
255 257 1
255 258 5
255 259 2
255 332 3
256 352 2
256 257 5
256 258 3
256 259 3
257 258 2
257 259 5
257 372 3
258 259 1
258 392 4
259 412 4
260 261 4
260 262 5
260 263 1
260 264 1
260 265 5
260 266 3
260 267 4
260 268 1
260 269 1
260 270 5
260 271 4
260 272 4
260 273 4
260 274 2
260 275 4
260 276 2
260 277 1
260 278 3
260 279 4
261 262 3
261 263 2
261 264 3
261 265 1
261 266 4
261 267 5
261 268 3
261 269 2
261 270 2
261 271 1
261 272 1
261 273 2
261 274 1
261 275 4
261 276 4
261 277 3
261 278 4
261 279 4
262 263 2
262 264 1
262 265 2
262 266 4
262 267 4
262 268 3
262 269 3
262 270 5
262 271 3
262 272 5
262 273 3
262 274 4
262 275 2
262 276 3
262 277 3
262 278 1
262 279 4
263 264 5
263 265 4
263 266 5
263 267 2
263 268 2
263 269 2
263 270 1
263 271 2
263 272 4
263 273 4
263 274 1
263 275 2
263 276 5
263 277 4
263 278 1
263 279 5
264 265 1
264 266 5
264 267 5
264 268 2
264 269 3
264 270 3
264 271 1
264 272 3
264 273 4
264 274 2
264 275 1
264 276 3
264 277 3
264 278 2
264 279 3
265 266 2
265 267 5
265 268 1
265 269 4
265 270 2
265 271 2
265 272 2
265 273 3
265 274 1
265 275 1
265 276 5
265 277 2
265 278 2
265 279 4
266 267 2
266 268 3
266 269 1
266 270 2
266 271 1
266 272 1
266 273 5
266 274 1
266 275 2
266 276 4
266 277 1
266 278 3
266 279 2
267 268 1
267 269 5
267 270 5
267 271 5
267 272 2
267 273 5
267 274 2
267 275 4
267 276 5
267 277 3
267 278 1
267 279 3
268 269 4
268 270 3
268 271 3
268 272 4
268 273 5
268 274 5
268 275 5
268 276 5
268 277 3
268 278 5
268 279 3
269 270 2
269 271 1
269 272 5
269 273 3
269 274 5
269 275 4
269 276 1
269 277 2
269 278 2
269 279 2
270 271 1
270 272 2
270 273 1
270 274 4
270 275 2
270 276 5
270 277 4
270 278 3
270 279 5
271 272 3
271 273 4
271 274 4
271 275 1
271 276 1
271 277 2
271 278 2
271 279 5
272 273 1
272 274 2
272 275 2
272 276 4
272 277 2
272 278 4
272 279 5
273 274 2
273 275 4
273 276 3
273 277 3
273 278 1
273 279 5
273 293 1
274 275 1
274 276 4
274 277 2
274 278 3
274 279 2
274 313 5
275 276 1
275 277 5
275 278 4
275 279 2
275 333 3
276 353 4
276 277 3
276 278 1
276 279 3
277 373 3
277 278 1
277 279 1
278 393 5
278 279 3
279 413 2
280 288 1
280 289 5
280 290 4
280 291 4
280 292 5
280 293 2
280 294 4
280 295 4
280 296 5
280 297 2
280 298 4
280 299 2
280 281 4
280 282 4
280 283 1
280 284 5
280 285 3
280 286 3
280 287 4
281 288 2
281 289 2
281 290 4
281 291 4
281 292 4
281 293 5
281 294 3
281 295 3
281 296 3
281 297 1
281 298 4
281 299 1
281 282 4
281 283 3
281 284 4
281 285 2
281 286 5
281 287 1
282 288 5
282 289 5
282 290 5
282 291 4
282 292 2
282 293 2
282 294 2
282 295 2
282 296 5
282 297 2
282 298 4
282 299 3
282 283 5
282 284 1
282 285 4
282 286 4
282 287 3
283 288 5
283 289 4
283 290 2
283 291 3
283 292 5
283 293 1
283 294 2
283 295 1
283 296 5
283 297 5
283 298 1
283 299 5
283 284 1
283 285 5
283 286 2
283 287 3
284 288 2
284 289 5
284 290 1
284 291 4
284 292 1
284 293 1
284 294 2
284 295 5
284 296 4
284 297 5
284 298 5
284 299 1
284 285 2
284 286 3
284 287 1
285 288 2
285 289 3
285 290 4
285 291 3
285 292 1
285 293 1
285 294 3
285 295 1
285 296 3
285 297 2
285 298 3
285 299 3
285 286 1
285 287 3
286 288 2
286 289 3
286 290 1
286 291 5
286 292 4
286 293 1
286 294 1
286 295 3
286 296 3
286 297 3
286 298 1
286 299 2
286 287 3
287 288 3
287 289 1
287 290 5
287 291 4
287 292 2
287 293 5
287 294 3
287 295 1
287 296 3
287 297 4
287 298 2
287 299 2
288 289 4
288 290 4
288 291 4
288 292 3
288 293 5
288 294 2
288 295 2
288 296 2
288 297 3
288 298 1
288 299 1
289 290 1
289 291 2
289 292 3
289 293 1
289 294 1
289 295 1
289 296 2
289 297 2
289 298 5
289 299 5
290 291 5
290 292 4
290 293 2
290 294 4
290 295 3
290 296 5
290 297 3
290 298 1
290 299 2
291 292 2
291 293 4
291 294 3
291 295 4
291 296 2
291 297 2
291 298 3
291 299 5
292 293 3
292 294 1
292 295 4
292 296 3
292 297 4
292 298 1
292 299 4
293 294 3
293 295 1
293 296 4
293 297 2
293 298 1
293 299 3
294 295 4
294 296 4
294 297 1
294 298 1
294 299 2
294 314 3
295 296 1
295 297 3
295 298 2
295 299 3
295 334 2
296 297 3
296 298 2
296 299 5
296 354 4
297 298 3
297 299 5
297 374 2
298 394 1
298 299 3
299 414 2
300 301 3
300 302 2
300 303 3
300 304 4
300 305 2
300 306 2
300 307 5
300 308 2
300 309 2
300 310 1
300 311 5
300 312 4
300 313 4
300 314 3
300 315 3
300 316 2
300 317 1
300 318 4
300 319 1
301 302 4
301 303 4
301 304 1
301 305 5
301 306 5
301 307 4
301 308 3
301 309 4
301 310 4
301 311 5
301 312 4
301 313 2
301 314 3
301 315 1
301 316 5
301 317 1
301 318 4
301 319 4
302 303 3
302 304 1
302 305 1
302 306 3
302 307 1
302 308 3
302 309 3
302 310 3
302 311 5
302 312 1
302 313 4
302 314 5
302 315 3
302 316 1
302 317 1
302 318 2
302 319 4
303 304 1
303 305 5
303 306 5
303 307 1
303 308 3
303 309 4
303 310 1
303 311 2
303 312 5
303 313 3
303 314 2
303 315 2
303 316 1
303 317 4
303 318 3
303 319 4
304 305 4
304 306 3
304 307 3
304 308 1
304 309 4
304 310 2
304 311 5
304 312 2
304 313 1
304 314 2
304 315 2
304 316 3
304 317 5
304 318 1
304 319 1
305 306 5
305 307 2
305 308 5
305 309 4
305 310 3
305 311 3
305 312 2
305 313 5
305 314 5
305 315 3
305 316 3
305 317 1
305 318 3
305 319 5
306 307 4
306 308 1
306 309 5
306 310 3
306 311 2
306 312 4
306 313 1
306 314 5
306 315 3
306 316 2
306 317 1
306 318 4
306 319 3
307 308 1
307 309 4
307 310 4
307 311 3
307 312 4
307 313 5
307 314 4
307 315 4
307 316 1
307 317 1
307 318 4
307 319 2
308 309 2
308 310 2
308 311 1
308 312 1
308 313 1
308 314 3
308 315 2
308 316 1
308 317 2
308 318 5
308 319 3
309 310 5
309 311 1
309 312 3
309 313 5
309 314 3
309 315 3
309 316 5
309 317 2
309 318 5
309 319 3
310 311 5
310 312 4
310 313 5
310 314 3
310 315 3
310 316 3
310 317 4
310 318 3
310 319 3
311 312 2
311 313 4
311 314 1
311 315 3
311 316 4
311 317 3
311 318 1
311 319 3
312 313 4
312 314 5
312 315 2
312 316 5
312 317 2
312 318 2
312 319 1
313 314 3
313 315 5
313 316 4
313 317 3
313 318 5
313 319 4
314 315 1
314 316 2
314 317 1
314 318 4
314 319 5
315 335 1
315 316 1
315 317 2
315 318 3
315 319 4
316 355 3
316 317 4
316 318 1
316 319 3
317 375 2
317 318 3
317 319 4
318 395 4
318 319 3
319 415 2
320 321 1
320 322 5
320 323 2
320 324 5
320 325 1
320 326 1
320 327 3
320 328 4
320 329 4
320 330 1
320 331 5
320 332 2
320 333 5
320 334 4
320 335 3
320 336 2
320 337 1
320 338 2
320 339 4
321 322 3
321 323 2
321 324 3
321 325 5
321 326 1
321 327 1
321 328 1
321 329 2
321 330 3
321 331 4
321 332 1
321 333 3
321 334 4
321 335 2
321 336 1
321 337 5
321 338 1
321 339 4
322 323 5
322 324 3
322 325 3
322 326 4
322 327 1
322 328 4
322 329 2
322 330 1
322 331 2
322 332 1
322 333 5
322 334 4
322 335 2
322 336 5
322 337 1
322 338 4
322 339 5
323 324 5
323 325 1
323 326 4
323 327 3
323 328 3
323 329 2
323 330 5
323 331 4
323 332 5
323 333 3
323 334 3
323 335 4
323 336 3
323 337 2
323 338 5
323 339 2
324 325 5
324 326 4
324 327 2
324 328 4
324 329 1
324 330 5
324 331 2
324 332 4
324 333 2
324 334 2
324 335 4
324 336 1
324 337 1
324 338 1
324 339 3
325 326 5
325 327 4
325 328 4
325 329 5
325 330 3
325 331 2
325 332 5
325 333 2
325 334 5
325 335 3
325 336 5
325 337 1
325 338 5
325 339 1
326 327 4
326 328 2
326 329 3
326 330 5
326 331 3
326 332 5
326 333 2
326 334 3
326 335 3
326 336 2
326 337 3
326 338 4
326 339 1
327 328 3
327 329 1
327 330 3
327 331 2
327 332 3
327 333 2
327 334 2
327 335 3
327 336 4
327 337 2
327 338 4
327 339 2
328 329 3
328 330 2
328 331 4
328 332 3
328 333 5
328 334 5
328 335 5
328 336 2
328 337 1
328 338 3
328 339 2
329 330 1
329 331 2
329 332 5
329 333 2
329 334 3
329 335 4
329 336 5
329 337 1
329 338 2
329 339 2
330 331 5
330 332 4
330 333 1
330 334 1
330 335 2
330 336 2
330 337 2
330 338 4
330 339 3
331 332 1
331 333 5
331 334 5
331 335 2
331 336 3
331 337 2
331 338 4
331 339 1
332 333 4
332 334 1
332 335 5
332 336 3
332 337 5
332 338 1
332 339 1
333 334 2
333 335 1
333 336 2
333 337 4
333 338 1
333 339 1
334 335 4
334 336 4
334 337 4
334 338 3
334 339 4
335 336 1
335 337 5
335 338 5
335 339 1
336 337 2
336 338 4
336 339 4
336 356 4
337 338 5
337 339 1
337 376 4
338 339 3
338 396 3
339 416 3
340 352 4
340 353 4
340 354 1
340 355 4
340 356 5
340 357 2
340 358 3
340 359 3
340 341 4
340 342 3
340 343 2
340 344 5
340 345 1
340 346 4
340 347 4
340 348 5
340 349 2
340 350 4
340 351 2
341 352 2
341 353 2
341 354 2
341 355 2
341 356 1
341 357 3
341 358 2
341 359 4
341 342 1
341 343 5
341 344 4
341 345 1
341 346 1
341 347 3
341 348 2
341 349 1
341 350 3
341 351 5
342 352 5
342 353 3
342 354 5
342 355 3
342 356 2
342 357 5
342 358 1
342 359 2
342 343 1
342 344 4
342 345 4
342 346 2
342 347 1
342 348 4
342 349 5
342 350 3
342 351 3
343 352 5
343 353 4
343 354 3
343 355 1
343 356 1
343 357 5
343 358 2
343 359 2
343 344 4
343 345 2
343 346 3
343 347 5
343 348 5
343 349 5
343 350 2
343 351 4
344 352 2
344 353 5
344 354 1
344 355 5
344 356 2
344 357 3
344 358 3
344 359 1
344 345 3
344 346 4
344 347 4
344 348 4
344 349 2
344 350 1
344 351 4
345 352 4
345 353 2
345 354 3
345 355 3
345 356 1
345 357 2
345 358 2
345 359 2
345 346 5
345 347 2
345 348 3
345 349 5
345 350 5
345 351 3
346 352 1
346 353 5
346 354 5
346 355 4
346 356 1
346 357 3
346 358 2
346 359 5
346 347 4
346 348 2
346 349 2
346 350 5
346 351 2
347 352 5
347 353 3
347 354 4
347 355 1
347 356 3
347 357 5
347 358 4
347 359 3
347 348 4
347 349 2
347 350 1
347 351 1
348 352 3
348 353 1
348 354 5
348 355 3
348 356 3
348 357 5
348 358 4
348 359 1
348 349 4
348 350 5
348 351 4
349 352 3
349 353 1
349 354 2
349 355 4
349 356 4
349 357 1
349 358 3
349 359 1
349 350 4
349 351 2
350 352 4
350 353 5
350 354 4
350 355 3
350 356 4
350 357 5
350 358 3
350 359 1
350 351 4
351 352 2
351 353 3
351 354 2
351 355 1
351 356 3
351 357 3
351 358 3
351 359 4
352 353 4
352 354 5
352 355 5
352 356 2
352 357 5
352 358 1
352 359 2
353 354 4
353 355 2
353 356 2
353 357 2
353 358 3
353 359 1
354 355 4
354 356 1
354 357 3
354 358 1
354 359 3
355 356 3
355 357 2
355 358 2
355 359 3
356 357 5
356 358 1
356 359 3
357 358 4
357 359 4
357 377 3
358 359 5
358 397 3
359 417 3
360 361 4
360 362 5
360 363 2
360 364 5
360 365 3
360 366 1
360 367 4
360 368 4
360 369 1
360 370 2
360 371 1
360 372 2
360 373 5
360 374 2
360 375 4
360 376 4
360 377 3
360 378 2
360 379 3
361 362 2
361 363 4
361 364 2
361 365 1
361 366 4
361 367 1
361 368 2
361 369 2
361 370 5
361 371 1
361 372 1
361 373 4
361 374 3
361 375 3
361 376 2
361 377 5
361 378 3
361 379 4
362 363 2
362 364 3
362 365 1
362 366 2
362 367 5
362 368 1
362 369 3
362 370 3
362 371 2
362 372 4
362 373 1
362 374 1
362 375 5
362 376 1
362 377 3
362 378 2
362 379 4
363 364 2
363 365 2
363 366 4
363 367 2
363 368 5
363 369 4
363 370 1
363 371 4
363 372 4
363 373 1
363 374 5
363 375 4
363 376 1
363 377 2
363 378 3
363 379 4
364 365 5
364 366 1
364 367 1
364 368 5
364 369 5
364 370 1
364 371 1
364 372 4
364 373 5
364 374 5
364 375 2
364 376 4
364 377 4
364 378 1
364 379 4
365 366 1
365 367 5
365 368 5
365 369 2
365 370 5
365 371 4
365 372 1
365 373 3
365 374 5
365 375 1
365 376 3
365 377 1
365 378 5
365 379 5
366 367 1
366 368 5
366 369 4
366 370 2
366 371 1
366 372 2
366 373 2
366 374 3
366 375 4
366 376 4
366 377 1
366 378 5
366 379 1
367 368 5
367 369 3
367 370 1
367 371 5
367 372 3
367 373 1
367 374 1
367 375 5
367 376 5
367 377 3
367 378 1
367 379 4
368 369 3
368 370 3
368 371 4
368 372 5
368 373 5
368 374 3
368 375 5
368 376 5
368 377 5
368 378 1
368 379 1
369 370 5
369 371 3
369 372 2
369 373 5
369 374 3
369 375 2
369 376 3
369 377 1
369 378 4
369 379 5
370 371 5
370 372 1
370 373 3
370 374 4
370 375 2
370 376 2
370 377 4
370 378 3
370 379 2
371 372 2
371 373 3
371 374 1
371 375 2
371 376 2
371 377 2
371 378 4
371 379 4
372 373 1
372 374 3
372 375 4
372 376 3
372 377 2
372 378 1
372 379 3
373 374 4
373 375 2
373 376 4
373 377 3
373 378 2
373 379 5
374 375 2
374 376 5
374 377 3
374 378 1
374 379 2
375 376 4
375 377 5
375 378 1
375 379 4
376 377 4
376 378 5
376 379 3
377 378 3
377 379 5
378 379 2
378 398 5
379 418 2
380 384 1
380 385 1
380 386 3
380 387 1
380 388 2
380 389 5
380 390 3
380 391 4
380 392 1
380 393 4
380 394 1
380 395 4
380 396 5
380 397 5
380 398 3
380 399 1
380 381 3
380 382 2
380 383 3
381 384 3
381 385 5
381 386 2
381 387 4
381 388 5
381 389 2
381 390 1
381 391 1
381 392 3
381 393 2
381 394 4
381 395 1
381 396 3
381 397 3
381 398 4
381 399 2
381 382 1
381 383 4
382 384 3
382 385 1
382 386 3
382 387 1
382 388 1
382 389 1
382 390 5
382 391 5
382 392 5
382 393 3
382 394 3
382 395 5
382 396 2
382 397 5
382 398 3
382 399 4
382 383 1
383 384 1
383 385 5
383 386 4
383 387 4
383 388 2
383 389 4
383 390 2
383 391 4
383 392 5
383 393 5
383 394 2
383 395 3
383 396 1
383 397 1
383 398 2
383 399 1
384 385 1
384 386 4
384 387 5
384 388 5
384 389 1
384 390 5
384 391 2
384 392 3
384 393 3
384 394 3
384 395 2
384 396 2
384 397 2
384 398 5
384 399 2
385 386 1
385 387 3
385 388 3
385 389 2
385 390 4
385 391 4
385 392 4
385 393 1
385 394 5
385 395 4
385 396 1
385 397 5
385 398 2
385 399 4
386 387 4
386 388 3
386 389 5
386 390 1
386 391 3
386 392 2
386 393 1
386 394 5
386 395 3
386 396 1
386 397 4
386 398 2
386 399 2
387 388 4
387 389 4
387 390 4
387 391 2
387 392 2
387 393 4
387 394 3
387 395 2
387 396 5
387 397 1
387 398 2
387 399 1
388 389 4
388 390 2
388 391 3
388 392 4
388 393 3
388 394 3
388 395 5
388 396 3
388 397 3
388 398 1
388 399 5
389 390 1
389 391 1
389 392 4
389 393 5
389 394 3
389 395 5
389 396 5
389 397 4
389 398 2
389 399 1
390 391 2
390 392 4
390 393 1
390 394 2
390 395 5
390 396 2
390 397 3
390 398 2
390 399 2
391 392 5
391 393 3
391 394 2
391 395 4
391 396 4
391 397 4
391 398 4
391 399 5
392 393 1
392 394 1
392 395 1
392 396 4
392 397 3
392 398 1
392 399 5
393 394 2
393 395 2
393 396 2
393 397 3
393 398 4
393 399 2
394 395 3
394 396 3
394 397 3
394 398 3
394 399 3
395 396 1
395 397 2
395 398 2
395 399 1
396 397 3
396 398 1
396 399 1
397 398 3
397 399 5
398 399 5
399 419 4
400 416 3
400 417 1
400 418 5
400 419 3
400 401 4
400 402 5
400 403 2
400 404 1
400 405 2
400 406 3
400 407 5
400 408 3
400 409 2
400 410 1
400 411 3
400 412 4
400 413 3
400 414 1
400 415 2
401 416 5
401 417 3
401 418 3
401 419 2
401 402 1
401 403 1
401 404 5
401 405 3
401 406 1
401 407 4
401 408 5
401 409 2
401 410 1
401 411 5
401 412 1
401 413 3
401 414 1
401 415 1
402 416 4
402 417 5
402 418 2
402 419 1
402 403 4
402 404 2
402 405 3
402 406 3
402 407 3
402 408 5
402 409 5
402 410 3
402 411 1
402 412 2
402 413 5
402 414 5
402 415 2
403 416 3
403 417 4
403 418 5
403 419 2
403 404 3
403 405 1
403 406 3
403 407 1
403 408 2
403 409 2
403 410 4
403 411 4
403 412 5
403 413 4
403 414 3
403 415 5
404 416 4
404 417 1
404 418 5
404 419 5
404 405 4
404 406 5
404 407 3
404 408 5
404 409 2
404 410 3
404 411 5
404 412 4
404 413 1
404 414 2
404 415 2
405 416 3
405 417 2
405 418 3
405 419 2
405 406 1
405 407 5
405 408 5
405 409 4
405 410 2
405 411 3
405 412 1
405 413 1
405 414 2
405 415 4
406 416 1
406 417 2
406 418 1
406 419 2
406 407 1
406 408 3
406 409 4
406 410 5
406 411 4
406 412 5
406 413 2
406 414 2
406 415 5
407 416 1
407 417 1
407 418 5
407 419 4
407 408 3
407 409 5
407 410 3
407 411 5
407 412 1
407 413 4
407 414 5
407 415 4
408 416 5
408 417 2
408 418 2
408 419 3
408 409 5
408 410 2
408 411 3
408 412 4
408 413 2
408 414 4
408 415 4
409 416 5
409 417 2
409 418 5
409 419 5
409 410 2
409 411 1
409 412 5
409 413 1
409 414 1
409 415 3
410 416 2
410 417 2
410 418 1
410 419 2
410 411 2
410 412 1
410 413 3
410 414 3
410 415 5
411 416 4
411 417 2
411 418 1
411 419 5
411 412 2
411 413 4
411 414 2
411 415 1
412 416 3
412 417 4
412 418 5
412 419 4
412 413 4
412 414 5
412 415 1
413 416 3
413 417 2
413 418 3
413 419 1
413 414 2
413 415 4
414 416 1
414 417 5
414 418 1
414 419 1
414 100002 50
414 415 5
415 416 1
415 417 5
415 418 1
415 419 4
415 100002 50
415 100003 50
416 100000 50
416 417 4
416 418 1
416 419 5
416 100004 50
416 100001 50
417 418 2
417 419 3
417 100004 50
418 100002 50
418 419 2
418 100000 50
418 100001 50
418 100003 50
419 100003 50
419 100004 50
419 100000 50
419 100001 50
-2 2 50
-2 4 50
-5 0 50
-5 2 50
-5 3 50
-4 2 50
-4 3 50
-4 4 50
-3 0 50
-3 3 50
-1 0 50
-1 3 50
-1 4 50
