0 128 119
0 132 148
0 134 145
0 10 18
0 11 50
0 12 40
0 14 135
0 20 152
0 156 25
0 29 81
0 31 119
0 32 50
0 38 10
0 40 55
0 169 39
0 170 36
0 171 13
0 51 34
0 159 80
0 69 26
0 198 93
0 98 114
0 101 22
0 112 76
0 116 141
0 120 43
1 131 93
1 132 118
1 10 154
1 11 34
1 12 79
1 13 42
1 14 59
1 15 84
1 16 47
1 17 116
1 18 22
1 147 102
1 20 98
1 46 107
1 22 93
1 23 125
1 26 83
1 29 39
1 30 143
1 31 129
1 160 52
1 163 15
1 36 98
1 37 136
1 43 28
1 44 38
1 174 63
1 47 88
1 176 59
1 181 87
1 54 30
1 56 62
1 58 74
1 59 95
1 188 129
1 61 42
1 190 18
1 192 36
1 71 111
1 78 37
1 83 125
1 142 138
1 86 24
1 87 27
1 88 120
1 94 128
1 100 54
1 102 126
1 103 140
1 105 107
1 106 21
1 154 136
1 113 144
1 116 25
1 122 29
2 134 94
2 10 135
2 11 59
2 13 143
2 15 49
2 17 143
2 18 73
2 19 63
2 23 108
2 24 55
2 26 146
2 29 36
2 30 90
2 160 11
2 35 144
2 39 34
2 45 143
2 50 48
2 180 70
2 59 155
2 60 88
2 190 42
2 63 139
2 192 148
2 194 140
2 67 114
2 196 51
2 78 106
2 139 140
2 92 18
2 103 42
2 105 41
2 106 36
2 120 73
2 123 35
3 10 137
3 11 71
3 12 136
3 13 41
3 16 15
3 18 114
3 19 118
3 149 47
3 22 27
3 26 49
3 27 56
3 28 129
3 29 67
3 32 79
3 33 35
3 34 111
3 36 124
3 165 115
3 38 10
3 41 79
3 42 82
3 43 131
3 174 18
3 48 125
3 49 33
3 179 87
3 55 147
3 56 151
3 57 58
3 59 90
3 60 73
3 61 21
3 63 113
3 65 37
3 72 16
3 74 143
3 76 82
3 162 55
3 78 113
3 141 71
3 81 95
3 185 43
3 88 69
3 90 36
3 94 149
3 96 135
3 144 132
3 101 86
3 105 92
3 108 30
3 109 114
3 112 26
3 113 139
3 120 130
3 127 45
3 21 87
4 134 128
4 135 64
4 136 73
4 10 55
4 11 83
4 13 134
4 14 88
4 16 86
4 146 101
4 20 57
4 149 60
4 22 21
4 25 90
4 26 153
4 27 116
4 157 108
4 34 35
4 35 149
4 70 69
4 40 101
4 41 123
4 178 15
4 53 30
4 55 65
4 56 115
4 62 142
4 65 149
4 69 90
4 198 136
4 72 106
4 74 53
4 75 137
4 77 19
4 184 41
4 85 120
4 86 145
4 92 54
4 93 49
4 94 67
4 144 117
4 104 71
4 107 89
4 111 47
4 117 56
4 169 38
4 148 59
4 127 10
4 126 14
4 21 97
5 130 13
5 133 48
5 10 17
5 11 25
5 12 110
5 14 32
5 15 67
5 16 26
5 17 150
5 18 40
5 19 113
5 21 27
5 22 83
5 24 97
5 153 125
5 155 95
5 28 149
5 159 11
5 162 153
5 27 71
5 36 62
5 38 62
5 168 90
5 156 71
5 171 35
5 44 149
5 178 151
5 182 98
5 55 137
5 184 62
5 185 16
5 186 112
5 138 138
5 62 75
5 63 82
5 64 113
5 65 41
5 67 113
5 68 151
5 70 67
5 75 100
5 76 49
5 79 19
5 163 139
5 164 51
5 91 84
5 93 119
5 94 50
5 96 96
5 100 10
5 103 58
5 105 65
5 109 55
5 147 89
5 116 133
5 190 51
5 191 107
5 127 18
6 10 121
6 12 126
6 175 149
6 15 133
6 17 76
6 148 80
6 21 103
6 22 32
6 152 71
6 154 73
6 27 93
6 29 60
6 38 111
6 41 56
6 44 80
6 47 120
6 48 127
6 180 13
6 181 134
6 54 89
6 189 86
6 62 130
6 66 28
6 199 36
6 79 92
6 87 120
6 91 146
6 104 48
6 112 28
6 118 119
6 121 144
7 134 75
7 10 50
7 11 104
7 12 71
7 13 31
7 14 37
7 15 153
7 16 102
7 17 149
7 19 137
7 20 97
7 23 152
7 25 152
7 27 106
7 156 37
7 30 65
7 37 128
7 40 18
7 169 141
7 170 127
7 45 97
7 50 40
7 52 29
7 62 102
7 64 141
7 194 99
7 196 47
7 69 12
7 71 81
7 77 107
7 78 50
7 142 110
7 88 58
7 89 152
7 98 101
7 105 109
7 109 108
7 147 31
7 116 53
7 153 74
7 125 56
8 115 115
8 10 25
8 11 67
8 12 25
8 13 145
8 14 88
8 15 80
8 17 49
8 19 145
8 150 124
8 23 90
8 25 78
8 28 69
8 157 49
8 34 33
8 164 117
8 39 55
8 40 146
8 42 94
8 43 59
8 44 39
8 45 38
8 175 17
8 48 56
8 49 77
8 51 16
8 182 10
8 55 90
8 57 70
8 186 48
8 151 67
8 195 102
8 140 119
8 74 12
8 75 36
8 77 12
8 141 56
8 81 51
8 84 19
8 185 101
8 91 68
8 110 70
8 173 140
8 147 50
8 153 68
8 121 115
8 122 114
9 101 62
9 103 53
9 10 65
9 11 139
9 12 116
9 13 18
9 81 42
9 18 63
9 135 63
9 159 24
10 128 141
10 97 89
10 133 116
10 135 53
10 137 45
10 11 136
10 12 58
10 13 13
10 14 67
10 15 62
10 16 89
10 17 30
10 18 79
10 19 39
10 148 93
10 21 123
10 22 98
10 153 78
10 24 71
10 25 108
10 26 50
10 156 59
10 30 77
10 32 118
10 33 72
10 34 34
10 164 59
10 37 75
10 166 31
10 167 115
10 42 99
10 171 100
10 46 94
10 49 155
10 52 43
10 53 42
10 54 20
10 55 96
10 57 54
10 59 126
10 63 37
10 64 134
10 160 136
10 66 109
10 68 124
10 69 135
10 71 70
10 177 88
10 74 111
10 75 21
10 76 85
10 77 86
10 78 28
10 80 86
10 82 92
10 193 148
10 84 112
10 85 14
10 89 95
10 90 71
10 91 63
10 93 53
10 196 87
10 144 71
10 99 60
10 101 78
10 145 151
10 142 115
10 103 34
10 108 104
10 109 40
10 110 29
10 113 57
10 124 31
10 125 124
11 171 152
11 133 68
11 137 77
11 138 116
11 12 116
11 13 51
11 14 104
11 15 66
11 16 18
11 17 46
11 18 91
11 19 16
11 20 10
11 21 88
11 23 104
11 24 104
11 156 92
11 29 50
11 30 133
11 31 136
11 34 66
11 28 101
11 42 60
11 43 147
11 176 30
11 49 66
11 51 89
11 52 70
11 55 33
11 57 129
11 190 113
11 64 32
11 65 30
11 197 45
11 72 44
11 74 109
11 75 121
11 77 32
11 80 143
11 84 68
11 85 46
11 121 134
11 88 148
11 92 115
11 97 107
11 99 88
11 101 104
11 103 108
11 146 98
11 110 55
11 117 59
11 169 66
11 148 57
11 170 122
11 126 67
12 128 61
12 131 14
12 133 11
12 137 133
12 151 64
12 13 60
12 14 151
12 15 119
12 16 47
12 146 48
12 20 151
12 46 95
12 23 28
12 27 55
12 30 39
12 31 90
12 160 90
12 33 11
12 36 117
12 37 136
12 38 94
12 39 60
12 42 90
12 43 52
12 44 61
12 45 18
12 174 62
12 47 57
12 50 61
12 52 139
12 181 51
12 182 133
12 57 129
12 188 115
12 61 155
12 196 50
12 69 92
12 76 147
12 81 106
12 85 120
12 91 28
12 95 32
12 97 21
12 99 48
12 101 107
12 107 66
12 189 136
12 112 101
12 117 142
12 119 152
12 143 98
13 198 34
13 132 14
13 139 35
13 14 89
13 16 25
13 146 58
13 19 35
13 20 35
13 24 141
13 25 81
13 26 74
13 31 74
13 160 122
13 161 106
13 34 39
13 35 60
13 36 111
13 37 126
13 38 42
13 167 31
13 40 112
13 41 138
13 170 58
13 43 87
13 44 80
13 48 76
13 49 30
13 50 138
13 179 137
13 52 91
13 54 69
13 56 21
13 59 133
13 60 19
13 63 101
13 64 75
13 193 66
13 194 117
13 67 16
13 68 16
13 197 119
13 70 130
13 71 70
13 177 86
13 77 130
13 81 141
13 163 115
13 87 70
13 176 112
13 90 111
13 92 67
13 95 141
13 165 78
13 100 31
13 101 91
13 195 81
13 106 50
13 107 126
13 108 46
13 110 46
13 111 108
13 168 27
13 114 133
13 83 94
13 122 46
13 123 70
13 125 29
13 166 54
14 133 139
14 134 105
14 140 112
14 141 29
14 142 129
14 15 62
14 16 19
14 152 49
14 20 129
14 21 53
14 22 17
14 151 35
14 24 50
14 25 20
14 26 56
14 27 10
14 28 97
14 29 65
14 30 93
14 32 32
14 34 65
14 36 124
14 38 88
14 39 25
14 41 47
14 43 111
14 46 82
14 181 65
14 54 59
14 55 37
14 60 83
14 62 107
14 194 138
14 68 45
14 70 72
14 71 28
14 75 33
14 162 138
14 77 134
14 120 41
14 82 88
14 95 87
14 166 129
14 105 53
14 154 59
14 112 93
14 153 12
14 121 82
14 122 55
15 129 85
15 130 137
15 141 112
15 142 20
15 143 15
15 17 144
15 18 32
15 19 18
15 21 38
15 23 67
15 24 93
15 25 131
15 154 82
15 27 46
15 28 132
15 29 102
15 30 103
15 32 62
15 33 143
15 36 61
15 37 82
15 40 145
15 42 84
15 44 121
15 45 147
15 178 73
15 53 128
15 54 144
15 61 129
15 191 46
15 64 111
15 65 27
15 66 40
15 67 69
15 196 117
15 74 75
15 82 59
15 164 129
15 26 24
15 100 10
15 108 113
15 109 115
15 110 70
15 116 112
15 117 134
15 119 123
15 120 154
15 125 132
16 129 44
16 131 92
16 64 23
16 139 43
16 141 36
16 144 152
16 145 110
16 18 86
16 19 31
16 20 51
16 22 13
16 151 71
16 25 117
16 28 67
16 29 29
16 158 150
16 33 124
16 38 11
16 41 39
16 42 92
16 171 15
16 52 138
16 53 79
16 56 140
16 185 86
16 58 109
16 192 40
16 65 84
16 67 103
16 73 73
16 81 104
16 83 83
16 85 152
16 86 118
16 96 150
16 100 72
16 105 138
16 106 18
16 117 90
16 121 146
16 127 113
17 131 130
17 136 31
17 141 138
17 143 137
17 146 49
17 20 70
17 21 33
17 23 52
17 25 64
17 28 109
17 157 30
17 31 108
17 32 46
17 33 122
17 37 116
17 39 144
17 40 76
17 42 41
17 43 43
17 172 109
17 46 17
17 178 132
17 180 112
17 181 55
17 183 79
17 57 54
17 188 86
17 193 87
17 194 106
17 195 141
17 69 65
17 79 143
17 84 88
17 99 50
17 116 136
17 148 153
17 124 77
18 130 17
18 100 125
18 86 76
18 136 86
18 73 122
18 42 100
18 78 116
18 47 23
18 80 73
18 21 84
18 22 133
18 25 92
18 111 73
18 101 107
18 53 64
18 31 143
19 32 57
19 129 60
19 35 26
19 97 51
19 40 83
19 108 154
19 114 63
19 174 92
19 47 144
19 136 152
19 82 150
19 51 22
19 94 90
19 182 90
19 23 24
19 24 75
19 72 116
19 59 28
19 62 115
19 31 79
20 160 63
20 33 138
20 35 147
20 37 14
20 65 147
20 39 100
20 64 87
20 170 22
20 77 86
20 46 57
20 111 89
20 114 41
20 67 22
20 78 101
20 23 46
20 88 36
20 122 150
20 63 73
20 93 122
20 85 36
20 31 78
21 130 74
21 68 113
21 111 17
21 172 75
21 66 146
21 79 93
21 80 136
21 113 93
21 125 136
21 22 17
21 183 90
21 56 105
21 26 15
21 91 134
21 90 82
21 30 81
21 95 32
22 100 111
22 162 130
22 67 109
22 66 107
22 39 23
22 61 92
22 29 126
22 80 95
22 177 62
22 53 36
22 153 116
22 154 51
22 111 47
22 26 85
22 158 37
22 31 46
23 131 59
23 108 103
23 53 20
23 86 80
23 186 131
23 85 58
24 34 103
24 194 32
24 53 134
24 27 78
24 28 26
24 63 85
25 128 31
25 35 112
25 72 110
25 27 62
25 51 147
25 116 143
25 59 115
26 129 135
26 195 155
26 39 37
26 109 31
26 47 59
26 35 24
26 56 137
27 198 34
27 41 102
27 108 106
27 50 28
27 55 31
27 56 89
27 28 98
28 32 99
28 97 71
28 35 153
28 171 154
28 140 129
28 178 149
28 52 11
28 117 113
28 121 79
29 61 27
29 36 82
29 70 63
29 45 108
29 47 42
29 180 86
29 184 150
29 186 94
29 59 126
29 60 86
29 90 122
30 33 26
30 194 139
30 71 19
30 138 97
30 50 105
30 58 52
30 91 96
30 60 51
31 32 119
31 49 129
31 34 75
32 132 110
32 44 78
32 139 148
32 140 110
32 150 117
32 151 49
32 155 54
32 33 35
32 35 44
32 36 115
32 37 93
32 38 15
32 40 25
32 41 115
32 170 120
32 172 13
32 45 53
32 46 58
32 47 116
32 49 153
32 178 81
32 51 64
32 181 92
32 58 137
32 187 132
32 61 79
32 199 90
32 72 112
32 74 38
32 75 80
32 79 68
32 84 74
32 164 38
32 90 103
32 93 89
32 94 100
32 165 22
32 97 120
32 102 111
32 108 85
32 109 137
32 189 97
32 114 92
32 121 149
32 123 83
33 138 67
33 141 15
33 142 155
33 152 90
33 35 85
33 36 117
33 165 102
33 38 113
33 39 143
33 168 130
33 42 93
33 183 82
33 57 122
33 58 96
33 60 31
33 190 125
33 63 118
33 192 128
33 66 38
33 197 112
33 73 31
33 76 28
33 79 105
33 93 86
33 95 130
33 97 153
33 103 137
33 105 29
33 109 72
34 131 121
34 145 129
34 148 28
34 161 132
34 166 10
34 167 117
34 41 90
34 48 14
34 49 123
34 50 77
34 52 138
34 184 93
34 57 27
34 186 148
34 188 97
34 68 52
34 69 87
34 74 15
34 75 149
34 78 15
34 82 131
34 83 65
34 85 45
34 88 93
34 91 116
34 92 71
34 95 10
34 104 140
34 113 99
34 115 129
34 120 81
34 121 110
35 161 39
35 83 90
35 123 59
35 168 35
35 102 63
35 97 49
35 40 59
35 137 21
35 44 142
35 46 109
35 145 29
35 51 87
35 126 140
35 73 140
35 41 91
35 104 150
35 155 154
35 124 44
35 189 38
35 169 103
36 68 70
36 165 116
36 151 100
36 80 50
36 117 68
36 54 85
36 183 27
36 95 88
36 188 152
36 61 53
36 190 88
36 133 53
37 160 16
37 114 145
37 135 65
37 72 87
37 74 84
37 43 105
37 45 131
37 177 126
37 50 146
37 51 95
37 87 54
37 123 98
37 92 80
38 128 75
38 45 29
38 149 20
38 150 136
38 162 61
38 39 81
38 43 30
38 44 113
38 173 103
38 174 27
38 47 136
38 48 17
38 182 106
38 55 71
38 58 135
38 59 10
38 188 30
38 62 152
38 72 123
38 73 57
38 75 144
38 76 69
38 78 44
38 81 155
38 85 149
38 89 39
38 94 29
38 96 126
38 102 76
38 106 71
38 111 59
38 112 72
38 116 14
39 65 46
39 162 63
39 99 36
39 166 89
39 168 147
39 66 60
39 46 112
39 145 101
39 50 153
39 51 105
39 52 27
39 118 20
39 119 60
39 89 99
39 58 21
39 188 85
39 61 133
39 126 121
40 65 86
40 163 61
40 167 121
40 172 68
40 45 149
40 174 143
40 118 77
40 155 101
40 127 42
41 128 10
41 132 151
41 134 47
41 153 82
41 175 115
41 163 146
41 47 97
41 49 124
41 50 132
41 56 10
41 193 20
41 66 12
41 68 91
41 199 114
41 72 10
41 73 137
41 79 23
41 82 12
41 83 139
41 94 95
41 96 64
41 100 146
41 104 103
41 112 11
41 114 143
41 115 139
41 122 122
42 96 88
42 129 65
42 98 114
42 195 53
42 69 14
42 71 110
42 138 57
42 172 103
42 114 89
42 79 146
42 81 63
42 178 109
42 147 88
42 106 74
42 118 60
42 57 121
42 59 33
42 156 60
42 143 24
42 126 143
42 191 98
43 96 65
43 130 113
43 197 42
43 198 98
43 74 90
43 107 29
43 141 17
43 46 23
43 48 30
43 83 76
43 149 104
43 54 125
43 88 93
43 58 128
43 191 37
43 188 118
43 69 106
43 133 76
44 99 147
44 68 80
44 102 88
44 107 42
44 76 149
44 79 110
44 144 114
44 146 155
44 117 11
44 54 31
44 158 76
44 127 140
45 128 17
45 160 52
45 196 46
45 165 147
45 70 132
45 73 121
45 171 40
45 140 109
45 48 91
45 52 33
45 182 95
45 58 70
45 92 155
46 116 20
46 98 123
46 164 87
46 69 58
46 177 11
46 136 129
46 171 60
46 48 84
46 145 20
46 82 55
46 84 62
46 181 97
46 54 149
46 89 86
46 71 39
46 188 52
46 126 135
47 192 105
47 193 23
47 66 129
47 99 117
47 164 133
47 133 47
47 104 145
47 114 20
47 115 126
47 151 30
47 132 89
47 123 33
47 62 106
48 161 102
48 83 44
48 179 133
48 70 123
48 140 88
48 166 117
48 49 38
48 147 108
48 53 30
48 121 104
48 57 135
48 122 17
48 123 133
48 60 99
48 189 141
48 62 117
48 63 155
49 56 78
49 91 91
49 122 155
49 115 132
49 70 32
50 98 36
50 67 115
50 195 62
50 77 17
50 78 89
50 51 31
50 53 64
50 119 104
50 89 141
51 132 114
51 138 152
51 173 102
51 82 68
51 84 99
51 119 90
51 90 121
51 170 139
52 68 128
52 166 120
52 135 81
52 77 46
52 115 44
52 185 126
52 125 12
54 67 23
54 135 47
54 178 89
54 79 146
54 80 104
54 82 94
54 88 98
54 61 102
54 95 23
55 58 10
55 179 77
55 147 139
55 150 148
55 111 103
56 60 16
56 195 18
56 124 129
57 129 29
57 70 153
57 161 101
57 103 22
57 118 63
57 186 25
57 124 16
57 62 118
58 89 73
58 118 10
59 96 70
59 107 107
59 60 150
59 150 31
59 63 74
60 137 114
60 106 91
60 173 54
60 110 78
60 87 127
61 105 55
61 140 43
61 142 69
61 144 77
61 117 35
61 185 74
62 66 38
62 90 132
62 162 147
62 189 148
63 184 142
63 183 107
63 70 128
63 167 92
64 160 32
64 65 64
64 104 23
64 170 37
64 81 55
64 127 142
65 193 111
65 67 51
65 101 75
65 199 76
65 136 32
65 169 116
65 170 10
65 119 95
65 140 43
65 112 119
65 104 15
65 146 143
65 182 103
65 73 66
65 88 41
65 120 41
65 127 107
65 190 47
65 159 66
66 162 26
66 131 40
66 166 132
66 143 70
66 183 52
66 152 83
66 153 20
66 90 36
66 157 56
67 144 143
67 130 12
67 71 87
67 73 53
67 106 41
67 98 146
67 80 27
67 177 85
67 182 115
67 89 62
67 127 142
67 191 155
68 98 151
68 131 134
68 167 139
68 104 138
68 137 30
68 87 141
68 115 146
68 195 97
68 150 84
68 73 136
68 152 136
68 155 62
68 92 145
68 95 87
69 98 89
69 99 80
69 134 91
69 139 155
69 140 98
69 115 98
69 113 150
69 83 33
69 120 26
69 89 91
69 187 31
69 188 47
69 93 59
70 166 62
70 138 151
70 175 144
70 86 97
70 119 125
70 184 136
70 186 84
70 123 21
70 124 97
71 97 85
71 179 45
71 199 58
71 106 154
71 139 101
71 177 132
71 147 74
71 148 96
71 158 29
72 128 125
72 99 96
72 104 127
72 137 44
72 139 130
72 76 103
72 173 34
72 93 11
72 80 10
72 180 153
72 156 152
72 125 66
73 150 151
73 134 78
73 167 62
73 111 76
73 80 66
73 145 27
73 85 20
73 86 70
73 93 60
73 158 111
73 95 34
74 197 23
74 102 152
74 136 35
74 107 101
74 76 61
74 148 32
74 86 138
74 88 41
74 155 50
75 96 144
75 197 75
75 103 67
75 139 62
75 76 19
75 175 113
75 176 104
75 81 33
75 183 77
75 151 16
75 167 136
75 94 111
76 129 128
76 99 105
76 161 110
76 168 92
76 139 97
76 108 43
76 156 55
76 125 140
77 164 16
77 118 89
77 103 25
77 135 152
77 141 118
77 110 130
77 86 117
78 161 62
78 100 28
78 165 72
78 102 45
78 136 140
78 138 139
78 173 63
78 142 144
78 141 67
78 113 98
78 83 99
78 84 115
78 89 53
78 185 62
78 187 41
78 92 65
78 125 45
79 96 40
79 199 45
79 172 59
79 175 25
79 87 82
79 122 66
80 194 108
80 165 128
80 135 121
80 114 21
80 112 62
80 82 63
80 84 138
80 181 118
80 87 56
80 187 86
81 161 66
81 146 34
81 157 76
82 160 21
82 87 89
82 126 26
82 119 146
83 129 25
83 130 30
83 84 41
84 192 97
84 113 154
84 91 90
84 140 27
84 157 99
85 97 30
85 92 65
85 149 48
85 198 80
85 145 109
86 116 40
88 101 87
88 142 110
89 145 99
89 124 142
90 155 143
90 94 30
91 109 79
91 182 75
91 93 136
92 115 80
92 155 18
92 150 83
93 193 139
93 138 20
93 109 46
93 157 135
94 138 51
95 119 30
96 130 108
96 105 136
96 107 95
96 180 130
96 191 42
96 159 132
97 129 20
97 98 110
97 132 39
97 165 103
97 134 14
97 136 15
97 106 86
97 107 110
97 191 118
97 142 64
97 176 120
97 178 55
97 147 49
97 149 60
97 100 51
97 154 49
97 187 73
97 102 29
97 158 24
97 159 143
98 102 25
98 143 39
98 176 128
98 179 61
98 149 48
98 118 56
98 124 99
98 189 17
99 164 91
99 124 132
99 110 78
99 126 131
99 169 150
99 156 131
99 158 132
100 180 50
100 154 74
100 132 69
100 102 23
101 128 95
101 131 90
101 133 11
101 110 11
101 176 143
101 113 27
101 118 90
101 152 53
101 159 145
102 187 79
102 158 150
103 192 58
103 163 74
103 148 25
103 174 127
103 110 56
104 199 67
104 137 27
104 111 28
104 176 142
104 180 85
104 121 33
104 127 115
105 144 126
105 180 31
105 190 27
106 176 23
106 194 62
106 199 56
106 139 103
106 112 152
106 147 130
106 158 90
107 149 38
107 187 110
107 117 77
107 119 107
108 129 57
108 197 72
108 177 116
108 114 132
108 179 34
108 123 112
109 168 85
109 130 107
109 167 61
110 137 75
110 195 155
110 118 19
111 149 86
112 115 33
112 144 63
112 162 107
112 171 102
112 172 50
113 131 22
113 133 38
113 198 97
113 146 44
113 151 39
113 154 108
113 124 82
113 186 48
113 134 82
114 136 128
114 193 131
114 123 16
114 172 118
115 120 59
115 185 118
115 122 109
115 125 42
115 126 27
116 126 96
116 174 105
117 120 45
117 151 87
117 183 125
118 179 40
118 159 38
119 166 18
120 190 73
120 159 153
121 148 135
121 171 116
121 132 93
123 184 90
123 194 82
123 155 155
123 175 90
124 128 106
124 184 65
124 135 49
125 168 150
126 137 150
126 150 133
127 153 20
127 172 82
127 157 79
128 184 103
129 144 34
129 161 117
129 152 88
129 174 36
129 143 20
130 152 82
130 196 100
130 158 53
130 191 135
131 145 91
131 146 33
131 154 60
131 186 130
132 192 125
132 163 31
132 164 150
132 168 101
132 186 96
132 187 77
132 156 143
133 163 84
133 196 92
133 168 127
133 169 134
133 143 124
133 152 16
134 153 72
134 198 84
135 177 135
135 157 141
136 165 65
137 173 20
137 150 107
138 197 35
138 175 44
139 193 126
139 163 32
139 167 21
139 143 32
139 181 54
139 182 49
140 192 72
141 149 137
142 154 106
143 152 71
143 173 155
143 174 94
145 173 46
145 189 92
146 178 25
146 190 62
147 157 44
148 179 46
148 189 100
148 198 102
149 179 85
150 162 48
150 155 120
153 175 107
156 169 43
156 159 91
157 161 62
158 187 116
160 163 114
160 196 154
161 197 92
163 170 146
163 199 87
167 176 63
167 177 10
167 184 23
167 183 23
168 169 48
169 185 19
169 196 119
171 173 29
172 193 58
173 175 64
173 180 150
173 183 82
174 195 104
175 192 131
175 181 42
175 189 134
176 187 101
176 191 60
179 199 149
191 197 34
194 100000 1450
194 100001 1450
194 100004 1450
195 100002 1450
196 100000 1450
196 100001 1450
196 100002 1450
197 100001 1450
197 100003 1450
197 100004 1450
197 198 155
198 100003 1450
198 100004 1450
199 100000 1450
199 100003 1450
-2 0 1450
-2 4 1450
-2 5 1450
-5 0 1450
-5 3 1450
-5 4 1450
-4 0 1450
-4 2 1450
-3 3 1450
-3 4 1450
-1 1 1450
-1 5 1450
