0 10 34
0 11 103
0 12 126
0 13 147
0 14 58
0 15 91
0 16 43
0 17 51
0 18 40
0 19 50
0 20 29
0 21 102
0 22 117
0 24 127
0 156 100
0 31 136
0 160 128
0 163 113
0 164 84
0 165 42
0 39 27
0 28 33
0 42 39
0 176 65
0 50 87
0 51 100
0 52 87
0 181 119
0 182 67
0 180 47
0 188 99
0 62 62
0 66 91
0 67 90
0 197 51
0 71 135
0 83 78
0 139 98
0 143 65
0 95 73
0 99 119
0 100 31
0 195 57
0 109 10
0 110 98
0 112 146
0 115 65
0 120 35
0 123 44
1 131 76
1 10 99
1 11 46
1 18 131
1 19 127
1 32 40
1 34 105
1 35 130
1 164 109
1 41 74
1 177 17
1 178 139
1 51 131
1 185 34
1 59 95
1 188 105
1 63 63
1 65 30
1 139 102
1 82 107
1 83 41
1 92 83
1 95 72
1 97 48
1 103 127
1 146 19
2 33 35
2 90 39
2 69 24
2 137 138
2 10 35
2 12 133
2 13 106
2 15 85
2 16 151
2 49 139
2 19 106
2 20 130
2 54 10
2 170 134
2 58 147
2 60 129
2 106 84
2 30 95
3 129 40
3 135 87
3 10 143
3 11 113
3 12 132
3 13 30
3 14 137
3 15 16
3 16 48
3 18 107
3 148 144
3 21 114
3 22 107
3 23 123
3 26 81
3 28 62
3 159 35
3 32 127
3 35 126
3 38 29
3 42 71
3 47 142
3 48 19
3 179 22
3 181 150
3 185 133
3 188 128
3 70 28
3 72 85
3 78 51
3 163 109
3 84 104
3 89 27
3 90 14
3 143 18
3 92 67
3 96 28
3 105 27
3 123 106
3 149 90
4 10 96
4 11 47
4 12 130
4 13 145
4 14 89
4 17 58
4 20 139
4 22 31
4 25 119
4 28 133
4 157 118
4 32 25
4 34 140
4 40 73
4 45 136
4 46 147
4 176 93
4 177 25
4 178 149
4 138 79
4 191 120
4 74 29
4 82 44
5 65 102
5 10 131
5 11 63
5 12 66
5 13 118
5 14 134
5 45 39
5 18 142
5 21 105
5 153 58
5 25 143
5 154 105
5 155 39
5 28 12
5 31 110
5 34 49
5 36 47
5 37 125
5 166 145
5 167 10
5 43 105
5 44 16
5 173 46
5 46 146
5 53 15
5 58 70
5 70 123
5 63 67
5 193 80
5 68 120
5 198 98
5 74 100
5 76 149
5 141 30
5 82 110
5 85 103
5 86 137
5 94 116
5 142 134
5 174 55
5 113 107
5 116 25
5 121 114
5 122 30
5 123 78
5 125 112
6 135 36
6 10 78
6 11 26
6 12 132
6 13 114
6 15 30
6 19 56
6 20 80
6 150 72
6 156 97
6 30 114
6 69 77
6 36 130
6 168 127
6 170 22
6 45 57
6 46 79
6 50 22
6 51 20
6 55 101
6 185 153
6 58 149
6 66 68
6 196 125
6 197 25
6 79 92
6 82 99
6 92 94
6 93 17
6 95 130
6 100 103
6 101 132
6 178 120
6 106 136
7 107 52
7 150 128
7 134 26
7 136 102
7 10 91
7 11 118
7 12 105
7 13 66
7 15 17
7 17 36
7 146 92
7 19 83
7 20 32
7 22 97
7 23 143
7 25 38
7 27 150
7 32 114
7 162 90
7 35 11
7 166 93
7 167 73
7 45 91
7 49 62
7 155 33
7 56 152
7 60 26
7 65 18
7 139 37
7 69 90
7 199 46
7 72 44
7 140 121
7 77 69
7 78 102
7 84 101
7 96 103
7 67 88
7 99 145
7 103 109
7 106 64
7 39 19
7 113 73
7 148 133
7 124 25
7 125 91
8 64 89
8 131 34
8 134 127
8 137 106
8 10 52
8 11 12
8 12 92
8 14 153
8 15 126
8 16 115
8 17 38
8 18 135
8 19 119
8 149 125
8 151 50
8 24 112
8 25 13
8 154 119
8 27 14
8 29 23
8 158 27
8 69 42
8 33 51
8 34 62
8 91 108
8 36 94
8 38 42
8 43 137
8 45 145
8 174 36
8 47 117
8 50 125
8 179 129
8 182 16
8 55 136
8 56 10
8 185 21
8 59 86
8 191 140
8 192 27
8 67 95
8 197 57
8 198 17
8 71 79
8 183 72
8 77 51
8 82 15
8 83 111
8 142 13
8 88 40
8 26 92
8 93 126
8 95 129
8 144 113
8 98 96
8 101 32
8 106 32
8 107 80
8 146 151
8 116 86
8 122 106
8 127 69
8 166 64
8 126 50
8 21 81
9 10 32
9 11 41
9 14 64
9 16 123
9 17 111
9 23 35
9 24 117
9 154 116
9 111 153
9 157 50
9 30 93
9 35 18
9 169 93
9 43 29
9 47 141
9 49 131
9 50 34
9 52 18
9 56 93
9 57 137
9 61 97
9 190 154
9 65 102
9 195 70
9 73 132
9 74 18
9 80 107
9 83 88
9 85 43
9 92 101
9 93 84
9 144 131
9 110 65
9 189 12
9 118 64
10 51 105
10 134 102
10 135 59
10 138 41
10 11 82
10 12 89
10 13 20
10 14 150
10 15 20
10 16 37
10 17 73
10 18 86
10 67 118
10 148 127
10 23 71
10 25 108
10 26 42
10 27 73
10 28 91
10 29 44
10 31 13
10 32 133
10 35 139
10 36 42
10 37 40
10 38 122
10 167 94
10 41 56
10 42 69
10 43 130
10 44 23
10 45 77
10 47 29
10 176 50
10 49 82
10 50 128
10 179 67
10 52 148
10 53 14
10 54 84
10 55 122
10 184 84
10 185 95
10 87 60
10 159 121
10 188 48
10 189 21
10 181 136
10 66 109
10 195 41
10 68 87
10 70 41
10 71 11
10 72 40
10 75 106
10 77 35
10 81 49
10 139 128
10 85 104
10 57 114
10 91 107
10 186 77
10 95 28
10 144 111
10 100 60
10 101 44
10 108 54
10 109 112
10 112 59
10 113 40
10 169 80
10 84 113
10 121 18
10 123 65
11 131 81
11 179 145
11 136 90
11 137 29
11 111 88
11 13 134
11 14 104
11 143 58
11 16 115
11 17 55
11 18 134
11 19 87
11 20 76
11 21 18
11 22 88
11 153 24
11 25 112
11 26 31
11 27 100
11 28 105
11 29 26
11 69 82
11 31 119
11 32 148
11 48 101
11 163 77
11 164 27
11 37 99
11 38 72
11 40 58
11 169 120
11 170 73
11 171 29
11 44 48
11 173 83
11 46 132
11 47 112
11 176 30
11 51 120
11 52 113
11 184 23
11 180 44
11 58 45
11 59 52
11 62 132
11 192 61
11 65 120
11 194 79
11 197 120
11 70 45
11 72 24
11 160 57
11 78 99
11 80 102
11 56 44
11 84 95
11 85 115
11 86 80
11 87 107
11 88 92
11 91 55
11 94 109
11 198 11
11 165 123
11 100 66
11 102 135
11 145 98
11 105 78
11 106 116
11 107 141
11 154 51
11 157 131
11 113 72
11 116 22
11 119 70
12 134 28
12 135 66
12 140 137
12 14 58
12 15 16
12 16 90
12 17 58
12 19 38
12 20 54
12 21 128
12 22 67
12 23 121
12 24 24
12 26 75
12 27 48
12 28 140
12 29 47
12 30 116
12 34 117
12 91 138
12 37 63
12 39 107
12 41 32
12 42 44
12 43 36
12 45 113
12 157 80
12 50 55
12 182 103
12 55 119
12 58 66
12 187 112
12 189 42
12 62 32
12 63 105
12 64 22
12 194 120
12 67 63
12 196 89
12 197 84
12 79 46
12 75 65
12 162 106
12 78 34
12 77 80
12 83 46
12 142 60
12 89 20
12 152 84
12 143 51
12 95 72
12 99 119
12 105 80
12 106 80
12 111 135
12 115 31
12 191 35
12 124 93
12 183 53
12 149 69
13 129 31
13 131 40
13 134 99
13 136 37
13 137 126
13 141 62
13 15 132
13 17 116
13 18 11
13 19 66
13 21 116
13 150 61
13 151 99
13 24 10
13 25 136
13 158 43
13 31 101
13 161 98
13 36 95
13 37 81
13 39 107
13 40 151
13 42 92
13 44 120
13 46 29
13 49 58
13 172 143
13 53 122
13 56 27
13 57 21
13 159 70
13 188 93
13 62 45
13 191 116
13 64 82
13 193 128
13 66 20
13 194 90
13 74 89
13 76 57
13 77 69
13 80 98
13 87 23
13 152 42
13 93 108
13 94 113
13 96 131
13 97 93
13 101 38
13 104 44
13 146 44
13 111 129
13 112 141
13 168 131
13 147 146
13 117 71
13 125 53
13 127 59
14 129 40
14 138 75
14 142 14
14 16 77
14 20 89
14 21 17
14 22 93
14 23 124
14 24 152
14 25 13
14 26 133
14 27 114
14 157 95
14 30 141
14 159 29
14 33 133
14 35 66
14 36 37
14 165 124
14 40 82
14 42 53
14 43 26
14 46 37
14 49 99
14 50 18
14 51 14
14 53 56
14 182 10
14 57 70
14 186 66
14 31 150
14 70 92
14 61 48
14 117 101
14 193 86
14 67 145
14 68 74
14 198 19
14 161 127
14 72 109
14 73 71
14 76 116
14 78 96
14 80 85
14 82 10
14 88 22
14 90 150
14 98 21
14 59 141
14 101 75
14 102 119
14 104 71
14 108 95
14 109 39
14 110 92
14 114 86
14 116 69
14 187 34
14 153 154
14 127 105
15 129 117
15 133 133
15 140 118
15 16 78
15 146 136
15 19 105
15 21 18
15 22 54
15 151 51
15 154 102
15 156 149
15 29 117
15 32 42
15 33 27
15 162 117
15 36 12
15 38 86
15 39 131
15 41 92
15 42 31
15 172 98
15 173 54
15 174 107
15 47 75
15 177 107
15 51 33
15 180 123
15 53 135
15 182 10
15 52 138
15 60 91
15 191 95
15 181 74
15 196 99
15 69 33
15 74 88
15 75 76
15 77 155
15 79 23
15 80 21
15 82 61
15 84 71
15 57 89
15 89 79
15 91 126
15 92 104
15 98 127
15 99 14
15 167 54
15 109 152
15 116 49
15 117 102
15 123 93
15 124 148
15 126 108
16 64 80
16 132 109
16 140 139
16 17 46
16 20 149
16 24 105
16 26 78
16 28 101
16 29 121
16 31 87
16 33 99
16 34 139
16 38 87
16 39 27
16 168 110
16 41 126
16 43 54
16 45 154
16 48 129
16 49 80
16 179 102
16 52 73
16 54 114
16 55 10
16 57 103
16 187 142
16 61 114
16 191 106
16 192 60
16 65 94
16 182 128
16 70 31
16 71 111
16 73 11
16 74 122
16 183 24
16 162 97
16 80 120
16 87 151
16 89 10
16 199 56
16 97 140
16 102 66
16 145 141
16 105 89
16 108 139
16 110 153
16 111 120
16 115 103
16 169 67
16 124 102
16 127 75
17 129 65
17 18 65
17 21 113
17 23 42
17 152 25
17 25 56
17 26 14
17 30 44
17 161 106
17 34 140
17 163 146
17 39 28
17 170 48
17 44 53
17 46 45
17 52 106
17 53 110
17 54 16
17 183 126
17 197 146
17 71 101
17 88 71
17 101 144
18 128 144
18 171 69
18 23 94
18 25 48
18 27 147
18 29 146
18 31 46
18 32 55
18 176 66
18 162 150
18 36 72
18 41 41
18 42 87
18 43 41
18 44 90
18 46 114
18 47 74
18 48 128
18 178 127
18 179 20
18 53 63
18 54 88
18 56 71
18 57 11
18 59 56
18 63 15
18 65 147
18 66 66
18 68 16
18 71 68
18 77 75
18 81 56
18 86 138
18 91 113
18 94 144
18 101 90
18 103 125
18 104 100
18 114 143
18 118 33
18 119 72
18 123 71
19 137 57
19 23 111
19 142 10
19 146 126
19 20 17
19 22 74
19 151 126
19 24 71
19 26 88
19 27 90
19 30 68
19 32 43
19 33 155
19 162 134
19 35 142
19 164 49
19 37 122
19 39 103
19 170 55
19 172 45
19 178 90
19 179 132
19 53 51
19 185 23
19 187 146
19 60 79
19 160 93
19 197 82
19 158 26
19 73 154
19 75 18
19 76 115
19 81 29
19 87 73
19 88 90
19 101 92
19 103 119
19 104 52
19 167 77
19 114 147
19 126 101
20 134 87
20 137 116
20 66 41
20 24 90
20 27 96
20 157 22
20 30 74
20 35 44
20 164 37
20 40 23
20 44 90
20 173 27
20 176 149
20 172 113
20 56 112
20 58 121
20 188 52
20 61 142
20 62 94
20 63 131
20 194 77
20 67 14
20 68 106
20 72 88
20 80 30
20 90 116
20 91 120
20 108 141
20 117 151
21 97 146
21 34 128
21 75 57
21 70 154
21 198 152
21 171 32
21 142 51
21 112 91
21 22 40
21 88 45
21 59 84
21 28 108
21 31 109
22 96 56
22 133 99
22 38 141
22 73 97
22 95 19
22 75 90
22 86 143
22 49 103
22 180 106
22 150 149
22 119 25
22 24 153
22 153 144
22 27 37
22 60 129
22 157 34
22 120 32
22 159 121
23 198 95
23 51 68
23 37 77
23 102 135
23 110 109
23 83 96
23 120 126
23 188 73
23 62 55
24 33 12
24 67 32
24 37 134
24 139 136
24 94 12
24 175 148
24 50 39
24 180 128
24 62 20
24 153 11
24 122 12
24 61 155
24 30 129
25 98 151
25 38 91
25 39 143
25 40 122
25 74 100
25 43 41
25 153 37
25 135 17
26 33 26
26 36 125
26 44 56
26 79 128
26 186 11
26 28 90
26 29 32
27 91 26
27 37 124
27 136 23
27 175 95
27 176 43
27 116 109
27 149 24
27 90 102
27 123 27
27 186 89
28 96 126
28 33 109
28 197 26
28 35 100
28 165 106
28 70 67
28 74 19
28 174 83
28 181 118
28 155 89
28 60 130
28 63 144
29 34 35
29 115 65
29 122 64
29 166 97
29 47 97
30 66 96
30 37 117
30 105 68
30 114 68
30 83 79
30 118 121
30 73 29
30 137 62
30 90 95
31 34 84
31 40 146
31 108 77
31 47 113
31 168 69
31 114 42
31 54 72
31 123 44
32 64 17
32 140 71
32 158 127
32 33 65
32 36 150
32 168 103
32 170 127
32 43 89
32 48 89
32 60 121
32 191 129
32 192 142
32 195 124
32 70 145
32 71 16
32 73 113
32 81 26
32 86 127
32 96 119
32 104 148
32 161 38
32 125 121
32 127 100
33 130 72
33 132 45
33 136 33
33 139 50
33 146 79
33 150 71
33 155 139
33 163 103
33 165 88
33 38 33
33 40 85
33 45 59
33 54 145
33 55 136
33 184 35
33 61 71
33 68 133
33 182 154
33 78 63
33 93 123
33 118 59
33 120 144
34 137 116
34 138 31
34 142 71
34 174 72
34 151 32
34 35 35
34 164 154
34 38 61
34 39 111
34 42 155
34 46 121
34 175 13
34 178 72
34 54 48
34 56 106
34 186 128
34 194 40
34 68 81
34 85 68
34 88 47
34 92 80
34 98 10
34 99 35
34 100 150
34 106 101
34 108 122
34 111 127
34 115 114
35 129 108
35 66 151
35 133 129
35 65 125
35 177 76
35 41 86
35 95 94
35 103 63
35 49 37
35 178 14
35 105 22
35 53 35
35 183 134
35 155 133
35 124 134
35 189 155
35 126 18
35 63 43
36 98 30
36 68 153
36 81 143
36 92 98
36 171 66
36 109 63
36 142 21
36 48 119
36 49 13
36 87 26
36 90 108
36 59 129
36 156 62
37 128 77
37 64 105
37 194 52
37 132 75
37 133 126
37 102 55
37 113 39
37 72 75
37 41 149
37 172 93
37 175 75
37 96 87
37 44 145
37 145 93
37 51 137
37 90 113
37 47 155
37 61 12
37 190 41
38 132 22
38 135 106
38 144 99
38 147 83
38 159 27
38 167 36
38 170 33
38 51 134
38 52 88
38 54 52
38 55 100
38 60 28
38 190 154
38 77 113
38 78 146
38 80 73
38 84 88
38 88 139
38 106 113
38 109 142
38 119 34
38 125 141
39 160 89
39 129 143
39 131 50
39 82 84
39 80 32
39 40 29
39 41 38
39 183 99
39 44 130
39 45 36
39 46 62
39 48 34
39 75 38
39 53 59
39 73 18
39 151 107
39 56 95
39 58 135
39 156 114
39 125 49
40 131 140
40 143 155
40 144 82
40 149 74
40 150 35
40 151 39
40 164 100
40 168 71
40 170 126
40 173 28
40 48 87
40 57 16
40 58 124
40 60 52
40 190 106
40 65 57
40 72 132
40 73 27
40 78 80
40 83 30
40 85 103
40 91 109
40 186 14
40 107 70
40 112 94
40 117 146
41 96 154
41 129 132
41 66 123
41 72 37
41 108 155
41 117 142
41 48 153
41 179 145
41 181 44
41 89 63
41 90 58
41 156 126
41 85 95
42 160 12
42 129 23
42 194 14
42 163 13
42 100 66
42 165 134
42 198 52
42 161 132
42 73 109
42 106 65
42 78 14
42 79 29
42 92 78
42 178 114
42 120 105
42 89 110
42 188 112
42 190 70
43 66 64
43 132 51
43 71 142
43 107 52
43 162 138
43 142 96
43 177 83
43 153 92
44 160 58
44 98 13
44 99 103
44 132 22
44 166 96
44 199 102
44 72 154
44 78 50
44 112 54
44 81 148
44 179 65
44 113 23
44 189 67
44 95 38
45 100 35
45 124 16
45 107 123
45 191 121
45 143 58
45 177 151
45 50 66
45 115 106
45 150 44
45 121 124
45 57 36
45 59 144
45 156 110
45 61 45
45 63 39
46 192 63
46 64 108
46 67 70
46 196 142
46 69 110
46 65 58
46 74 87
46 79 29
46 177 99
46 114 53
46 84 53
46 149 153
46 68 43
46 158 68
47 96 28
47 99 19
47 133 47
47 71 58
47 76 48
47 170 137
47 75 74
47 140 119
47 61 140
47 56 134
47 146 91
47 107 48
47 152 64
47 155 128
47 124 57
47 138 111
47 127 63
48 130 44
48 139 77
48 144 101
48 145 77
48 147 98
48 148 64
48 163 91
48 168 99
48 171 33
48 57 52
48 58 19
48 59 109
48 61 73
48 190 41
48 69 128
48 76 152
48 89 86
48 99 84
48 103 65
48 109 80
48 62 88
48 122 103
48 126 130
49 100 14
49 50 45
49 75 125
49 52 12
50 128 27
50 105 14
50 55 152
50 141 24
50 93 81
50 184 144
50 52 39
50 87 28
50 152 149
50 157 88
51 128 152
51 164 142
51 102 134
51 70 131
51 103 77
51 110 89
51 54 151
51 55 111
51 185 65
51 156 137
51 159 64
52 128 63
52 64 133
52 187 66
52 135 143
52 104 93
52 76 10
52 77 147
52 175 69
52 112 11
52 84 36
52 89 80
52 120 128
52 185 111
52 59 45
52 109 150
52 62 119
53 192 41
53 138 83
53 148 87
53 86 87
53 55 85
53 124 110
54 64 33
54 97 123
54 71 118
54 148 43
54 152 76
54 122 41
54 159 99
55 98 105
55 166 43
55 105 90
55 172 77
55 79 74
55 114 107
55 83 131
55 116 117
55 86 55
55 87 145
55 143 22
55 156 120
55 158 125
55 127 59
56 97 149
56 131 125
56 138 85
56 75 150
56 144 17
56 148 45
56 120 68
56 62 122
57 160 21
57 195 33
57 165 27
57 102 50
57 107 33
57 141 80
57 112 114
57 81 14
57 118 104
57 152 74
57 121 109
57 58 73
57 63 63
57 60 138
57 126 129
57 159 86
58 63 150
59 97 133
59 174 36
59 112 45
59 114 103
59 151 45
59 122 151
59 93 65
59 94 97
60 166 153
61 80 12
61 190 128
62 64 111
62 128 125
62 130 91
62 67 60
62 69 150
62 175 24
62 176 116
62 195 35
62 126 86
63 122 29
63 107 104
63 103 128
64 96 87
64 130 55
64 145 21
64 171 22
64 76 120
64 79 152
64 177 26
64 117 140
64 182 91
64 111 125
65 196 38
65 69 125
65 134 11
65 167 133
65 168 27
65 169 146
65 74 126
65 139 62
65 108 81
65 82 15
65 85 107
65 121 51
65 68 33
65 154 30
66 152 56
66 81 102
66 132 151
66 94 63
67 192 86
67 123 99
67 99 94
67 134 68
67 151 34
68 97 95
68 166 71
68 103 135
68 172 30
68 113 15
68 88 47
68 186 36
68 187 107
68 188 92
69 130 92
69 86 54
69 167 25
69 171 10
69 115 149
69 84 93
69 85 21
69 150 114
69 183 57
69 180 84
70 184 62
70 81 19
70 110 45
70 102 107
71 130 38
71 195 133
71 196 47
71 133 106
71 104 64
71 172 20
71 113 43
71 178 38
71 85 26
71 118 133
71 90 83
71 187 19
71 125 116
71 117 138
72 137 19
72 147 130
72 92 69
72 117 101
72 199 150
73 193 134
73 164 136
73 101 152
73 100 71
73 113 82
73 104 48
73 107 116
73 172 140
73 141 108
73 77 56
73 145 147
73 125 13
73 115 107
73 150 149
73 196 146
73 79 134
73 102 97
73 94 90
74 161 122
74 98 49
74 84 136
74 82 101
74 189 88
75 139 127
75 102 119
75 86 36
75 166 144
76 161 64
76 170 56
76 111 67
76 118 88
76 81 68
77 130 129
77 100 102
77 134 45
77 135 128
77 162 27
77 79 75
77 181 16
77 184 72
77 89 10
77 123 30
77 94 67
78 160 97
78 194 109
78 99 16
78 136 32
78 110 100
78 93 102
78 180 146
78 183 84
78 91 73
78 189 134
79 192 65
79 97 18
79 115 84
79 137 48
79 138 35
79 93 13
79 83 32
79 87 113
79 157 24
79 95 123
80 104 44
80 136 63
80 147 20
80 93 63
80 109 25
81 128 149
81 130 103
81 131 102
81 98 115
81 169 35
81 171 63
81 141 67
81 110 85
81 148 55
81 94 154
81 86 81
81 87 82
81 184 57
81 158 97
81 101 111
82 152 45
82 185 34
82 133 142
82 189 59
82 127 76
83 97 18
83 196 46
83 89 151
83 121 117
84 116 137
84 127 109
85 147 121
86 130 70
86 133 148
86 136 136
86 173 130
86 174 121
86 112 36
86 114 58
87 162 144
87 131 92
87 169 116
87 108 96
87 120 42
87 157 150
88 92 130
88 126 66
89 184 129
89 147 40
89 141 133
89 118 148
90 105 129
91 160 87
91 161 104
91 147 75
91 116 85
91 120 58
91 190 27
92 152 116
92 177 105
93 180 83
94 122 43
94 195 106
95 177 66
95 155 61
96 119 23
96 167 103
97 121 25
97 154 50
97 173 55
97 110 147
98 161 86
98 118 98
98 151 67
99 154 44
99 115 40
99 140 58
99 118 78
99 183 17
100 108 142
100 143 72
100 113 53
100 116 48
100 153 135
100 189 75
101 129 52
101 163 33
101 104 61
101 179 101
101 181 99
101 119 111
101 187 29
101 156 102
102 105 48
102 198 126
102 119 90
103 132 97
103 140 102
103 146 105
103 109 121
103 176 143
103 114 19
103 149 154
103 121 150
103 155 125
103 124 21
103 190 93
104 128 56
104 132 15
104 165 136
104 139 141
104 141 153
104 145 14
104 119 140
104 125 99
105 187 139
105 198 44
107 193 126
107 133 115
107 134 40
107 140 50
107 124 100
107 127 135
108 161 103
108 196 10
108 165 140
108 136 16
108 111 86
108 120 80
108 155 130
109 193 103
109 135 43
109 111 10
109 119 110
109 184 130
109 122 46
110 141 46
111 128 75
111 196 106
111 133 126
111 198 103
111 149 22
111 119 32
111 189 10
112 121 25
112 187 152
112 171 75
113 145 137
113 132 148
113 185 98
113 143 140
114 154 48
114 167 100
115 153 63
115 150 28
116 130 49
116 195 26
116 166 32
116 136 22
116 141 54
116 173 66
116 148 115
117 193 45
117 174 88
117 199 32
118 169 14
119 128 28
119 121 44
119 154 82
119 131 110
119 140 154
120 144 89
120 194 45
120 126 155
120 143 150
121 186 27
121 159 110
122 163 79
122 199 155
122 138 92
122 173 127
122 175 67
122 147 106
122 148 79
123 169 65
124 155 40
125 126 136
128 145 66
128 149 13
129 169 72
129 181 55
130 182 113
130 135 138
131 146 62
131 164 30
131 158 111
132 153 11
132 186 132
132 172 146
133 193 87
133 188 115
134 168 38
134 191 63
135 144 108
135 138 150
135 175 44
136 145 55
138 192 132
138 168 95
138 173 107
138 142 90
138 175 84
138 147 41
138 158 47
139 181 105
141 191 144
142 160 63
142 180 113
142 197 124
143 144 44
143 158 102
145 162 47
146 184 87
147 199 62
148 195 104
148 149 42
150 174 20
151 192 66
151 194 108
151 174 28
156 175 50
157 180 97
160 165 17
160 183 139
161 163 18
163 193 28
165 178 148
165 199 112
166 171 53
167 199 124
170 197 87
171 176 13
172 186 152
173 190 20
175 193 70
194 100003 1450
194 100004 1450
195 100000 1450
195 100003 1450
196 100000 1450
196 100001 1450
196 100002 1450
197 100001 1450
197 100002 1450
197 100003 1450
197 100004 1450
198 100002 1450
198 199 15
199 100004 1450
-2 3 1450
-2 4 1450
-5 1 1450
-5 3 1450
-5 4 1450
-4 3 1450
-4 4 1450
-3 0 1450
-3 4 1450
-3 5 1450
-1 2 1450
-1 3 1450
-1 5 1450
