0 39 76
0 10 100
0 11 55
0 13 62
0 47 90
0 18 46
0 19 88
0 21 105
0 24 89
0 30 45
0 31 135
1 32 84
1 35 11
1 37 129
1 40 142
1 10 103
1 11 54
1 12 50
1 13 101
1 46 133
1 15 124
1 16 72
1 18 91
1 20 103
1 22 83
1 25 40
1 26 135
1 47 76
1 31 111
2 33 151
2 34 83
2 36 58
2 37 84
2 17 135
2 12 89
2 10 127
2 44 76
2 45 26
2 14 59
2 13 62
2 16 77
2 49 64
2 18 96
2 47 60
2 26 39
2 15 13
3 41 147
3 10 35
3 11 105
3 29 61
3 13 39
3 14 40
3 15 102
3 16 122
3 21 114
3 46 95
3 25 128
3 26 37
3 27 103
3 42 129
4 34 51
4 38 17
4 39 60
4 10 54
4 11 38
4 12 89
4 46 19
4 17 87
4 18 114
4 19 84
4 27 40
4 30 123
5 33 14
5 34 39
5 35 104
5 41 25
5 10 79
5 11 94
5 12 71
5 13 147
5 14 109
5 47 56
5 46 148
5 22 96
5 25 130
5 28 34
6 32 64
6 35 74
6 10 150
6 11 45
6 12 134
6 13 86
6 14 22
6 15 114
6 16 142
6 17 10
6 18 41
6 19 108
6 21 22
6 22 64
6 23 31
7 34 152
7 35 144
7 39 86
7 40 36
7 12 147
7 42 27
7 11 76
7 44 16
7 13 126
7 14 33
7 15 125
7 17 140
7 29 108
7 19 110
7 10 28
7 30 117
8 10 23
8 11 38
8 12 144
8 14 33
8 20 97
8 23 132
8 25 42
8 30 101
9 32 33
9 35 37
9 37 87
9 41 45
9 10 96
9 11 29
9 12 116
9 45 26
9 13 110
9 48 88
9 17 60
9 19 50
9 22 105
9 24 27
9 25 67
9 26 105
9 15 16
9 28 117
9 27 120
9 31 91
10 11 48
10 12 101
10 13 91
10 14 107
10 15 89
10 16 94
10 17 101
10 19 149
10 20 119
10 21 39
10 22 126
10 23 59
10 24 84
10 25 60
10 26 136
10 28 58
10 32 16
10 35 67
10 36 37
10 37 115
10 39 75
10 45 64
10 49 155
11 13 73
11 14 22
11 15 60
11 16 97
11 18 94
11 19 126
11 20 21
11 22 144
11 23 110
11 24 106
11 26 15
11 27 96
11 28 155
11 29 144
11 30 99
11 31 95
11 35 128
11 36 68
11 38 116
11 39 146
11 43 148
11 44 54
11 45 123
11 48 38
12 14 88
12 15 50
12 16 137
12 17 105
12 18 134
12 20 61
12 23 140
12 24 23
12 25 67
12 27 59
12 29 25
12 30 151
12 31 54
12 33 102
12 34 132
12 37 147
12 38 73
12 39 69
12 40 104
12 41 130
12 42 148
12 43 111
12 45 91
12 46 40
13 34 150
13 36 110
13 44 145
13 14 73
13 16 24
13 17 138
13 18 22
13 19 52
13 20 13
13 21 12
13 22 137
13 23 72
13 24 22
13 26 140
13 27 148
13 28 56
13 29 61
13 31 69
14 32 139
14 41 37
14 43 121
14 16 91
14 20 46
14 21 122
14 22 11
14 23 135
14 28 28
14 29 45
15 33 119
15 36 101
15 37 115
15 42 28
15 45 32
15 48 87
15 17 45
15 18 41
15 20 153
15 25 21
15 26 10
15 29 115
16 32 133
16 38 41
16 49 97
16 43 146
16 45 81
16 47 83
16 48 102
16 17 39
16 18 116
16 20 64
16 21 14
16 25 95
16 26 128
16 27 32
16 28 51
17 37 135
17 38 98
17 41 144
17 44 93
17 46 93
17 49 101
17 21 140
17 23 30
17 26 32
17 27 56
17 30 145
18 32 72
18 33 73
18 40 94
18 42 14
18 48 44
18 20 23
18 21 56
18 23 143
18 28 104
18 29 107
18 31 61
19 34 108
19 37 14
19 43 70
19 22 70
19 23 70
19 27 108
19 28 149
19 29 21
19 30 103
20 35 150
20 41 122
20 43 133
20 47 60
20 21 17
20 25 13
20 28 145
20 29 63
20 30 92
21 32 32
21 33 39
21 34 145
21 35 112
21 38 81
21 41 84
21 45 93
21 48 65
21 27 80
22 24 63
22 33 48
22 31 148
22 41 85
22 49 70
23 33 38
23 35 64
23 36 129
23 38 67
23 40 56
23 43 109
23 31 46
24 32 128
24 34 122
24 38 77
24 39 63
24 40 32
24 48 142
24 30 147
24 31 85
25 40 21
26 40 81
26 42 140
26 44 107
27 32 91
27 33 70
27 44 12
28 33 13
28 36 141
28 38 34
28 44 26
29 34 134
29 43 59
29 36 129
29 42 23
30 36 103
32 48 12
32 38 106
32 39 97
33 37 61
33 41 117
33 43 62
33 44 12
33 47 95
33 48 85
33 49 45
34 37 75
34 36 101
34 45 11
34 39 51
35 49 57
35 47 22
36 40 105
36 45 62
36 46 34
36 47 124
37 47 137
38 40 150
38 39 124
39 49 19
40 42 133
40 44 32
41 42 93
42 43 101
43 49 36
43 46 75
44 100001 1450
44 100003 1450
44 46 66
45 46 150
46 100002 1450
47 49 93
47 100003 1450
47 100004 1450
47 100001 1450
48 100000 1450
49 100000 1450
49 100002 1450
49 100004 1450
-2 1 1450
-2 3 1450
-2 4 1450
-5 0 1450
-5 3 1450
-5 4 1450
-4 0 1450
-4 1 1450
-4 5 1450
-3 0 1450
-3 1 1450
-3 5 1450
-1 3 1450
-1 4 1450
