0 5 108
0 6 10
0 7 151
0 8 110
0 9 113
0 10 122
0 11 29
0 12 60
0 13 94
0 14 14
0 18 52
1 5 153
2 5 111
2 6 109
2 7 16
2 8 53
2 9 135
2 13 68
2 16 117
2 17 39
2 19 130
3 5 115
3 6 127
3 7 85
3 8 83
3 10 54
3 12 120
3 14 21
3 15 68
4 5 46
4 6 34
4 13 70
5 6 28
5 7 38
6 7 108
6 8 49
6 9 69
6 10 16
6 11 69
6 14 55
6 16 133
6 17 20
7 8 13
7 9 114
7 10 33
7 11 38
7 13 61
7 17 148
8 9 76
8 10 45
8 11 126
8 18 113
9 11 60
9 12 138
9 13 53
9 14 62
9 15 126
9 16 21
9 18 77
10 16 77
10 19 137
10 12 38
10 14 20
11 18 137
11 12 80
11 15 51
12 17 24
12 18 55
13 15 58
14 16 98
14 100002 1450
14 100004 1450
14 15 154
15 100001 1450
15 100002 1450
15 100003 1450
16 100000 1450
16 17 73
16 19 147
17 100001 1450
17 100003 1450
17 100004 1450
18 100000 1450
18 19 103
19 100000 1450
19 100002 1450
19 100003 1450
-1 0 1450
-1 1 1450
-1 2 1450
-5 3 1450
-5 5 1450
-4 0 1450
-4 1 1450
-4 5 1450
-3 2 1450
-3 4 1450
-3 5 1450
-2 0 1450
-2 4 1450
