0 128 83
0 129 116
0 5 77
0 135 70
0 9 154
0 10 115
0 14 110
0 15 117
0 18 24
0 151 55
0 25 21
0 28 147
0 33 92
0 162 95
0 37 54
0 43 42
0 47 92
0 177 40
0 52 41
0 58 16
0 63 24
0 193 55
0 68 34
0 75 22
0 76 43
0 81 39
0 83 71
0 94 147
0 96 27
0 100 144
0 105 71
0 108 109
0 115 139
1 128 23
1 5 68
1 6 28
1 7 78
1 8 142
1 37 135
1 76 55
1 111 104
1 114 42
1 21 15
1 182 130
1 23 26
1 27 60
1 157 13
1 95 76
2 64 86
2 128 56
2 59 18
2 5 94
2 6 78
2 7 87
2 8 151
2 10 69
2 135 34
2 109 50
2 13 108
2 46 132
2 143 69
2 84 12
2 117 153
2 185 21
2 91 13
2 29 58
2 63 138
3 132 61
3 5 127
3 6 29
3 7 153
3 8 41
3 9 98
3 11 41
3 14 123
3 15 108
3 16 141
3 145 93
3 19 55
3 149 146
3 22 40
3 23 91
3 24 142
3 27 23
3 28 112
3 158 89
3 32 41
3 33 141
3 34 24
3 38 74
3 39 105
3 40 130
3 156 114
3 135 109
3 44 89
3 173 73
3 47 22
3 49 135
3 50 102
3 53 33
3 184 54
3 57 47
3 61 16
3 191 125
3 198 77
3 199 131
3 73 152
3 74 117
3 81 31
3 82 44
3 152 57
3 98 57
3 110 71
3 115 114
3 120 145
4 130 22
4 5 134
4 6 37
4 9 149
4 12 87
4 13 151
4 15 12
4 144 132
4 67 143
4 196 81
4 35 29
4 164 150
4 41 39
4 42 140
4 43 155
4 172 120
4 45 136
4 179 12
4 57 62
4 194 58
4 195 35
4 68 82
4 72 144
4 77 23
4 78 33
4 82 140
4 87 119
4 89 39
4 93 107
4 121 61
4 124 145
5 130 64
5 6 123
5 7 120
5 8 35
5 9 107
5 10 75
5 11 94
5 12 86
5 141 52
5 14 28
5 16 35
5 22 39
5 27 141
5 29 49
5 32 126
5 35 27
5 36 123
5 37 25
5 38 10
5 44 43
5 174 99
5 175 143
5 136 86
5 69 52
5 74 147
5 82 153
5 88 147
5 89 49
5 165 104
5 100 96
6 129 139
6 7 146
6 9 68
6 10 28
6 11 19
6 12 11
6 13 23
6 16 151
6 17 21
6 19 78
6 21 12
6 25 94
6 157 27
6 30 154
6 34 31
6 36 103
6 165 116
6 41 85
6 42 138
6 55 80
6 187 47
6 69 149
6 72 112
6 76 101
6 78 79
6 86 15
6 94 141
6 104 119
6 109 20
6 127 18
7 64 12
7 38 143
7 8 122
7 141 81
7 78 63
7 136 111
7 18 103
7 148 126
7 110 90
7 189 40
7 30 127
7 31 57
8 22 144
8 136 67
8 137 98
8 12 146
8 16 154
8 17 56
8 18 15
8 19 111
8 20 137
8 150 130
8 23 153
8 25 119
8 155 120
8 29 108
8 31 120
8 32 115
8 33 33
8 34 119
8 166 47
8 167 57
8 41 111
8 42 113
8 48 54
8 50 132
8 115 27
8 54 49
8 59 84
8 60 88
8 191 97
8 182 141
8 80 59
8 98 47
8 113 103
8 147 111
8 118 54
9 129 66
9 43 115
9 10 112
9 11 75
9 13 60
9 14 63
9 15 43
9 18 45
9 22 12
9 24 96
9 153 137
9 27 111
9 28 150
9 35 46
9 170 112
9 171 11
9 46 89
9 175 66
9 48 90
9 186 144
9 60 40
9 71 139
9 77 128
9 78 116
9 141 133
9 82 135
9 142 37
9 90 29
9 94 68
9 96 56
9 101 22
9 105 70
9 123 32
10 132 68
10 11 149
10 15 133
10 18 68
10 19 57
10 153 123
10 28 118
10 158 15
10 176 89
10 162 150
10 37 38
10 177 104
10 41 60
10 42 49
10 172 92
10 48 143
10 49 38
10 179 128
10 52 111
10 30 38
10 54 21
10 55 149
10 184 22
10 58 134
10 60 62
10 192 142
10 66 125
10 139 151
10 196 153
10 72 33
10 84 33
10 87 44
10 88 41
10 92 114
10 98 96
10 100 126
10 101 56
10 188 14
10 111 69
10 114 130
10 116 144
10 169 48
10 124 80
11 128 70
11 96 12
11 191 110
11 133 113
11 70 82
11 199 133
11 31 115
11 137 50
11 12 98
11 13 68
11 144 70
11 51 65
11 149 14
11 185 46
11 25 109
11 58 31
11 27 104
11 188 78
11 53 47
11 126 143
11 37 14
12 32 109
12 198 74
12 72 109
12 169 117
12 42 47
12 139 45
12 45 119
12 14 60
12 16 81
12 50 24
12 20 70
12 181 114
12 23 125
12 120 84
12 148 129
12 187 39
12 31 62
13 96 150
13 70 48
13 104 152
13 144 139
13 17 129
13 180 151
13 21 117
13 23 20
13 63 74
13 95 150
14 17 122
14 40 65
14 73 31
14 74 79
14 43 58
14 143 102
14 145 80
14 51 106
14 116 123
14 86 52
14 91 102
15 65 100
15 175 58
15 17 141
15 21 65
15 93 55
15 190 118
16 161 77
16 70 155
16 113 16
16 38 16
16 134 46
16 39 43
16 40 151
16 177 73
16 103 69
16 140 145
16 45 143
16 48 139
16 49 102
16 20 20
16 24 57
16 120 78
16 58 19
16 168 133
16 28 36
16 102 152
16 30 28
17 65 68
17 162 79
17 71 13
17 168 142
17 119 68
17 109 22
17 66 94
17 175 98
17 141 49
17 56 55
17 146 128
17 20 68
17 126 117
17 118 144
17 87 132
17 24 53
17 25 99
17 26 13
17 122 105
17 104 106
18 67 22
18 100 23
18 134 78
18 135 27
18 106 111
18 75 141
18 77 19
18 80 140
18 19 35
18 90 17
18 183 120
18 122 52
18 26 134
18 62 19
19 193 11
19 36 51
19 49 140
19 140 11
19 77 71
19 79 69
19 80 100
19 81 82
19 50 79
19 20 135
19 21 74
19 132 96
19 90 61
19 187 13
19 124 120
19 31 80
20 142 109
20 22 45
20 24 39
20 155 30
20 30 21
20 160 35
20 33 86
20 39 60
20 168 123
20 173 114
20 47 118
20 51 121
20 188 18
20 195 75
20 198 90
20 72 69
20 79 63
20 97 89
20 101 121
20 107 144
20 112 119
20 114 11
20 126 132
21 193 86
21 101 19
21 167 26
21 161 10
21 170 143
21 174 71
21 55 135
21 153 27
21 26 56
21 63 45
22 34 50
22 67 26
22 81 57
22 44 151
22 110 134
22 79 52
22 177 119
22 148 106
22 54 134
22 56 56
22 89 49
22 26 121
22 91 99
22 60 31
22 190 99
23 134 105
23 95 112
24 33 107
24 196 18
24 65 121
24 71 108
24 199 144
24 29 27
24 79 101
24 116 86
24 125 35
25 192 137
25 66 41
25 195 15
25 36 58
25 165 54
25 74 134
25 75 36
25 172 125
25 111 116
25 53 15
25 54 94
25 151 55
25 184 111
25 68 16
25 26 102
25 92 28
25 85 118
25 191 143
26 99 73
26 101 51
26 73 127
26 171 56
26 173 68
26 46 82
26 29 91
26 48 10
26 81 10
26 117 134
26 55 141
26 120 51
26 122 19
26 92 144
26 183 74
26 62 79
27 133 18
27 38 120
27 39 124
27 105 104
27 146 24
27 154 70
27 62 67
27 63 25
28 171 32
28 69 153
28 158 63
28 40 30
28 74 20
28 75 45
28 172 30
28 174 11
28 147 131
28 53 82
28 58 148
28 190 53
29 99 89
29 36 146
29 179 60
29 104 128
29 46 145
29 35 90
29 180 71
29 147 28
29 197 63
30 114 139
30 125 53
30 39 53
31 32 29
31 57 58
31 84 151
32 65 152
32 130 94
32 131 94
32 66 79
32 54 56
32 49 33
32 103 35
32 169 59
32 79 76
32 171 50
32 44 154
32 34 101
32 45 58
32 145 12
32 162 52
32 150 97
32 55 122
32 59 133
32 199 11
32 159 67
33 162 141
33 100 134
33 41 124
33 107 105
33 179 103
33 52 18
33 53 128
33 137 53
33 152 101
34 35 137
34 67 55
34 164 15
34 44 66
34 47 153
34 56 123
34 163 54
34 119 151
34 88 119
34 61 21
34 62 29
35 160 35
35 43 53
35 56 128
35 89 78
35 152 56
35 57 147
36 140 133
36 108 56
36 180 48
36 89 135
36 154 63
36 61 67
37 84 140
37 151 46
38 102 89
38 40 123
38 73 17
38 106 92
38 46 51
38 147 105
38 191 141
39 64 139
39 51 61
40 108 49
40 156 110
40 57 89
41 83 32
41 163 10
41 139 82
41 93 105
42 129 142
42 99 54
42 69 119
42 102 54
42 103 146
42 105 140
42 45 48
42 143 38
42 51 152
42 86 151
42 87 29
42 56 34
42 122 140
42 123 30
42 166 87
43 52 154
43 76 38
43 73 116
44 64 16
44 65 16
44 159 101
44 112 17
44 47 16
45 91 146
45 170 102
45 50 131
45 143 141
45 178 12
45 59 126
46 109 47
47 163 127
47 116 82
48 160 103
48 196 79
48 140 111
48 80 62
48 117 87
48 60 138
49 98 19
49 164 96
49 87 11
49 111 44
49 176 130
49 177 41
49 183 132
49 52 102
49 85 39
49 151 82
49 90 11
49 124 47
49 189 40
49 95 120
50 161 11
50 118 137
50 70 83
50 85 145
50 86 14
50 155 67
50 61 37
50 126 128
50 133 49
51 178 109
51 61 117
51 142 102
51 103 68
52 192 70
52 111 121
53 107 144
53 167 31
54 189 135
54 71 40
55 59 139
55 107 89
56 67 52
56 197 12
56 103 78
56 163 72
56 149 112
56 152 86
56 153 95
56 155 125
56 125 11
56 159 152
57 80 136
57 88 153
57 125 135
57 93 111
57 127 48
58 128 107
58 193 14
58 168 10
58 113 108
58 92 33
58 62 77
61 64 49
61 68 98
61 70 41
61 71 82
61 76 62
61 142 151
61 83 136
61 91 69
62 96 101
62 156 146
62 133 37
62 86 11
63 138 96
63 83 17
63 69 46
63 157 96
64 160 79
64 176 134
64 133 105
64 109 77
65 97 120
65 66 101
65 68 142
65 126 38
65 110 88
65 174 87
65 114 130
65 85 86
65 158 90
66 158 15
66 118 15
67 153 141
67 159 101
67 108 79
67 85 136
67 175 17
68 185 102
68 194 141
68 171 24
68 178 52
69 138 112
69 94 58
69 174 147
70 120 127
70 149 75
70 134 139
70 181 146
71 88 145
72 167 74
72 77 63
72 78 83
72 112 107
72 181 13
72 123 117
73 152 142
73 145 57
73 146 71
73 186 48
74 90 16
74 156 113
74 102 95
74 159 128
75 121 62
75 82 126
75 122 72
75 182 110
75 186 112
76 99 53
76 136 112
76 139 75
76 176 28
76 83 121
76 93 154
77 98 130
77 156 104
77 181 51
77 119 30
78 144 11
78 97 25
78 115 65
78 84 118
78 117 133
80 131 27
80 92 21
80 190 31
81 138 32
81 142 71
82 121 134
82 99 124
82 94 36
84 97 154
84 169 62
84 146 49
84 115 99
84 117 66
84 150 72
84 127 101
85 104 20
85 97 11
87 131 133
87 124 61
87 110 102
87 119 73
88 113 76
88 116 93
88 150 17
88 166 109
89 121 149
89 154 65
89 108 11
89 165 71
90 106 64
90 189 118
90 95 105
91 137 39
91 130 87
91 143 112
92 144 84
92 138 105
92 107 13
94 123 141
95 154 11
96 106 81
96 134 33
98 145 59
98 106 127
98 132 38
100 136 102
100 105 109
100 102 109
100 113 18
101 112 123
101 119 89
102 160 75
102 139 128
103 170 109
103 131 33
103 147 38
103 138 31
105 129 115
106 132 145
106 150 23
106 151 113
107 194 139
107 127 35
108 161 46
109 112 111
110 157 32
110 125 33
111 192 92
111 148 15
111 164 82
112 137 109
112 121 46
114 185 34
114 154 20
114 198 28
115 130 70
115 197 36
115 189 95
117 163 98
117 187 82
118 155 154
118 183 63
119 123 87
120 173 134
120 127 155
122 146 123
122 140 29
124 190 134
126 188 73
126 182 154
128 131 18
128 166 108
129 181 44
130 169 134
130 197 108
132 184 122
132 199 106
132 198 20
132 135 73
134 141 17
136 161 92
136 193 154
137 185 130
137 194 79
139 168 90
140 196 44
140 180 48
142 148 41
142 157 88
142 166 150
144 179 152
144 180 89
144 149 29
144 182 125
147 172 140
147 167 116
148 194 17
150 195 38
152 192 109
153 165 79
160 186 95
160 188 89
161 186 80
162 176 140
162 184 45
162 170 80
162 164 85
167 178 75
170 173 65
171 178 49
171 183 77
173 187 142
176 197 30
184 195 57
194 100003 1450
195 100001 1450
195 100002 1450
195 100003 1450
196 100000 1450
196 100003 1450
196 100004 1450
198 100000 1450
198 100001 1450
199 100002 1450
199 100004 1450
-2 0 1450
-2 1 1450
-5 0 1450
-5 3 1450
-5 5 1450
-4 0 1450
-4 2 1450
-4 3 1450
-3 1 1450
-3 3 1450
-1 0 1450
-1 4 1450
-1 5 1450
