0 68 121
0 5 82
0 6 38
0 47 87
0 42 56
0 11 130
0 76 105
0 45 43
0 77 111
0 61 39
0 29 24
0 19 97
0 74 35
0 22 12
0 24 124
0 90 74
0 15 76
0 70 52
0 93 111
0 30 35
0 63 103
1 5 66
1 7 83
1 10 151
1 11 23
1 12 43
1 13 41
1 22 102
1 24 48
1 28 111
1 29 31
1 31 44
1 32 56
1 48 127
1 49 15
1 58 112
1 63 105
1 65 66
1 67 92
1 76 102
1 92 129
1 94 121
1 97 137
2 32 15
2 96 70
2 66 102
2 36 41
2 5 91
2 6 60
2 7 107
2 8 80
2 41 73
2 10 97
2 77 35
2 15 153
2 84 64
2 85 139
2 86 129
2 57 11
2 61 79
3 5 44
3 6 118
3 8 124
3 9 19
3 10 59
3 11 18
3 13 26
3 14 40
3 16 133
3 18 122
3 26 139
3 30 124
3 35 138
3 40 39
3 47 154
3 48 112
3 51 73
3 56 92
3 60 42
3 65 14
3 69 86
3 79 56
3 80 81
3 98 112
4 68 54
4 5 97
4 6 125
4 7 100
4 8 103
4 9 14
4 42 26
4 71 53
4 44 88
4 14 115
4 80 16
4 49 92
4 18 33
4 74 128
4 22 29
4 73 75
4 88 16
4 90 146
4 58 153
4 31 123
5 6 83
5 7 108
5 8 86
5 10 39
5 11 138
5 13 76
5 15 14
5 17 74
5 18 55
5 22 49
5 27 155
5 28 119
5 31 36
5 34 80
5 36 15
5 43 127
5 45 45
5 51 37
5 55 149
5 56 43
5 59 150
5 63 146
5 64 79
5 66 13
5 70 111
5 77 83
5 78 85
5 84 80
5 86 22
5 92 37
5 93 121
5 95 126
5 98 138
6 8 100
6 9 59
6 10 40
6 11 128
6 12 86
6 13 41
6 14 92
6 15 71
6 16 15
6 19 48
6 22 44
6 25 150
6 27 103
6 29 126
6 31 81
6 32 130
6 35 56
6 38 82
6 46 82
6 59 129
6 60 11
6 74 148
6 80 129
6 85 57
6 97 96
7 72 138
7 17 85
7 83 51
7 20 42
7 56 154
7 28 88
8 64 66
8 39 49
8 72 92
8 9 97
8 42 133
8 14 123
8 81 118
8 20 144
8 21 62
9 33 20
9 67 141
9 74 117
9 12 29
9 14 97
9 16 94
9 17 82
9 20 138
9 46 110
9 54 131
9 25 93
9 24 121
9 57 59
9 60 40
9 88 141
10 32 128
10 51 68
10 34 70
10 35 21
10 37 94
10 38 88
10 75 60
10 12 79
10 16 80
10 99 38
10 18 48
10 19 146
10 52 97
10 21 65
10 83 61
10 94 107
10 53 103
11 99 94
11 37 81
11 71 46
11 41 60
11 12 24
11 46 111
11 47 11
11 67 17
11 84 110
11 55 139
11 88 152
11 25 86
11 92 123
12 34 155
12 50 79
12 36 147
12 81 100
12 17 58
12 43 41
12 13 92
12 78 73
12 16 60
12 49 53
12 18 153
12 19 30
12 54 124
12 23 53
12 24 118
12 67 120
13 66 126
13 69 108
13 38 56
13 15 41
13 48 63
13 17 121
13 55 33
13 26 89
13 30 44
14 64 80
14 97 95
14 39 122
14 49 68
14 83 36
14 20 149
14 54 81
14 23 118
14 25 84
15 68 142
15 69 151
15 70 64
15 40 40
15 74 65
15 44 84
15 77 88
15 89 153
15 90 66
15 63 94
15 30 85
15 95 138
16 33 63
16 98 142
16 68 21
16 73 10
16 60 133
16 47 64
16 49 43
16 20 118
16 21 99
16 23 97
16 56 96
16 25 29
16 26 150
16 27 78
16 92 102
16 95 23
17 96 74
17 83 147
17 39 28
17 19 84
17 23 44
17 95 119
18 89 120
18 59 77
18 70 122
19 65 48
19 36 142
19 69 35
19 52 83
19 21 100
19 28 91
19 85 12
20 96 114
20 34 89
20 37 71
20 39 82
20 72 103
20 41 153
20 44 18
20 78 68
20 61 56
20 21 119
20 23 133
20 24 37
20 57 134
20 26 145
20 27 107
20 28 76
20 29 60
20 62 88
20 53 121
21 72 64
21 82 48
21 60 61
21 30 133
22 33 50
22 35 44
22 71 114
22 40 112
22 73 97
22 78 140
22 52 153
22 88 31
22 57 136
23 27 74
23 66 155
23 55 75
23 79 34
24 34 151
24 75 115
24 93 93
25 68 22
25 37 52
25 71 149
25 43 63
25 50 147
25 89 132
25 92 70
25 69 97
26 35 33
26 37 34
26 39 99
26 40 135
26 41 51
26 46 34
26 82 23
26 99 129
26 53 100
26 87 46
26 91 28
27 89 105
27 45 106
27 95 120
28 64 123
28 65 22
28 42 110
28 44 43
28 51 128
28 52 10
28 87 141
28 57 59
28 91 19
28 29 37
29 96 121
29 33 131
29 38 95
29 50 23
29 86 125
29 62 86
30 31 58
30 75 49
30 86 32
30 79 154
31 32 153
31 73 145
31 75 123
31 76 19
31 80 46
32 64 111
32 33 101
32 43 84
32 36 93
32 88 110
33 84 17
33 62 19
33 38 110
34 48 42
34 45 58
35 97 121
35 58 104
35 42 95
35 85 137
35 41 139
36 59 71
36 47 145
37 56 62
37 43 125
37 44 114
37 53 140
37 78 45
38 40 102
38 48 137
38 76 34
38 89 89
40 65 125
40 50 116
40 67 121
40 77 66
40 46 10
41 58 152
41 52 122
42 54 101
42 45 129
42 86 37
44 58 64
44 55 47
44 90 83
44 62 97
44 87 80
45 53 20
45 61 60
46 79 146
47 66 17
47 50 79
48 70 126
48 72 122
48 81 102
48 51 104
48 85 146
48 61 66
48 94 128
50 87 141
51 75 75
52 81 116
52 94 96
52 54 42
53 63 48
53 59 130
53 87 63
54 90 31
55 73 42
56 83 64
58 76 143
58 62 72
59 71 71
60 91 50
61 82 110
63 93 50
64 82 37
64 91 146
65 99 131
72 81 109
73 82 150
73 84 58
74 80 127
74 79 148
77 91 152
80 97 83
81 94 71
82 93 104
86 96 106
91 99 111
92 98 120
94 100000 1450
94 100003 1450
94 100004 1450
95 100000 1450
95 100001 1450
95 100003 1450
95 100004 1450
96 98 81
96 100002 1450
97 100001 1450
98 100002 1450
98 100003 1450
98 100004 1450
99 100000 1450
99 100001 1450
99 100002 1450
-2 4 1450
-2 5 1450
-5 0 1450
-5 2 1450
-4 1 1450
-4 4 1450
-3 0 1450
-3 1 1450
-3 4 1450
-1 2 1450
-1 4 1450
