0 5 109
0 6 119
0 8 65
0 9 37
0 11 22
0 12 135
0 13 146
0 18 113
0 19 131
1 5 32
1 6 132
1 7 129
1 9 102
1 13 82
1 14 21
1 15 81
1 16 143
2 19 23
2 5 140
2 6 79
2 7 77
3 5 50
3 7 131
3 8 10
3 12 33
3 15 120
3 16 66
3 17 130
3 18 69
4 5 101
4 6 146
4 8 118
4 10 45
4 12 121
4 13 77
4 16 17
5 6 119
5 7 68
5 9 96
5 10 71
5 11 80
5 13 36
5 14 86
5 19 126
6 7 114
6 8 126
6 9 48
6 10 148
6 11 145
6 16 31
7 8 10
7 17 64
7 10 139
7 11 17
7 12 95
8 19 32
8 9 106
8 18 24
8 11 39
8 14 122
9 10 42
9 12 126
9 14 53
9 15 10
9 16 115
9 18 131
10 15 153
12 17 81
12 13 66
13 14 138
14 100001 1450
14 100002 1450
14 100003 1450
14 100004 1450
14 15 67
15 17 148
15 100003 1450
15 100004 1450
15 100001 1450
16 100000 1450
16 17 119
16 18 88
16 100003 1450
16 100004 1450
17 19 15
18 100000 1450
18 100002 1450
19 100000 1450
-1 1 1450
-1 5 1450
-5 1 1450
-5 2 1450
-4 0 1450
-4 2 1450
-4 5 1450
-3 0 1450
-3 2 1450
-3 4 1450
-2 1 1450
-2 3 1450
-2 4 1450
