0 2 129
0 35 96
0 4 111
0 6 39
0 7 47
0 9 76
0 23 48
0 12 13
0 34 11
0 15 107
0 50 68
0 52 54
0 54 127
0 41 138
0 56 34
0 84 116
0 26 52
0 91 66
0 92 119
0 30 87
1 2 30
1 3 85
1 72 111
1 73 132
1 11 54
1 14 123
1 47 120
1 16 116
1 50 116
1 20 121
1 53 142
2 3 51
2 4 137
2 5 31
2 6 110
2 8 141
2 9 30
2 11 38
2 13 154
2 15 96
2 16 26
2 17 112
2 18 100
2 19 121
2 21 146
2 23 101
2 25 52
2 31 119
2 33 140
2 36 127
2 38 68
2 40 14
2 42 20
2 46 129
2 51 50
2 57 26
2 58 153
2 61 76
2 67 67
2 77 67
2 81 145
2 85 84
2 88 25
2 90 146
2 91 13
4 5 72
4 7 24
4 10 49
4 81 93
4 18 131
4 24 76
4 26 130
4 74 134
5 64 73
5 35 82
5 68 112
5 39 109
5 41 96
5 44 118
5 22 151
6 8 90
6 34 67
6 55 79
6 92 80
6 79 66
7 24 27
7 77 27
8 64 55
8 65 149
8 66 12
8 54 138
8 38 149
8 96 128
8 10 93
8 43 40
8 12 75
8 13 90
8 79 40
8 17 20
8 19 10
8 21 110
8 22 114
8 25 54
8 90 98
9 65 17
9 83 17
9 30 43
9 14 112
10 60 41
11 56 76
11 69 100
11 39 51
12 80 68
12 57 136
12 98 138
12 37 78
12 31 148
13 49 142
13 20 74
14 28 63
14 37 65
15 82 90
15 53 61
16 97 137
16 66 151
16 95 94
18 68 16
18 70 153
18 46 112
18 27 30
18 28 100
18 62 61
19 27 52
19 78 57
19 71 144
20 32 82
20 58 36
20 76 152
21 32 87
21 59 93
21 93 31
23 86 64
23 45 80
23 78 121
23 63 31
24 48 80
24 29 65
24 62 76
25 36 107
25 70 128
25 42 136
25 43 69
25 45 109
25 85 144
25 94 81
27 48 38
27 52 78
27 29 88
28 33 46
28 59 91
29 96 54
30 47 121
30 76 154
30 71 143
31 60 29
32 86 110
32 63 122
33 69 82
35 40 125
35 82 53
38 44 47
38 87 30
43 80 89
44 74 45
44 83 99
44 87 134
48 49 106
48 51 68
48 55 43
50 72 122
51 61 15
52 89 128
52 93 69
52 95 45
53 75 81
54 67 38
56 88 96
60 98 154
63 75 21
66 97 54
66 73 15
73 99 105
83 84 80
85 89 94
91 94 105
94 100001 1450
94 100002 1450
94 100004 1450
95 100002 1450
95 99 150
95 100003 1450
96 100000 1450
96 100002 1450
96 100003 1450
97 100001 1450
97 100004 1450
99 100000 1450
99 100004 1450
-2 2 1450
-2 5 1450
-5 2 1450
-5 4 1450
-5 5 1450
-4 0 1450
-4 3 1450
-4 4 1450
-3 2 1450
-3 4 1450
-1 4 1450
-1 5 1450
