0 2 142
0 67 53
0 36 140
0 5 58
0 70 135
0 72 92
0 98 41
0 47 10
0 16 150
0 49 74
0 21 44
0 29 106
0 69 154
1 2 63
1 3 11
1 4 109
1 6 69
1 7 46
1 8 126
1 9 92
1 18 69
1 32 33
1 35 16
1 37 92
1 39 131
1 48 34
1 51 65
1 53 31
1 58 79
1 62 77
1 66 137
1 81 112
1 82 57
1 83 142
1 85 91
1 99 143
2 3 74
2 4 84
2 5 66
2 8 133
2 13 139
2 16 80
2 17 150
2 19 105
2 22 17
2 37 53
2 42 145
2 45 155
2 49 11
2 51 155
2 56 40
2 62 135
2 65 102
2 72 20
2 75 91
2 77 22
2 84 95
2 87 45
2 89 144
2 93 77
2 97 65
3 65 76
3 66 72
3 27 145
3 15 149
3 9 153
3 13 44
3 79 76
3 41 66
3 59 154
3 30 47
4 32 76
4 97 142
4 6 67
4 71 126
4 10 82
4 14 127
4 22 31
4 91 24
5 38 11
5 76 55
5 11 38
5 44 55
5 78 111
5 47 103
5 50 69
5 19 100
5 21 95
5 24 89
5 31 124
6 10 97
6 71 117
6 53 133
6 54 95
6 7 25
7 85 113
7 95 18
8 48 56
9 33 53
9 36 22
9 40 16
9 41 56
9 11 18
9 12 65
9 14 59
9 15 82
9 50 54
9 23 100
9 59 149
10 33 146
10 34 132
10 43 15
10 12 35
10 20 144
10 88 62
10 25 154
10 28 117
10 52 146
11 24 78
11 56 91
12 20 104
13 57 114
14 44 117
14 23 142
15 64 78
15 17 45
15 27 96
15 68 18
15 87 91
16 18 134
16 29 154
16 69 26
16 45 120
17 75 10
19 31 55
20 60 82
20 26 48
20 28 13
21 89 87
23 25 56
25 26 128
26 40 86
26 43 98
26 46 146
26 55 126
26 60 53
26 61 27
26 30 140
27 64 95
28 73 115
28 34 131
29 91 142
31 74 12
31 38 89
31 39 54
32 35 107
32 99 48
32 57 36
33 55 121
34 88 105
38 82 41
39 52 45
40 73 114
40 46 136
40 80 71
40 86 72
40 92 132
40 63 152
41 42 84
41 68 117
41 90 152
42 90 106
42 54 54
43 61 53
48 81 108
48 58 85
49 70 96
49 94 33
50 78 139
51 83 45
51 93 77
51 86 29
51 63 23
55 76 36
58 80 113
64 74 94
64 67 138
65 94 114
72 79 29
75 96 30
75 77 79
77 96 53
77 84 76
80 92 106
85 98 58
85 95 96
94 100000 1450
94 100003 1450
95 100001 1450
95 100004 1450
96 100002 1450
96 100004 1450
97 100001 1450
97 100003 1450
98 100000 1450
99 100002 1450
99 100004 1450
-2 0 1450
-2 2 1450
-2 4 1450
-5 2 1450
-5 3 1450
-5 4 1450
-4 0 1450
-4 3 1450
-3 0 1450
-3 4 1450
-1 0 1450
-1 1 1450
-1 4 1450
