0 10 16
0 11 110
0 12 65
0 13 44
0 14 83
0 15 139
0 16 28
0 17 116
0 18 146
0 19 44
1 10 84
1 11 134
1 13 51
1 14 138
1 17 72
1 19 149
2 10 68
2 11 137
2 14 141
2 15 123
2 16 13
2 18 114
3 10 119
3 12 101
3 13 36
3 14 137
3 15 120
3 16 150
3 18 143
4 10 35
4 11 13
4 12 82
4 13 118
4 14 111
4 17 21
4 19 102
5 10 152
5 11 15
5 12 65
5 13 12
5 16 68
5 18 141
6 10 32
6 11 120
6 12 26
6 15 93
6 16 70
6 17 101
6 18 28
6 19 68
7 10 133
7 11 143
7 12 139
7 13 49
7 14 70
7 15 146
7 17 125
7 19 42
8 11 14
8 10 41
8 19 18
8 12 83
8 13 75
9 10 154
9 11 100
9 12 111
9 13 33
9 14 137
9 15 33
9 17 89
10 11 71
10 12 34
10 14 78
10 15 49
10 16 94
10 17 52
10 18 13
11 12 136
11 13 46
11 14 71
11 15 19
11 16 96
11 17 133
11 18 121
11 19 75
12 16 83
12 17 87
12 18 92
12 19 29
13 16 18
13 17 155
13 19 40
13 15 138
14 100000 1450
14 18 129
14 15 76
15 16 131
15 100004 1450
16 100000 1450
16 100001 1450
17 100000 1450
17 18 41
17 19 52
17 100002 1450
18 100001 1450
18 100002 1450
18 100003 1450
19 100001 1450
19 100003 1450
19 100004 1450
-1 1 1450
-1 2 1450
-1 3 1450
-5 4 1450
-5 5 1450
-4 3 1450
-4 4 1450
-4 5 1450
-3 2 1450
-3 5 1450
-2 0 1450
-2 1 1450
-2 4 1450
