0 10 64
0 11 64
0 12 111
0 13 150
0 14 109
0 15 74
0 18 101
0 19 66
0 20 151
0 21 20
0 22 154
0 23 137
0 25 99
0 27 139
0 30 62
0 41 14
0 45 65
0 46 139
0 50 94
0 55 71
0 57 54
0 58 28
0 61 48
0 69 122
0 72 106
0 74 63
0 78 115
0 83 110
0 92 133
0 93 84
0 97 151
0 99 20
1 10 17
1 11 58
1 12 146
1 15 57
1 16 56
1 17 34
1 20 22
1 21 105
1 27 30
1 28 37
1 30 73
1 31 133
1 32 46
1 34 68
1 40 11
1 42 17
1 44 68
1 49 119
1 52 48
1 59 140
1 62 72
1 65 54
1 70 121
1 72 22
1 76 70
1 81 132
1 84 58
1 93 84
1 97 61
1 99 96
2 19 82
2 34 108
2 54 50
2 10 107
2 11 68
2 12 19
2 13 70
2 17 100
2 82 60
2 51 31
2 86 80
2 23 98
2 18 24
2 90 98
2 27 138
2 94 39
3 10 106
3 11 134
3 12 29
3 13 115
3 14 22
3 15 11
3 16 39
3 21 34
3 23 21
3 24 98
3 25 119
3 27 127
3 28 105
3 29 48
3 31 108
3 34 36
3 37 102
3 43 43
3 49 86
3 51 36
3 54 43
3 55 132
3 67 82
3 68 28
3 71 73
3 74 91
3 85 45
3 87 70
3 89 47
3 90 109
3 92 131
3 95 73
4 10 140
4 11 113
4 12 128
4 13 82
4 14 151
4 15 48
4 16 46
4 19 85
4 22 111
4 24 42
4 25 59
4 26 84
4 30 66
4 32 55
4 33 118
4 38 117
4 46 95
4 47 30
4 51 44
4 52 97
4 54 95
4 64 40
4 72 28
4 73 44
4 76 72
4 98 108
5 10 16
5 15 54
5 80 61
5 17 83
5 83 144
5 93 101
5 94 49
5 31 140
6 10 99
6 11 103
6 12 96
6 14 39
6 15 36
6 16 98
6 18 132
6 19 155
6 20 133
6 24 114
6 32 121
6 38 115
6 54 144
6 56 100
6 64 140
6 66 146
6 68 78
6 69 46
6 71 123
6 72 51
6 74 18
6 83 119
6 93 30
6 98 67
7 10 97
7 11 12
7 12 20
7 13 127
7 14 56
7 16 117
7 17 119
7 19 125
7 20 105
7 26 124
7 27 72
7 28 78
7 29 32
7 30 136
7 33 92
7 35 20
7 37 19
7 40 14
7 46 80
7 48 89
7 53 65
7 56 146
7 58 136
7 63 123
7 71 95
7 81 112
7 86 58
7 89 42
7 93 44
7 94 33
7 96 23
8 10 73
8 11 119
8 13 26
8 14 87
8 16 33
8 17 40
8 18 76
8 22 95
8 28 74
8 32 145
8 33 67
8 35 30
8 37 149
8 39 69
8 42 64
8 43 20
8 44 63
8 45 149
8 48 124
8 51 40
8 52 61
8 73 86
8 75 30
8 87 134
8 96 65
9 10 63
9 11 46
9 12 131
9 13 103
9 14 41
9 15 121
9 16 43
9 18 142
9 23 23
9 26 117
9 27 120
9 31 100
9 33 56
9 34 133
9 35 49
9 36 35
9 48 23
9 51 147
9 56 105
9 62 107
9 63 27
9 64 76
9 67 88
9 75 121
9 79 38
9 85 30
9 91 37
10 11 51
10 12 90
10 13 73
10 14 76
10 15 61
10 16 10
10 17 144
10 18 131
10 19 136
10 20 123
10 21 146
10 22 88
10 24 146
10 25 144
10 26 19
10 27 69
10 29 65
10 31 116
10 32 151
10 34 111
10 38 16
10 41 132
10 42 142
10 46 126
10 47 22
10 48 22
10 53 34
10 54 44
10 55 151
10 57 141
10 60 56
10 69 54
10 72 54
10 75 12
10 77 131
10 79 126
10 82 146
10 87 150
10 89 17
10 90 31
10 93 130
10 95 94
10 96 14
10 99 130
11 12 95
11 13 51
11 14 85
11 15 85
11 16 50
11 17 15
11 18 11
11 19 78
11 21 125
11 26 142
11 29 51
11 31 147
11 33 53
11 34 147
11 37 85
11 40 115
11 44 116
11 48 137
11 50 136
11 54 31
11 57 135
11 58 13
11 67 59
11 68 36
11 70 91
11 72 73
11 76 72
11 80 78
11 91 25
11 94 109
12 14 74
12 17 107
12 19 35
12 20 133
12 21 61
12 22 81
12 23 142
12 24 118
12 25 10
12 26 39
12 27 148
12 28 149
12 29 43
12 30 69
12 32 84
12 34 90
12 35 124
12 36 54
12 38 25
12 40 134
12 42 76
12 44 10
12 47 35
12 49 75
12 50 74
12 54 77
12 60 61
12 61 144
12 63 138
12 64 19
12 67 84
12 69 134
12 73 112
12 76 134
12 85 116
12 86 77
12 88 34
12 89 102
12 92 89
12 95 118
12 96 130
12 99 93
13 18 129
13 19 38
13 20 95
13 21 48
13 23 109
13 24 43
13 26 32
13 28 113
13 33 49
13 36 53
13 37 77
13 41 15
13 45 17
13 49 149
13 51 149
13 52 81
13 53 82
13 55 130
13 56 80
13 71 27
13 73 135
13 80 96
13 90 90
13 92 67
13 93 83
13 97 10
14 15 83
14 16 153
14 18 87
14 20 60
14 22 44
14 23 117
14 24 40
14 25 104
14 27 11
14 28 119
14 29 36
14 31 47
14 33 12
14 35 93
14 36 146
14 37 152
14 40 106
14 43 75
14 45 94
14 46 80
14 47 94
14 49 109
14 50 108
14 53 48
14 58 132
14 61 153
14 65 38
14 66 46
14 72 70
14 76 40
14 80 38
14 81 27
14 85 61
14 86 42
14 87 139
14 88 78
14 94 125
14 98 64
15 65 85
15 61 83
15 50 67
15 66 110
15 72 74
15 42 17
15 76 58
15 45 86
15 46 82
15 47 105
15 18 141
15 83 80
15 20 22
15 21 78
15 22 100
15 89 111
15 88 139
15 25 150
15 60 47
15 29 124
15 53 40
16 19 26
16 20 134
16 21 143
16 22 111
16 23 80
16 24 43
16 28 116
16 29 19
16 30 24
16 31 147
16 32 22
16 33 38
16 34 130
16 35 78
16 37 36
16 39 113
16 41 46
16 44 128
16 46 91
16 48 128
16 55 69
16 56 58
16 58 127
16 59 55
16 60 51
16 62 90
16 66 41
16 68 41
16 74 112
16 77 59
16 80 142
16 82 153
16 84 56
16 85 85
16 94 103
16 97 30
17 98 11
17 35 44
17 21 25
17 23 116
17 88 141
17 89 152
17 26 146
17 61 85
17 85 44
18 35 133
18 68 149
18 41 97
18 43 130
18 45 145
18 89 75
18 99 125
18 49 38
18 82 150
18 67 154
18 84 68
18 22 97
18 57 92
18 25 70
18 26 16
18 91 95
19 69 138
19 39 62
19 72 107
19 73 152
19 42 12
19 77 99
19 80 124
19 53 119
19 22 68
19 23 30
19 90 133
19 91 94
19 92 137
19 95 150
20 26 86
20 30 37
20 35 83
20 36 97
20 37 155
20 39 92
20 42 23
20 43 28
20 47 28
20 52 23
20 53 132
20 59 80
20 60 83
20 61 26
20 63 98
20 64 78
20 69 87
20 79 67
20 80 12
20 91 153
20 92 99
20 98 59
21 32 92
21 65 35
21 34 117
21 38 118
21 39 120
21 41 94
21 43 30
21 71 43
21 27 25
21 30 53
21 31 98
22 98 64
22 38 131
22 62 150
22 48 24
22 49 100
22 82 124
22 83 155
22 84 154
22 53 22
22 24 14
22 89 105
22 58 73
22 91 112
22 30 119
23 97 26
23 99 39
23 36 133
23 40 127
23 47 72
23 80 111
23 88 120
23 85 152
23 56 139
23 68 46
23 61 48
23 30 41
24 96 12
24 65 115
24 35 151
24 36 134
24 38 45
24 91 56
24 60 82
24 42 59
24 44 78
24 77 79
24 46 93
24 79 19
24 48 59
24 99 37
24 82 117
24 67 116
24 59 92
24 28 103
24 94 97
24 63 134
25 33 115
25 68 38
25 69 39
25 70 29
25 73 34
25 74 132
25 75 137
25 78 148
25 47 132
25 80 82
25 46 139
25 59 94
26 32 76
26 66 29
26 39 138
26 44 25
26 47 43
26 49 72
26 86 55
26 55 72
26 90 120
26 91 137
26 63 126
27 36 32
27 37 123
27 38 121
27 39 31
27 43 94
27 44 117
27 70 126
27 78 62
27 81 128
27 55 16
27 87 73
27 28 145
27 29 115
27 62 24
28 32 38
28 65 23
28 98 34
28 44 121
28 79 21
28 29 145
28 61 74
28 62 108
29 65 15
29 66 85
29 52 75
29 74 62
29 86 119
30 66 15
30 68 93
30 37 118
30 39 121
30 40 53
30 45 10
30 78 63
30 50 139
30 52 108
30 36 83
30 91 54
31 96 19
31 39 120
31 40 114
31 88 40
31 57 119
31 60 121
31 63 112
32 50 36
32 52 39
32 87 50
33 49 22
33 34 23
33 66 21
33 38 120
33 71 60
34 70 137
34 40 99
34 41 73
34 44 67
34 52 21
34 84 42
35 67 154
35 36 105
35 69 139
35 50 130
35 53 48
35 57 66
36 38 118
36 39 61
36 43 55
36 55 75
36 58 145
36 61 65
37 97 51
37 67 63
37 74 110
37 45 23
37 82 143
37 51 66
37 87 135
38 65 86
38 40 44
38 41 114
38 42 86
38 43 49
38 77 123
38 80 93
38 61 13
39 86 25
39 41 135
39 42 22
39 76 65
39 50 65
39 54 147
39 87 50
39 57 151
39 58 148
39 92 63
40 64 90
40 96 132
40 86 39
40 70 114
40 79 120
40 45 94
40 77 140
40 84 123
40 54 20
40 89 107
40 58 77
40 59 97
41 48 64
41 73 128
42 70 146
42 43 66
42 46 71
42 49 64
42 51 51
42 56 137
42 60 123
43 64 109
43 65 87
43 69 73
43 73 88
43 47 127
43 81 91
43 85 17
43 91 99
44 66 129
44 70 18
44 73 24
44 75 61
44 45 55
44 79 89
44 48 81
44 59 101
44 60 49
44 93 16
44 63 33
45 50 122
45 82 113
45 69 26
45 53 10
46 75 111
46 77 100
46 51 52
46 56 65
46 92 35
46 63 46
47 64 143
47 90 85
47 62 15
48 74 120
48 51 102
49 65 82
49 57 11
49 84 33
49 52 84
49 81 112
50 71 132
50 78 115
50 82 10
50 57 122
50 58 16
50 59 102
50 95 107
51 56 16
51 73 16
51 67 80
51 77 77
52 56 43
52 97 77
52 75 38
52 86 45
52 63 129
53 64 155
53 70 62
53 76 30
53 81 53
53 55 41
53 90 46
54 66 14
54 79 15
54 83 132
54 92 130
54 62 54
54 95 20
55 88 145
55 60 152
55 59 82
55 76 51
55 62 68
56 97 26
56 75 11
57 74 36
57 59 124
57 92 26
58 62 33
58 68 107
58 78 54
58 70 48
59 64 82
59 78 152
60 98 95
60 71 120
60 78 154
60 79 140
60 93 117
60 95 19
61 71 37
63 81 141
63 75 139
63 78 110
64 96 107
64 75 80
64 67 94
64 85 11
65 88 17
65 98 152
65 68 64
65 94 133
66 88 38
66 97 122
66 84 58
66 95 34
67 72 100
67 96 151
67 83 67
67 77 94
68 81 32
68 71 25
69 84 28
70 96 94
70 77 59
71 87 30
72 89 30
72 74 92
72 78 45
74 83 146
74 84 91
75 81 117
75 83 52
75 94 47
75 79 134
76 88 134
76 90 47
76 93 49
77 90 71
78 87 54
79 82 49
79 83 115
79 86 95
79 95 24
80 97 73
80 99 59
80 95 105
82 85 154
84 99 70
85 99 45
87 98 70
89 94 27
94 100002 1450
94 100003 1450
95 100000 1450
95 100001 1450
96 100002 1450
96 100003 1450
96 100004 1450
97 100003 1450
97 100004 1450
99 100000 1450
99 100001 1450
99 100002 1450
99 100004 1450
-2 0 1450
-2 1 1450
-5 4 1450
-5 5 1450
-4 2 1450
-4 3 1450
-4 5 1450
-3 0 1450
-3 2 1450
-3 3 1450
-1 1 1450
-1 3 1450
