0 2 146
0 3 117
0 5 12
0 11 39
0 14 65
0 15 54
0 16 71
1 2 142
1 4 105
1 6 12
1 7 63
1 9 122
1 10 65
1 11 141
1 13 46
1 16 17
2 3 100
2 6 14
2 8 149
2 10 78
2 12 57
2 15 139
2 18 70
3 4 58
4 8 37
4 9 32
4 18 126
4 5 136
4 7 151
8 17 52
8 12 140
10 13 39
11 14 144
13 19 139
14 100001 1450
14 100002 1450
14 100004 1450
15 100000 1450
15 100002 1450
16 17 21
16 100003 1450
17 100000 1450
17 100003 1450
18 100000 1450
18 100001 1450
18 19 123
18 100004 1450
18 100003 1450
19 100004 1450
-1 4 1450
-1 5 1450
-5 2 1450
-5 4 1450
-5 5 1450
-4 2 1450
-4 3 1450
-3 1 1450
-3 3 1450
-3 4 1450
-2 3 1450
-2 4 1450
