0 10 143
0 11 88
0 12 60
0 13 124
0 14 57
0 15 21
0 17 74
0 18 126
0 19 44
0 20 122
0 21 118
0 22 100
0 23 54
0 24 85
0 25 77
0 26 21
0 28 14
0 29 68
0 31 117
0 33 100
0 35 81
0 37 146
0 38 146
0 39 17
0 41 125
0 44 15
1 43 17
1 39 77
1 44 11
1 10 154
1 11 88
1 12 24
1 13 124
1 14 104
1 47 131
1 16 111
1 17 21
1 21 78
1 25 111
1 27 111
1 30 110
2 33 153
2 35 50
2 17 96
2 41 127
2 10 84
2 11 87
2 45 115
2 14 45
2 13 155
2 16 107
2 49 73
2 18 143
2 20 101
2 22 62
2 23 108
2 15 96
2 30 103
3 43 53
3 36 141
3 10 93
3 11 66
3 12 94
3 14 115
3 48 75
3 49 110
3 19 19
3 26 124
4 27 126
4 37 16
4 38 97
4 41 32
4 10 109
4 11 46
4 13 100
4 47 60
4 16 57
4 15 118
4 42 38
5 16 35
5 35 72
5 39 29
5 12 123
5 10 154
5 11 82
5 44 12
5 13 128
5 46 111
5 15 58
5 48 153
5 17 120
5 18 72
5 19 57
5 20 15
5 24 74
5 42 132
5 30 64
6 33 34
6 40 54
6 10 138
6 12 104
6 14 135
6 19 26
6 46 115
6 28 106
6 29 16
6 30 143
6 31 27
7 43 77
7 44 153
7 10 116
7 11 55
7 12 105
7 13 90
7 18 11
7 22 54
7 24 21
7 25 148
7 27 64
7 29 125
8 35 41
8 36 101
8 37 133
8 41 155
8 10 50
8 11 117
8 12 149
8 15 82
8 18 110
8 22 30
8 47 80
8 29 107
9 10 11
9 11 153
9 12 146
9 13 73
9 14 76
9 15 126
9 16 47
9 19 105
9 20 107
9 22 131
9 23 98
9 24 64
9 25 119
9 26 45
9 28 106
9 31 10
9 32 100
9 35 99
9 37 144
9 40 138
9 44 19
9 45 150
10 32 55
10 33 10
10 34 36
10 35 52
10 39 107
10 40 15
10 42 64
10 11 21
10 12 73
10 13 107
10 14 116
10 15 32
10 16 104
10 20 70
10 21 48
10 22 30
10 24 76
10 26 14
10 47 138
10 31 80
11 12 153
11 13 96
11 14 143
11 15 22
11 16 32
11 17 145
11 18 26
11 19 98
11 20 86
11 21 152
11 23 109
11 25 77
11 26 47
11 28 153
11 31 105
11 32 36
11 33 56
11 35 100
11 36 50
11 37 79
11 41 79
11 42 64
11 44 24
11 46 48
11 47 76
11 49 18
12 39 96
12 40 24
12 14 20
12 15 49
12 16 87
12 17 42
12 20 97
12 22 48
12 23 109
12 24 111
12 27 64
12 28 73
12 30 144
13 48 50
13 34 144
13 35 56
13 37 144
13 39 105
13 41 42
13 42 87
13 43 16
13 44 30
13 16 133
13 17 151
13 18 63
13 20 124
13 21 46
13 22 11
13 25 109
13 49 93
13 31 57
14 32 133
14 34 48
14 36 132
14 38 131
14 44 56
14 45 124
14 15 86
14 16 24
14 17 114
14 18 145
14 20 139
14 21 10
14 23 57
14 25 53
14 26 77
15 37 35
15 39 123
15 40 16
15 43 136
15 45 61
15 47 24
15 17 85
15 18 58
15 19 66
15 20 152
15 21 57
15 22 106
15 24 78
15 25 153
15 26 96
15 27 26
15 28 36
16 17 69
16 18 81
16 19 73
16 21 130
16 22 103
16 23 82
16 25 145
16 26 89
16 28 99
16 29 115
16 30 102
16 31 23
16 32 127
16 33 126
16 34 19
16 35 153
16 36 41
16 37 107
16 38 153
16 43 116
16 46 155
16 48 75
17 37 42
17 41 77
17 45 141
17 47 58
17 48 151
17 49 155
17 19 127
17 21 77
17 23 45
17 24 128
17 26 94
17 27 74
17 28 62
17 30 90
18 24 105
18 19 149
18 36 72
18 38 107
19 32 84
19 24 132
19 42 89
19 46 21
20 34 138
20 35 138
20 40 83
20 43 152
20 45 48
20 47 57
20 21 48
20 23 142
20 27 20
20 28 55
20 29 88
20 30 47
20 31 107
21 32 78
21 36 136
21 39 130
21 48 154
21 49 13
21 23 69
21 25 39
21 27 114
21 28 84
21 29 87
22 27 124
22 46 24
22 38 53
23 34 89
23 27 30
23 36 122
23 29 51
23 31 64
24 32 83
24 36 73
24 40 16
24 45 98
24 46 150
24 29 88
24 30 62
25 33 40
25 34 121
25 38 28
25 49 87
26 48 42
26 34 90
26 42 130
26 38 73
26 31 31
27 32 40
27 33 148
27 34 51
27 42 44
27 45 57
27 49 146
28 49 128
28 29 154
28 41 115
28 39 148
29 32 18
29 33 66
29 45 124
30 40 104
30 44 30
30 47 38
31 33 149
32 34 142
32 36 109
32 47 116
33 43 155
33 46 33
34 48 36
35 40 35
35 38 126
36 48 103
37 41 107
37 38 151
38 39 59
38 40 117
38 41 142
38 42 102
38 43 92
38 45 74
38 49 91
39 48 133
41 42 65
41 46 43
42 43 133
42 44 132
42 46 55
44 100002 1450
45 100000 1450
45 100001 1450
45 100002 1450
45 100003 1450
46 100001 1450
46 100003 1450
46 100004 1450
47 100003 1450
47 100004 1450
48 100000 1450
49 100000 1450
49 100001 1450
-2 0 1450
-2 3 1450
-2 4 1450
-5 0 1450
-5 1 1450
-5 4 1450
-4 2 1450
-4 4 1450
-4 5 1450
-3 1 1450
-3 2 1450
-3 4 1450
-1 0 1450
-1 4 1450
