0 32 60
0 2 139
0 3 119
0 4 95
0 5 56
0 38 58
0 39 85
0 29 116
0 11 11
0 44 27
0 15 24
0 17 75
0 18 29
0 35 132
0 53 14
0 54 42
0 56 27
0 90 135
0 91 36
0 24 92
1 2 54
1 67 38
1 36 44
1 71 144
1 40 149
1 12 67
1 82 74
1 83 15
1 84 144
1 22 62
2 3 121
2 4 68
2 5 106
2 6 16
2 8 80
2 9 52
2 11 79
2 12 75
2 16 22
2 20 126
2 28 42
2 36 35
2 40 143
2 43 19
2 46 140
2 51 56
2 52 59
2 53 95
2 55 131
2 59 88
2 60 90
2 64 25
2 69 15
2 73 78
2 80 51
2 87 90
3 6 126
3 7 148
3 13 97
3 14 37
3 15 23
3 17 129
3 19 136
3 21 142
3 23 126
3 27 130
3 28 44
3 30 90
3 33 128
3 34 67
3 37 62
3 39 70
3 41 18
3 46 124
3 47 77
3 48 136
3 50 91
3 57 17
3 58 135
3 59 41
3 63 88
3 65 154
3 69 134
3 74 84
3 80 52
3 81 131
3 88 113
3 93 75
4 94 114
5 33 148
5 98 130
5 34 106
5 42 68
5 22 12
6 65 43
6 68 131
6 7 93
6 8 31
6 41 101
6 23 118
6 21 23
6 9 147
6 25 61
6 31 60
7 10 12
7 13 105
7 14 12
7 45 93
7 26 84
7 62 40
8 16 36
8 89 135
8 10 71
8 47 140
9 96 33
9 70 148
9 78 114
9 18 104
9 87 118
9 61 36
10 26 72
11 35 36
11 20 67
12 67 74
13 72 58
13 56 68
13 50 30
13 71 110
14 19 153
14 30 145
15 27 40
16 66 12
16 83 136
16 77 73
16 29 104
17 37 107
18 96 117
18 97 144
18 91 48
19 93 74
20 73 91
20 31 74
21 25 61
21 38 69
21 63 42
22 61 126
23 24 12
23 81 52
24 49 111
24 74 27
24 44 36
24 86 135
27 98 125
27 99 131
27 78 72
28 49 24
29 64 122
29 51 127
30 57 82
30 84 137
30 79 88
31 32 73
31 66 45
31 75 80
34 42 30
34 55 147
35 92 149
35 45 126
35 54 82
36 52 152
39 48 138
39 43 26
41 58 24
42 60 72
42 90 86
42 76 50
42 79 155
44 95 152
50 72 96
50 70 103
50 86 143
51 75 122
57 88 120
57 62 137
58 82 106
58 92 20
58 85 143
60 76 65
63 77 120
64 94 134
65 68 94
71 97 92
75 85 81
77 89 50
81 99 56
83 95 115
94 100000 1450
94 100003 1450
94 100004 1450
95 100000 1450
95 100001 1450
95 100002 1450
95 100004 1450
96 100002 1450
98 100001 1450
98 100003 1450
98 100004 1450
99 100001 1450
99 100002 1450
99 100003 1450
-2 2 1450
-2 5 1450
-5 0 1450
-5 2 1450
-5 4 1450
-4 0 1450
-4 2 1450
-4 3 1450
-3 0 1450
-3 1 1450
-1 1 1450
-1 2 1450
-1 3 1450
