0 34 105
0 5 13
0 6 44
0 7 135
0 10 25
0 12 29
0 13 24
0 15 126
0 20 111
1 35 57
1 5 101
1 6 101
1 7 144
1 8 128
1 11 35
1 13 145
1 46 128
1 19 136
1 38 155
1 29 86
2 5 148
2 12 86
2 14 141
2 15 96
2 49 78
2 19 69
2 26 155
2 29 36
2 30 117
3 11 103
3 5 99
3 6 75
3 8 66
3 9 74
3 43 155
3 40 147
3 20 118
3 23 70
3 24 16
3 27 34
3 29 124
3 37 15
4 27 68
4 5 75
4 6 69
4 7 125
4 8 18
4 9 146
4 10 136
4 43 25
4 12 32
4 45 120
4 15 83
4 13 58
4 48 150
4 17 109
4 18 150
4 20 66
4 24 139
4 38 53
5 6 41
5 7 52
5 9 20
5 10 81
5 11 125
5 16 96
5 18 60
5 19 96
5 20 96
5 21 72
5 22 132
5 24 104
5 28 140
5 31 32
5 32 27
5 34 40
5 35 52
5 37 72
5 38 144
5 39 119
5 41 59
5 47 97
6 33 12
6 35 19
6 7 54
6 8 122
6 9 138
6 14 91
6 16 10
6 17 40
6 21 91
6 28 48
6 30 139
7 32 127
7 36 138
7 8 42
7 9 63
7 10 101
7 11 76
7 12 64
7 14 22
7 44 80
7 16 95
7 17 108
7 28 104
7 42 81
7 30 64
8 41 93
8 10 98
8 43 106
8 14 88
8 15 70
8 17 109
8 20 94
8 22 87
8 23 108
8 27 146
8 29 84
9 39 94
9 43 140
9 45 80
9 21 128
9 22 96
9 23 95
9 26 128
10 34 154
10 35 107
10 49 109
10 11 33
10 13 120
10 17 16
10 18 53
10 19 125
10 25 118
10 27 146
10 28 148
10 39 37
10 31 124
11 32 111
11 44 22
11 12 38
11 16 56
11 18 69
11 24 150
11 25 53
11 31 16
12 44 90
12 13 118
12 14 39
12 49 36
12 19 20
12 26 58
13 33 36
13 36 33
13 42 36
13 21 123
13 22 52
13 26 31
13 30 122
14 16 17
14 26 12
14 23 77
14 15 73
15 24 62
15 25 14
15 34 153
16 44 140
16 36 52
16 21 53
17 29 108
17 22 61
18 27 14
18 38 129
18 39 60
20 28 24
21 41 19
21 25 146
22 33 82
22 23 122
23 32 61
23 34 121
23 40 114
23 44 93
23 47 44
23 25 54
24 32 50
24 33 51
24 40 151
24 42 94
24 48 139
24 49 51
24 31 12
25 41 89
26 46 102
27 31 36
27 43 17
27 46 81
27 47 69
28 33 21
28 37 59
28 30 84
29 40 68
29 42 133
29 38 91
30 36 148
30 45 98
31 40 68
31 41 93
32 48 13
32 42 134
33 36 12
34 49 84
34 47 123
34 39 60
35 37 62
36 45 109
37 48 94
39 46 88
41 46 12
42 48 139
42 47 22
43 45 129
44 100000 1450
44 100003 1450
44 100004 1450
45 100000 1450
45 100002 1450
46 100000 1450
47 100002 1450
48 100001 1450
48 100003 1450
48 100004 1450
49 100002 1450
49 100004 1450
-2 3 1450
-2 4 1450
-5 2 1450
-5 5 1450
-4 1 1450
-4 2 1450
-3 0 1450
-3 5 1450
-1 0 1450
-1 4 1450
