0 10 44
0 11 132
0 12 82
0 13 33
0 14 27
0 15 22
0 16 148
0 17 75
0 18 122
0 19 141
1 10 68
1 11 103
1 12 134
1 13 33
1 15 133
1 17 24
1 18 111
1 19 59
2 17 29
2 10 154
2 11 19
2 12 66
2 14 114
3 10 100
3 11 130
3 12 24
3 14 73
3 15 33
3 16 107
3 17 135
4 10 28
4 19 29
4 18 46
4 13 145
5 18 120
5 11 120
5 12 81
5 10 128
5 13 85
6 10 17
6 11 19
6 12 50
6 13 153
6 14 117
6 15 143
6 16 99
7 10 93
7 11 88
7 12 89
7 13 32
7 14 38
7 15 109
7 16 117
7 18 21
8 16 54
8 10 40
8 11 136
8 18 91
8 15 13
9 10 68
9 11 109
9 12 32
9 13 95
9 14 151
9 16 132
9 17 80
10 11 80
10 12 88
10 13 12
10 14 78
10 15 25
10 17 151
10 18 35
10 19 137
11 13 136
11 14 60
11 15 97
11 16 111
11 17 66
11 18 16
11 19 140
12 16 108
12 17 141
12 18 85
12 19 124
12 14 151
13 16 154
13 18 141
13 19 87
13 15 38
14 16 133
14 17 70
14 100000 1450
14 100001 1450
14 15 60
15 19 140
15 100003 1450
16 100000 1450
16 17 130
16 19 75
16 100004 1450
17 100004 1450
18 100001 1450
18 100002 1450
18 19 117
18 100003 1450
19 100001 1450
19 100002 1450
-1 3 1450
-5 0 1450
-5 3 1450
-5 4 1450
-4 1 1450
-4 4 1450
-3 1 1450
-3 3 1450
-3 5 1450
-2 0 1450
-2 3 1450
-2 5 1450
