0 16 117
0 40 107
0 2 153
0 3 69
0 43 135
1 2 14
1 3 137
1 4 78
1 5 12
1 6 35
1 7 125
1 8 106
1 38 71
1 10 139
1 11 84
1 12 53
1 13 53
1 46 123
1 47 27
1 20 122
1 22 149
1 36 19
1 15 70
1 37 143
2 17 59
2 20 133
3 4 112
4 33 79
4 18 17
4 19 85
4 5 95
4 29 98
5 33 88
5 6 103
5 39 90
5 40 38
5 9 10
5 10 110
5 12 132
5 14 76
5 15 115
5 16 19
5 17 52
5 19 14
5 22 52
5 24 129
5 27 74
5 29 154
6 32 98
6 36 62
6 37 33
6 7 136
6 8 137
6 30 137
7 9 99
7 13 66
8 32 99
8 25 81
8 30 66
9 41 82
9 42 11
9 11 153
9 14 122
9 25 79
9 28 75
10 45 16
10 21 67
14 23 28
15 35 22
16 34 98
16 44 127
16 47 11
16 18 59
16 21 18
16 24 154
17 38 24
18 48 78
18 26 65
18 44 52
18 45 104
19 26 85
20 23 132
20 39 94
21 48 105
21 43 61
21 28 51
22 27 69
24 31 88
25 42 113
27 35 150
28 31 91
32 34 23
32 46 96
35 41 126
35 49 142
41 49 112
44 100000 1450
44 100002 1450
44 100003 1450
45 100003 1450
46 100000 1450
46 100001 1450
47 100003 1450
48 100001 1450
48 100002 1450
48 100004 1450
49 100001 1450
49 100002 1450
49 100004 1450
-2 0 1450
-2 4 1450
-2 5 1450
-5 2 1450
-5 3 1450
-5 4 1450
-4 0 1450
-4 3 1450
-3 0 1450
-3 4 1450
-1 0 1450
-1 1 1450
-1 3 1450
