0 5 131
0 6 48
0 7 87
0 8 18
0 10 106
0 11 108
0 14 14
0 16 70
0 17 102
0 21 96
0 22 76
0 23 104
0 28 34
0 30 99
0 32 146
0 35 132
0 39 78
0 40 24
0 42 149
0 43 129
0 45 116
0 48 59
0 50 136
0 55 57
0 56 58
0 60 135
0 62 92
0 66 120
0 72 42
0 81 141
0 88 102
0 95 151
1 5 128
1 6 78
1 7 79
1 8 116
1 12 32
1 13 38
1 14 126
1 16 77
1 18 77
1 23 108
1 24 23
1 28 88
1 30 139
1 37 19
1 38 44
1 43 16
1 45 103
1 47 118
1 49 139
1 55 62
1 56 73
1 77 131
1 81 115
2 5 97
2 6 37
2 7 122
2 9 69
2 10 36
2 11 99
2 15 74
2 17 140
2 19 100
2 20 115
2 24 88
2 25 91
2 26 113
2 35 63
2 36 73
2 41 46
2 43 125
2 50 43
2 51 10
2 54 51
2 56 20
2 59 113
2 61 46
2 65 147
2 66 113
2 70 85
2 82 17
2 91 26
2 92 129
2 93 91
2 98 105
2 99 103
3 98 118
3 68 19
3 5 57
3 38 72
3 8 47
3 74 63
3 44 107
3 15 126
3 18 70
3 20 98
3 21 37
3 22 47
3 47 147
3 30 148
3 53 70
4 33 84
4 34 137
4 5 95
4 6 95
4 7 46
4 9 30
4 10 52
4 12 64
4 18 81
4 44 111
4 82 127
4 19 150
4 52 51
4 54 139
4 89 145
4 26 110
4 70 33
4 58 101
4 62 46
4 31 112
5 32 148
5 37 132
5 6 147
5 7 64
5 8 38
5 9 79
5 10 25
5 75 57
5 12 155
5 13 133
5 14 122
5 16 68
5 82 82
5 85 64
5 22 48
5 26 128
5 38 12
5 92 106
5 29 45
5 30 72
5 31 103
6 34 104
6 8 21
6 9 54
6 12 120
6 98 41
6 80 138
6 18 99
6 86 133
6 24 128
6 25 55
6 93 89
7 19 125
7 97 32
7 34 49
7 48 25
7 72 88
7 73 49
7 11 29
7 80 16
7 17 74
7 51 153
7 55 119
7 88 144
8 34 117
8 67 106
8 69 25
8 47 69
8 40 95
8 9 62
8 10 48
8 78 30
8 14 67
8 15 155
8 49 21
8 50 67
8 42 143
8 20 69
8 46 110
8 23 64
8 24 62
8 57 97
8 27 114
8 29 152
8 53 80
9 11 75
9 12 85
9 13 91
9 14 108
9 15 114
9 18 120
9 20 72
9 21 96
9 27 127
9 28 14
9 33 108
9 35 61
9 36 51
9 38 143
9 41 43
9 50 67
9 54 89
9 58 151
9 76 134
9 79 82
9 83 13
9 94 82
9 95 35
9 96 72
9 97 89
9 99 52
10 64 25
10 33 48
10 83 139
10 67 48
10 37 110
10 65 107
10 42 147
10 11 81
10 78 33
10 46 91
10 79 116
10 16 46
10 17 56
10 19 152
10 84 112
10 53 97
10 25 68
10 85 131
10 69 144
11 33 57
11 98 66
11 70 144
11 97 150
11 41 21
11 76 110
11 13 49
11 80 92
11 17 143
11 51 89
11 84 49
11 23 137
11 25 80
11 94 101
11 16 64
12 64 104
12 65 96
12 34 60
12 13 133
12 79 59
12 48 103
12 83 62
12 24 102
12 27 49
12 28 123
12 31 74
13 81 98
13 27 96
13 21 12
13 73 142
14 57 11
14 19 29
14 76 127
14 62 49
14 22 127
15 74 33
15 92 52
15 61 53
15 94 18
16 35 118
16 36 129
16 37 129
16 71 18
16 42 31
16 51 23
16 85 94
16 22 151
16 91 155
17 48 41
17 55 76
17 53 119
17 70 122
17 39 126
18 32 148
18 36 50
18 40 24
18 87 106
18 44 149
18 49 124
18 23 19
18 68 68
18 29 91
19 97 45
19 41 23
19 79 148
19 20 113
19 56 68
19 89 125
19 26 69
19 61 24
19 62 155
20 32 92
20 39 144
20 46 148
20 29 34
20 51 75
20 52 132
20 21 69
20 90 117
20 27 86
20 26 109
20 30 116
21 33 50
21 99 155
21 68 17
22 47 106
22 85 22
22 71 22
23 40 68
23 85 151
24 25 36
24 31 138
24 69 13
24 86 77
24 61 140
25 32 78
25 64 102
25 67 95
25 44 64
25 77 51
25 46 130
25 86 141
25 63 60
25 95 19
26 99 124
26 37 37
26 38 105
26 39 149
26 77 70
26 52 140
26 90 11
26 59 154
27 75 22
27 76 136
27 52 87
27 89 106
27 28 54
27 29 138
27 94 85
27 31 63
28 48 89
28 35 29
28 60 24
28 54 17
28 63 61
29 52 46
30 72 123
30 89 33
30 66 78
30 39 105
32 40 30
32 75 116
32 49 154
32 87 84
32 90 112
32 60 81
33 99 138
33 68 122
33 69 73
34 96 96
34 65 96
34 57 11
35 96 116
35 36 55
35 72 92
35 42 115
35 77 85
35 78 65
35 50 146
35 54 124
35 58 129
35 91 58
36 71 35
36 73 29
36 43 112
36 44 64
36 45 15
36 82 119
37 65 41
37 58 137
37 84 79
38 74 136
39 95 42
40 67 137
40 43 87
40 45 106
40 81 51
40 59 57
40 63 114
41 91 30
41 74 36
41 83 87
41 78 150
41 71 23
43 64 44
43 56 128
43 67 89
43 45 94
44 80 154
44 59 60
44 60 32
44 47 126
45 81 63
45 82 88
45 63 152
46 64 45
46 49 88
46 86 108
46 57 124
47 69 24
48 96 103
48 97 118
48 70 147
48 74 128
48 75 79
48 53 43
48 55 152
48 60 68
49 57 13
49 84 99
49 87 85
50 90 39
50 71 33
51 66 60
51 91 80
52 73 149
52 90 22
52 92 83
52 62 137
53 68 114
54 66 90
55 58 18
55 76 110
57 59 50
57 84 149
57 87 88
59 63 149
60 75 133
64 77 60
64 79 137
66 72 65
66 88 129
66 93 34
68 95 88
70 92 142
72 88 29
72 73 94
72 83 69
72 93 94
74 78 69
75 80 57
77 86 80
80 96 130
83 88 35
83 94 104
84 87 57
85 89 139
86 98 112
91 93 135
94 100002 1450
95 100000 1450
95 100001 1450
95 100004 1450
96 100002 1450
97 100000 1450
97 100001 1450
97 100003 1450
97 100004 1450
98 100000 1450
98 100002 1450
99 100001 1450
99 100003 1450
-2 0 1450
-2 4 1450
-2 5 1450
-5 1 1450
-5 2 1450
-5 4 1450
-4 2 1450
-4 4 1450
-3 0 1450
-3 2 1450
-3 5 1450
-1 0 1450
-1 2 1450
