0 10 26
0 11 108
0 12 129
0 13 66
0 15 36
0 17 13
1 10 79
1 11 102
1 12 96
1 13 109
1 14 49
1 15 143
1 16 110
1 18 58
1 19 115
2 10 126
2 12 100
2 13 65
2 16 127
2 17 148
2 19 83
3 10 146
3 11 79
3 12 78
3 14 130
3 16 42
3 17 122
4 10 49
4 11 58
4 13 96
4 14 87
4 16 57
4 17 87
5 10 33
5 11 105
5 12 96
5 13 150
5 14 25
5 15 125
5 17 30
5 18 86
5 19 149
6 10 147
6 11 49
6 12 20
6 13 61
6 15 66
6 17 83
7 10 95
7 11 77
7 12 46
7 16 13
7 17 45
7 19 18
8 10 13
8 11 111
8 14 39
8 15 77
8 18 51
8 19 150
9 10 119
9 11 97
9 12 113
9 13 17
9 14 54
10 11 87
10 12 85
10 13 137
10 14 146
10 15 62
10 16 20
10 18 97
10 19 79
11 12 76
11 13 30
11 14 41
11 15 115
11 16 87
11 17 16
11 18 135
11 19 37
12 16 32
12 18 89
12 19 129
12 13 59
12 15 80
13 16 65
13 17 130
13 18 154
13 14 78
13 15 24
14 16 114
14 100000 1450
14 100002 1450
15 17 137
15 18 54
16 100001 1450
16 18 118
16 100004 1450
17 100001 1450
17 19 127
17 100004 1450
17 100003 1450
18 100002 1450
18 19 33
18 100004 1450
18 100003 1450
19 100000 1450
19 100001 1450
19 100002 1450
19 100003 1450
-1 1 1450
-1 3 1450
-1 5 1450
-5 1 1450
-5 5 1450
-4 0 1450
-4 2 1450
-4 5 1450
-3 0 1450
-3 3 1450
-3 5 1450
-2 2 1450
-2 4 1450
