0 11 145
0 5 73
0 6 29
0 39 17
0 8 12
0 41 140
0 43 66
0 12 90
0 47 99
0 16 111
0 18 20
0 19 143
0 20 12
0 22 77
0 38 23
1 5 152
1 7 147
1 9 80
1 42 106
1 11 143
1 12 129
1 45 110
1 31 75
1 37 92
2 35 145
2 5 141
2 6 21
2 7 67
2 8 148
2 10 114
2 13 119
2 16 144
2 24 16
2 27 72
2 28 88
2 29 65
3 33 116
3 35 85
3 5 88
3 6 64
3 7 49
3 8 153
3 9 16
3 14 10
3 16 102
3 18 151
3 21 87
3 28 85
3 29 146
3 31 62
4 5 62
4 6 32
4 10 13
4 13 141
4 15 155
4 22 99
5 32 34
5 42 58
5 48 95
5 38 58
5 6 14
5 7 103
5 8 127
5 9 12
5 10 102
5 11 52
5 13 90
5 14 83
5 16 138
5 17 128
5 19 29
5 22 21
5 24 152
5 49 140
5 29 105
6 17 11
6 7 78
6 8 79
6 9 52
6 10 67
6 14 92
6 49 147
6 18 151
6 19 85
6 25 146
6 26 145
6 36 75
7 34 95
7 10 131
7 46 75
7 17 54
7 20 115
7 25 106
7 27 69
8 35 29
8 9 124
8 12 138
8 13 109
8 45 116
8 18 23
8 20 33
8 22 68
8 30 66
9 32 144
9 35 28
9 38 148
9 40 70
9 12 97
9 11 63
9 44 114
9 45 110
9 46 36
9 49 63
9 18 142
9 23 51
9 25 144
9 26 66
10 33 39
10 43 138
10 11 99
10 12 32
10 13 143
10 14 136
10 15 70
10 22 127
10 23 33
10 26 36
10 47 39
11 38 144
11 39 34
11 16 144
11 21 115
11 23 113
11 25 73
11 27 41
12 36 22
12 39 102
12 42 83
12 46 149
12 15 50
12 20 67
12 14 150
13 17 97
13 15 152
14 31 103
15 24 97
15 19 153
16 47 67
16 17 34
16 21 137
16 23 59
16 24 112
16 26 88
16 28 93
16 30 119
17 32 46
17 48 130
17 37 135
17 29 149
17 40 81
18 32 61
18 35 65
18 40 150
18 42 123
18 19 36
18 27 47
18 31 18
19 33 87
19 34 117
19 36 46
19 37 101
19 39 18
19 40 28
19 44 126
19 48 13
19 20 95
19 21 102
20 34 38
20 36 26
20 43 126
20 44 90
20 49 66
20 21 82
20 24 123
20 28 113
21 33 58
21 34 76
21 25 136
21 28 107
21 23 111
22 41 128
22 27 15
22 37 85
22 30 71
22 47 130
23 26 33
23 30 100
23 45 139
23 46 120
24 49 135
25 32 51
25 38 68
26 41 80
26 30 107
26 47 40
27 34 50
27 44 60
27 29 105
27 46 148
28 40 75
28 44 122
28 31 118
29 33 42
29 37 134
29 41 153
30 41 43
31 36 120
32 42 129
35 48 127
35 43 44
38 45 90
38 39 118
40 48 41
41 43 40
44 100001 1450
44 100002 1450
45 100000 1450
45 100003 1450
45 100004 1450
46 100001 1450
48 100001 1450
48 100002 1450
48 100003 1450
48 100004 1450
49 100000 1450
49 100002 1450
49 100003 1450
49 100004 1450
-2 0 1450
-5 0 1450
-5 3 1450
-5 4 1450
-4 0 1450
-4 1 1450
-4 5 1450
-3 0 1450
-3 2 1450
-3 5 1450
-1 2 1450
-1 3 1450
-1 5 1450
