0 33 25
0 2 12
0 3 146
0 4 53
0 51 155
0 7 119
0 10 75
0 61 62
0 12 34
0 13 47
0 77 49
0 113 67
0 18 155
0 99 97
0 86 117
0 55 52
0 57 99
0 15 61
0 156 11
0 109 27
1 2 25
1 4 98
1 5 37
1 6 74
1 7 72
1 8 149
1 9 44
1 10 117
1 11 88
1 140 89
1 130 74
1 14 127
1 15 89
1 16 71
1 19 106
1 23 115
1 24 20
1 25 141
1 27 52
1 30 119
1 32 33
1 35 21
1 36 100
1 134 35
1 168 20
1 43 85
1 50 100
1 52 112
1 53 79
1 137 144
1 56 119
1 58 17
1 187 108
1 60 145
1 61 95
1 181 150
1 192 77
1 139 66
1 69 65
1 70 135
1 71 21
1 73 119
1 76 23
1 80 97
1 163 119
1 91 149
1 94 75
1 97 147
1 195 19
1 188 93
1 189 74
1 83 39
1 120 34
1 122 59
1 126 11
2 96 95
2 67 47
2 57 97
2 109 80
2 142 11
2 3 126
2 21 151
2 87 125
2 88 138
2 25 14
3 128 90
3 5 93
3 6 142
3 136 132
3 9 102
3 11 18
3 140 134
3 14 14
3 17 113
3 20 82
3 150 136
3 23 56
3 26 74
3 28 35
3 133 138
3 38 62
3 167 106
3 45 119
3 47 112
3 8 136
3 62 49
3 197 77
3 75 54
3 107 108
3 118 13
4 168 142
4 17 151
4 42 86
4 175 108
4 79 147
5 64 46
5 105 60
5 155 154
6 48 51
6 134 71
6 103 107
6 39 112
6 13 115
6 112 114
6 177 38
6 84 38
6 53 48
6 90 31
6 188 112
7 12 132
7 69 101
7 63 134
8 96 146
8 38 54
8 40 72
8 145 18
8 114 91
8 51 116
9 167 113
9 104 56
9 108 86
9 30 130
9 107 132
9 76 125
9 117 142
9 19 91
9 148 89
9 149 40
9 22 15
9 56 147
9 90 37
9 60 112
9 29 42
9 199 100
9 21 124
10 33 46
10 35 93
10 20 60
10 182 73
10 55 118
10 59 52
10 159 105
13 39 13
14 16 23
14 170 16
14 31 101
14 111 44
15 99 115
15 75 116
15 45 93
15 144 69
15 49 81
15 121 107
15 27 64
15 28 36
16 34 86
16 68 12
16 103 42
16 71 99
16 111 26
16 113 108
16 18 109
16 100 47
16 186 37
16 143 53
16 92 79
16 157 91
17 97 126
17 36 118
17 101 98
17 42 137
17 79 10
17 151 140
18 48 87
18 185 119
18 34 68
18 147 122
18 74 134
19 130 69
19 67 94
19 37 76
19 41 78
19 46 141
19 50 104
19 84 109
19 183 116
19 24 86
19 148 71
19 189 30
19 94 120
20 37 66
20 176 127
20 114 95
20 83 97
20 149 79
20 120 47
20 154 100
20 187 39
20 31 152
21 40 133
21 43 108
21 180 17
21 22 10
21 135 153
22 32 79
22 65 135
22 72 135
22 110 108
22 80 84
22 29 130
23 26 27
24 181 91
25 44 82
25 85 33
27 152 65
27 41 80
27 100 68
28 95 126
29 141 47
29 110 63
30 81 59
30 46 91
31 65 97
31 98 54
31 91 133
31 162 95
32 66 46
32 127 113
32 93 28
32 63 51
34 153 28
34 82 69
34 92 44
34 175 15
35 145 107
35 49 89
35 52 11
35 47 59
36 116 140
36 166 134
37 193 134
37 95 39
38 102 142
39 64 16
39 58 44
39 78 70
40 129 119
41 106 52
42 74 84
42 115 34
42 44 135
42 82 49
42 198 127
43 122 10
43 62 143
43 126 12
45 128 116
45 129 47
45 152 148
45 172 45
45 73 112
46 116 81
47 68 51
48 158 35
50 138 129
50 182 100
51 170 126
51 132 80
52 178 144
52 179 134
52 173 29
52 54 45
53 171 60
53 108 75
53 54 85
54 121 152
54 143 106
55 59 90
55 174 89
56 150 88
56 151 27
58 78 151
59 174 12
61 66 70
62 93 104
64 105 39
65 81 15
65 98 28
65 141 41
65 70 85
67 162 114
67 124 29
67 199 114
70 72 56
71 106 28
73 89 28
73 77 140
73 102 114
74 89 16
74 191 113
75 131 143
75 163 22
75 86 23
78 153 114
80 85 80
83 115 39
84 88 22
84 87 114
85 146 128
87 112 103
87 124 139
87 125 56
90 161 39
90 179 22
90 172 13
90 142 67
91 161 14
91 186 154
91 123 83
91 165 58
93 144 82
96 194 65
96 180 25
96 101 65
98 156 101
99 104 110
99 125 40
100 136 71
100 137 20
100 133 51
101 173 63
101 119 138
105 155 150
106 147 133
107 160 103
107 117 93
108 131 48
109 195 44
110 118 74
111 160 49
112 183 69
113 169 106
113 190 141
115 119 31
117 184 40
118 194 115
118 159 35
119 164 54
119 166 92
119 138 108
119 177 89
119 196 25
119 123 21
119 158 23
119 127 131
122 132 144
123 196 72
124 135 129
130 192 150
130 171 42
131 169 150
137 184 105
137 154 135
137 139 136
139 178 105
140 146 124
140 157 108
140 197 17
143 193 131
147 185 116
158 164 52
159 198 152
161 165 117
165 176 115
179 190 106
188 191 97
194 100002 1450
194 100004 1450
195 100002 1450
195 100004 1450
196 100000 1450
197 100000 1450
197 100001 1450
197 100003 1450
198 100000 1450
198 100003 1450
199 100002 1450
199 100003 1450
199 100004 1450
-2 0 1450
-2 3 1450
-5 1 1450
-5 3 1450
-5 4 1450
-4 0 1450
-4 5 1450
-3 1 1450
-3 4 1450
-3 5 1450
-1 0 1450
-1 1 1450
-1 4 1450
