0 5 122
0 6 45
0 8 42
0 9 14
0 10 125
0 12 48
0 13 74
0 14 127
0 17 115
0 18 66
0 150 118
0 23 151
0 31 32
0 32 66
0 36 146
0 167 115
0 40 31
0 42 38
0 174 104
0 58 85
0 59 142
0 60 111
0 75 46
0 81 44
0 95 90
0 146 121
0 110 123
0 114 21
0 116 47
1 97 23
1 66 28
1 5 126
1 198 85
1 167 79
1 60 97
1 43 113
1 28 149
1 30 97
2 5 88
2 6 92
2 7 34
2 8 101
2 9 154
2 138 52
2 11 38
2 140 65
2 14 123
2 15 106
2 16 69
2 18 31
2 21 18
2 22 47
2 26 29
2 36 117
2 166 109
2 44 37
2 49 147
2 53 149
2 63 151
2 77 61
2 80 38
2 83 72
2 94 40
2 98 66
2 100 80
2 101 14
2 104 70
2 136 44
2 124 26
3 5 52
3 6 28
3 7 111
3 137 148
3 10 98
3 11 18
3 13 65
3 19 139
3 20 107
3 152 31
3 31 150
3 34 27
3 164 122
3 165 39
3 199 143
3 48 16
3 57 151
3 59 58
3 71 37
3 141 152
3 105 17
3 113 16
4 42 95
4 193 57
4 66 48
4 35 141
4 68 31
4 5 152
4 6 88
4 7 75
4 8 148
4 10 126
4 11 32
4 45 26
4 46 75
4 144 136
4 19 129
4 21 109
4 55 70
4 38 105
4 74 97
5 130 90
5 134 41
5 135 103
5 8 111
5 9 66
5 10 50
5 11 107
5 12 130
5 13 119
5 15 139
5 18 54
5 20 31
5 21 128
5 22 130
5 24 112
5 28 101
5 33 63
5 6 32
5 7 108
5 44 64
5 47 131
5 180 88
5 59 25
5 60 91
5 64 90
5 65 148
5 67 10
5 73 44
5 74 89
5 80 72
5 87 100
5 89 32
5 98 47
5 103 43
5 115 152
5 119 91
5 123 52
5 127 99
6 32 62
6 128 27
6 38 142
6 7 111
6 10 40
6 43 31
6 13 132
6 53 126
6 21 58
6 54 109
6 151 103
6 153 149
6 29 39
6 95 78
7 128 116
7 16 42
7 195 83
7 8 141
7 9 127
7 144 29
7 81 152
7 85 105
7 41 119
7 152 105
7 25 54
7 26 78
7 91 25
8 9 94
8 11 93
8 141 74
8 14 31
8 15 112
8 16 11
8 17 67
8 18 99
8 19 144
8 46 71
8 23 108
8 24 131
8 25 21
8 26 24
8 29 111
8 160 78
8 33 93
8 36 42
8 39 78
8 40 73
8 169 106
8 43 12
8 117 132
8 174 107
8 47 73
8 49 20
8 51 101
8 181 95
8 183 96
8 57 109
8 59 71
8 188 100
8 62 38
8 63 37
8 161 36
8 86 91
8 185 144
8 89 37
8 152 18
8 101 42
8 102 121
8 147 22
8 190 50
8 119 116
8 153 75
8 191 109
9 128 24
9 135 135
9 136 80
9 140 97
9 14 46
9 15 76
9 16 91
9 17 120
9 148 16
9 151 151
9 26 30
9 29 148
9 163 124
9 39 67
9 171 68
9 173 54
9 47 95
9 53 153
9 55 78
9 194 24
9 196 92
9 12 36
9 183 30
9 78 70
9 79 45
9 81 139
9 83 50
9 85 151
9 88 150
9 90 52
9 91 92
9 97 50
9 100 56
9 102 154
9 107 75
9 109 13
9 110 12
9 116 124
9 120 106
9 124 116
9 126 88
10 130 109
10 12 33
10 13 30
10 14 135
10 19 121
10 24 118
10 157 39
10 158 37
10 32 118
10 33 72
10 34 98
10 164 112
10 167 89
10 42 144
10 44 105
10 45 126
10 46 115
10 175 112
10 48 93
10 55 70
10 191 138
10 161 90
10 73 67
10 183 63
10 141 147
10 86 79
10 89 135
10 102 135
10 105 106
10 106 149
10 107 107
10 109 53
10 112 87
10 114 129
11 65 107
11 37 75
11 166 47
11 71 54
11 80 16
11 44 89
11 103 90
11 12 143
11 189 96
11 176 118
11 49 89
11 51 49
11 20 104
11 117 147
11 22 72
11 24 150
11 25 88
11 86 115
11 29 64
11 104 148
11 127 134
12 32 11
12 34 74
12 35 97
12 36 18
12 38 127
12 173 96
12 142 47
12 48 13
12 17 25
12 50 154
12 84 103
12 21 66
12 88 104
12 68 49
12 90 95
12 155 127
13 164 18
13 70 112
13 19 88
13 20 89
13 22 90
13 87 95
13 56 40
13 57 71
13 28 53
14 161 78
14 100 19
14 15 102
14 47 127
14 138 52
14 75 12
14 140 99
14 31 144
14 175 121
14 17 150
14 62 77
14 88 144
14 155 92
14 158 115
14 95 78
15 35 12
15 42 116
15 52 69
15 25 119
15 120 88
15 84 95
15 26 140
15 29 150
16 194 135
16 101 111
16 38 68
16 76 141
16 77 58
16 45 21
16 18 123
16 83 113
16 25 99
16 23 135
16 153 55
16 121 54
16 179 149
16 27 141
16 92 19
16 31 64
17 32 138
17 128 47
17 34 35
17 100 151
17 37 69
17 102 80
17 169 73
17 173 150
17 145 27
17 50 109
17 147 27
17 23 106
17 31 20
18 33 144
18 98 57
18 131 73
18 132 30
18 39 22
18 169 109
18 170 37
18 55 137
18 76 10
18 78 122
18 195 97
18 94 146
18 23 127
18 36 54
18 27 124
18 92 127
18 30 15
18 95 34
19 152 55
19 20 154
19 149 105
19 24 28
19 27 134
19 156 44
19 30 83
19 159 79
19 37 38
19 45 126
19 46 37
19 180 14
19 54 97
19 184 146
19 52 144
19 189 59
19 64 58
19 194 136
19 67 15
19 69 60
19 72 25
19 78 60
19 90 89
19 113 94
19 115 80
20 137 91
20 22 134
20 154 13
20 27 72
20 28 120
20 30 98
20 161 141
20 34 25
20 35 45
20 37 125
20 166 110
20 41 51
20 178 90
20 57 15
20 61 75
20 66 12
20 74 90
20 162 36
20 93 26
20 165 60
20 96 29
20 104 130
20 110 36
20 121 49
20 125 92
21 123 23
21 28 95
21 53 100
21 63 96
22 64 24
22 192 77
22 35 31
22 41 73
22 138 18
22 43 76
22 110 151
22 179 14
22 84 30
22 56 93
22 154 102
23 33 76
23 132 84
23 69 19
23 97 99
23 40 147
23 43 82
23 109 151
23 157 44
24 129 98
24 107 44
24 68 132
24 37 65
24 165 148
24 65 53
24 73 45
24 113 23
24 71 27
24 174 102
24 111 35
24 80 132
24 49 38
24 51 147
24 149 29
24 150 89
24 87 30
24 58 101
24 63 58
24 60 49
24 53 64
25 198 98
25 168 62
25 112 134
25 51 64
25 52 115
25 27 87
25 92 150
26 39 134
26 199 69
26 172 150
26 79 96
26 118 107
26 55 72
26 143 56
27 96 45
27 194 43
27 70 77
27 76 119
27 82 82
27 52 10
27 152 51
27 188 105
27 30 117
28 56 14
28 175 68
28 79 25
29 99 118
29 134 77
29 168 68
29 41 13
29 177 145
29 50 145
29 72 152
29 155 38
30 96 138
30 66 124
30 171 112
30 108 85
30 112 10
30 82 128
31 75 155
31 101 129
32 160 62
32 129 117
32 91 13
32 132 33
32 38 96
32 199 152
32 104 117
32 137 78
32 75 47
32 114 50
32 82 125
32 107 115
32 148 138
32 88 86
32 196 23
32 59 144
32 124 34
32 100 102
33 80 122
33 132 111
33 165 75
33 39 152
33 40 21
33 138 151
33 139 139
33 172 152
33 77 139
33 143 49
33 48 32
33 180 121
33 181 120
33 56 47
33 154 26
33 79 78
33 157 112
33 190 25
34 160 98
34 162 63
34 82 120
34 175 42
34 50 53
34 121 82
34 90 45
34 189 112
35 41 37
35 42 138
35 142 153
35 61 144
35 84 23
35 118 46
35 89 90
35 186 68
35 170 94
35 52 101
36 195 85
36 134 59
36 77 113
36 49 89
36 150 107
36 62 141
37 106 24
37 74 83
37 115 61
37 58 115
38 48 153
38 148 74
38 47 104
39 40 50
39 141 36
39 78 57
39 81 48
39 146 63
39 46 151
39 185 114
40 122 102
40 147 102
40 141 71
40 198 122
40 174 110
41 99 53
41 197 103
41 70 70
41 72 101
41 170 96
41 45 113
41 142 40
41 50 22
41 54 147
41 184 154
41 61 46
41 101 46
42 73 118
42 107 16
42 118 95
42 183 152
42 184 81
42 122 109
43 97 147
43 182 82
43 44 120
43 145 91
43 181 134
43 86 80
43 153 68
43 61 65
43 62 32
44 192 101
44 67 114
44 138 63
44 51 62
44 181 103
44 182 102
44 56 115
44 125 103
45 99 98
45 70 76
45 72 16
45 73 35
45 54 33
45 184 143
46 64 23
46 156 98
46 180 64
47 91 20
47 83 123
47 179 90
48 68 131
48 70 94
48 105 111
48 139 104
48 108 67
48 77 154
48 190 61
49 66 52
49 62 103
49 150 145
50 163 62
50 54 56
51 96 144
51 65 84
51 68 133
51 168 96
51 171 94
51 176 71
51 145 63
51 116 36
51 85 28
51 121 50
51 58 48
51 125 111
51 190 27
51 117 12
52 64 36
52 98 88
52 74 59
52 84 52
52 153 147
52 57 58
52 188 89
52 61 114
53 128 117
53 135 42
53 169 81
53 71 115
53 144 74
53 146 62
53 148 77
53 149 95
53 87 88
53 123 92
53 151 80
53 189 50
53 63 121
54 163 89
55 89 148
55 130 126
56 192 67
56 67 91
56 175 126
56 58 90
56 79 135
56 125 119
56 190 122
57 198 28
57 199 77
57 82 94
57 85 54
57 87 33
57 93 152
58 160 147
58 131 143
58 197 38
58 106 107
58 75 112
58 112 78
58 145 141
58 116 36
58 121 91
58 60 12
58 159 62
59 165 52
59 109 68
59 86 99
59 88 110
59 185 51
59 188 43
59 93 62
59 94 84
59 127 24
60 72 67
60 65 136
60 99 103
60 133 86
60 111 94
61 184 34
61 120 74
61 170 13
62 182 27
63 136 131
63 123 131
63 187 107
64 67 86
64 156 121
64 69 72
64 103 139
65 98 66
65 133 73
65 166 10
65 130 116
65 111 82
65 119 104
65 69 140
66 147 102
66 69 122
66 103 20
66 112 84
66 115 138
66 94 149
66 92 120
66 158 111
67 120 70
67 173 133
67 134 43
68 193 37
68 162 46
68 164 42
68 71 34
68 105 36
68 139 94
68 113 10
68 127 112
69 119 44
69 78 125
69 103 64
70 108 142
71 127 15
72 168 51
72 99 152
72 155 23
72 134 138
72 111 44
73 133 97
73 137 55
73 76 74
73 177 135
73 149 18
73 118 72
73 122 27
73 123 23
74 96 29
74 163 22
74 150 15
74 166 67
75 160 32
75 116 129
75 110 39
76 118 86
76 95 16
77 105 151
77 139 102
77 108 21
78 81 155
78 124 19
78 126 152
79 192 100
79 136 34
79 171 152
79 172 124
79 109 128
80 157 116
81 193 127
82 129 36
82 114 147
82 132 97
82 196 47
83 97 140
83 92 74
84 90 143
84 131 19
84 85 66
84 143 48
85 91 20
85 194 46
85 131 20
85 199 18
87 93 47
88 124 132
88 155 46
88 148 64
88 179 136
88 93 80
89 144 149
89 122 132
89 102 131
91 179 101
92 94 37
95 146 53
95 167 89
96 108 11
96 182 64
98 104 41
98 106 129
98 170 78
99 168 108
99 177 121
99 111 131
100 161 152
100 196 132
100 137 82
100 172 90
100 120 137
100 157 112
100 159 57
101 136 99
102 122 37
102 147 75
103 158 83
104 106 28
104 114 118
105 113 35
105 139 48
105 133 116
105 117 124
106 126 59
107 144 124
107 149 60
107 183 79
109 163 93
109 126 111
109 191 14
110 126 35
111 130 130
111 133 27
111 146 11
111 119 33
112 129 147
112 115 17
112 196 132
112 135 125
113 162 133
113 195 84
113 178 101
113 117 110
113 187 130
113 191 128
115 129 77
115 186 43
115 151 40
115 135 46
116 131 138
116 159 118
117 169 16
117 191 89
118 177 77
118 142 32
118 143 131
120 192 102
120 162 60
120 151 101
120 173 30
120 178 145
121 145 13
121 197 140
121 125 127
123 143 66
124 186 34
124 140 11
124 142 80
125 154 40
127 164 26
128 156 38
131 197 36
133 154 105
136 187 17
136 158 29
138 140 65
140 185 57
140 180 97
141 174 82
142 176 76
142 186 50
144 193 76
144 171 114
146 167 151
147 156 10
152 185 106
152 195 40
153 176 24
157 189 110
157 159 93
158 172 66
160 176 56
160 197 68
161 178 32
161 187 31
162 178 45
168 177 59
171 193 111
172 181 25
176 186 56
178 187 116
181 182 117
185 188 103
185 198 150
194 100001 1450
195 100002 1450
195 100003 1450
195 100004 1450
196 100002 1450
196 100003 1450
196 100004 1450
197 100000 1450
197 100001 1450
198 100000 1450
198 100002 1450
198 100004 1450
199 100000 1450
199 100003 1450
-2 0 1450
-2 1 1450
-2 4 1450
-5 2 1450
-5 5 1450
-4 0 1450
-4 2 1450
-4 3 1450
-3 2 1450
-3 3 1450
-1 2 1450
-1 4 1450
-1 5 1450
