0 2 84
0 69 137
0 36 51
0 133 145
0 108 140
0 162 66
0 79 94
0 113 126
0 19 62
0 20 68
0 147 17
0 23 89
0 88 135
0 84 74
0 26 107
0 120 126
0 5 99
1 2 33
1 3 29
1 4 49
1 72 122
1 168 87
1 82 28
1 125 86
2 3 99
2 132 154
2 5 128
2 8 82
2 9 49
2 138 124
2 11 147
2 14 90
2 15 35
2 18 29
2 20 36
2 21 115
2 24 24
2 25 107
2 29 40
2 33 76
2 34 73
2 163 15
2 170 53
2 44 150
2 45 49
2 46 121
2 51 12
2 59 41
2 60 90
2 61 16
2 64 121
2 193 22
2 80 149
2 142 117
2 88 146
2 97 121
2 98 112
2 99 74
2 100 113
2 104 38
2 108 74
3 4 87
3 6 131
3 7 31
3 8 82
3 13 69
3 16 121
3 17 118
3 146 95
3 23 144
3 156 155
3 160 103
3 33 57
3 163 135
3 164 46
3 165 96
3 166 33
3 42 136
3 49 99
3 52 87
3 55 69
3 56 97
3 188 68
3 66 91
3 197 46
3 161 113
3 184 15
3 82 29
3 89 47
3 114 54
3 120 47
3 121 25
4 130 76
4 35 23
4 12 25
4 50 67
4 30 113
4 22 41
4 125 147
4 126 92
5 194 145
5 6 143
5 38 141
5 39 137
5 110 43
5 144 127
6 96 154
6 48 54
6 102 154
6 7 15
6 106 140
6 192 127
6 78 53
6 111 121
6 144 76
6 17 121
6 179 68
6 142 138
6 118 149
6 55 122
6 26 10
6 59 144
6 149 106
6 58 27
6 159 19
7 49 31
7 10 114
7 21 60
8 65 120
8 34 82
8 133 142
8 39 94
8 9 36
8 10 98
8 11 110
8 19 149
8 93 27
9 87 96
10 65 124
11 64 71
11 72 87
11 44 62
11 74 38
11 75 37
11 12 79
11 13 43
11 14 56
11 175 116
11 16 43
11 50 94
11 115 142
11 22 104
11 87 57
11 25 75
11 58 48
11 27 29
11 61 27
11 126 36
11 31 129
12 84 49
12 76 90
12 140 18
12 57 58
12 15 66
13 162 110
13 35 116
13 139 90
13 194 42
13 46 144
13 178 69
14 100 142
16 38 111
16 41 22
16 43 153
16 18 20
16 85 58
16 124 152
16 62 64
16 31 40
17 70 80
17 137 92
17 110 100
17 119 139
17 152 151
17 158 61
17 63 84
18 41 78
18 91 43
18 45 37
18 62 81
18 141 31
20 98 12
20 196 127
21 73 66
21 28 35
21 70 140
22 27 127
22 29 137
22 63 148
23 32 151
23 97 123
23 129 49
23 40 22
23 105 101
23 107 131
23 109 80
23 54 127
23 57 34
23 24 132
23 153 75
23 91 45
23 159 98
24 56 76
24 36 30
25 67 77
25 92 117
26 28 88
26 37 40
27 105 28
27 116 31
28 80 99
28 76 21
29 160 124
29 166 55
29 40 96
29 53 47
29 183 37
29 90 118
29 30 48
30 32 14
30 154 20
30 123 105
30 92 139
30 175 150
32 101 18
32 134 21
32 77 59
32 179 51
32 54 15
32 190 20
32 37 48
33 167 57
33 169 105
33 42 136
33 154 129
33 122 122
33 189 150
34 74 65
34 53 18
35 89 33
35 47 54
36 176 90
36 145 81
36 52 72
36 60 75
38 192 59
38 90 114
38 43 155
38 124 106
38 47 140
39 48 121
39 198 132
41 171 39
41 182 23
42 68 70
42 71 102
42 136 35
42 79 89
42 81 123
42 114 60
42 51 143
42 117 74
42 122 115
42 95 13
42 127 82
43 164 110
44 67 42
44 86 33
44 183 141
45 193 139
46 66 99
47 86 67
48 167 42
48 106 45
48 78 118
48 112 69
48 83 24
48 94 86
49 73 122
49 148 142
50 137 61
50 68 34
50 182 132
50 116 41
51 130 42
51 172 64
51 186 49
52 128 148
54 128 108
54 77 109
55 99 63
55 107 83
55 143 105
55 121 56
55 123 67
55 95 147
57 155 59
57 140 14
57 191 140
58 132 147
60 176 60
60 118 57
61 71 19
61 138 128
61 75 47
61 111 75
61 170 91
61 157 58
62 85 58
62 101 93
63 94 37
63 135 123
65 115 142
65 103 92
66 104 119
66 113 142
66 181 68
66 153 110
67 69 49
68 139 18
68 148 41
68 141 46
70 129 140
70 171 14
70 174 133
71 180 123
71 131 121
71 196 69
72 81 26
72 117 11
73 150 96
76 177 54
78 83 120
78 102 51
79 199 27
81 96 86
81 136 78
81 198 130
82 168 102
85 143 50
86 93 29
87 173 139
88 109 145
90 134 54
100 103 62
103 145 30
103 173 57
104 131 116
110 112 95
111 165 131
111 157 69
112 135 142
113 181 129
113 127 63
114 119 36
117 150 64
118 152 46
120 149 57
121 151 45
125 185 96
129 147 77
129 174 64
130 146 121
131 197 26
131 199 65
134 190 21
137 177 101
138 158 97
144 185 60
144 156 135
144 189 27
145 184 36
147 151 35
148 161 92
149 155 69
149 172 146
151 187 20
154 186 147
155 191 54
158 187 35
164 178 61
167 169 81
167 195 151
169 195 136
175 180 59
186 188 103
194 100002 1450
195 100003 1450
196 100000 1450
196 100002 1450
197 100000 1450
197 100002 1450
197 100003 1450
197 100004 1450
198 100000 1450
198 100001 1450
198 100003 1450
198 100004 1450
199 100001 1450
-2 1 1450
-2 5 1450
-5 0 1450
-5 1 1450
-5 3 1450
-4 0 1450
-4 1 1450
-4 4 1450
-3 0 1450
-3 1 1450
-3 5 1450
-1 2 1450
-1 4 1450
-1 5 1450
