0 2 152
0 3 20
0 4 20
0 6 10
0 7 84
0 9 139
0 11 129
0 12 100
0 13 15
0 46 62
0 15 17
0 48 105
0 49 144
0 18 93
0 19 63
0 21 14
0 27 129
0 44 75
0 31 48
1 2 77
1 3 51
1 5 80
1 38 14
1 8 72
1 12 17
1 34 53
1 14 16
1 15 52
1 24 84
1 29 134
2 4 12
2 5 148
2 43 88
2 48 110
2 19 105
2 23 142
3 32 115
3 38 140
3 8 78
3 41 85
3 10 38
3 13 50
3 16 81
3 49 24
3 40 110
3 25 77
3 26 72
4 9 92
4 27 65
4 21 89
4 6 141
4 7 75
5 20 35
5 23 78
6 41 63
6 10 138
6 11 125
6 22 42
6 17 39
8 33 126
8 34 133
8 35 85
8 42 37
8 45 106
8 14 154
8 16 152
8 17 96
8 24 85
8 30 88
11 32 71
11 40 120
11 20 125
11 22 134
11 47 41
12 31 82
13 28 35
13 36 134
13 39 93
14 28 84
16 18 32
16 26 82
16 30 82
18 25 20
18 44 100
18 37 101
18 29 79
23 43 68
26 37 15
27 36 71
30 33 25
30 35 105
30 39 101
32 47 124
33 45 111
34 42 40
43 46 95
44 100001 1450
45 100000 1450
45 100002 1450
45 100003 1450
46 100001 1450
46 100002 1450
46 100003 1450
46 100004 1450
47 100003 1450
48 100002 1450
48 100004 1450
49 100000 1450
49 100001 1450
-2 0 1450
-2 4 1450
-5 0 1450
-5 3 1450
-4 0 1450
-4 4 1450
-3 0 1450
-3 2 1450
-3 5 1450
-1 2 1450
-1 3 1450
-1 4 1450
