0 2 98
0 3 119
0 5 112
0 7 23
0 40 126
0 9 17
0 12 74
0 45 127
0 46 51
0 44 23
0 49 113
0 37 88
0 14 32
0 29 85
0 30 53
0 21 56
1 2 11
1 35 112
1 4 118
1 6 39
1 7 81
1 11 92
1 34 126
1 13 78
1 17 125
1 18 154
1 27 76
1 30 13
1 31 128
2 34 98
2 3 97
2 4 96
2 5 86
2 38 106
2 8 26
2 9 149
2 44 106
2 35 149
3 33 135
3 10 70
3 18 13
3 13 144
3 47 20
5 36 59
5 37 113
5 6 30
5 10 57
5 20 90
5 23 64
5 26 154
6 8 104
6 20 144
6 22 149
6 46 86
6 15 34
7 40 74
7 19 78
7 14 144
8 48 29
8 22 70
8 15 91
9 16 128
9 11 141
9 39 93
10 32 55
10 12 70
11 28 87
12 32 37
12 16 26
12 42 83
12 21 128
12 25 85
13 41 35
13 27 98
14 39 103
15 19 53
15 23 119
16 17 63
16 42 41
16 28 108
17 31 82
18 24 50
18 33 35
19 49 70
19 36 24
21 24 18
21 26 109
21 38 149
22 41 49
23 25 154
25 43 48
25 29 151
26 43 42
33 47 58
39 45 116
44 100000 1450
44 100001 1450
44 100003 1450
44 100004 1450
45 100001 1450
46 100002 1450
47 48 14
47 100000 1450
47 100004 1450
48 100002 1450
49 100001 1450
49 100002 1450
49 100003 1450
49 100004 1450
-2 1 1450
-2 3 1450
-5 1 1450
-5 2 1450
-4 0 1450
-4 3 1450
-4 5 1450
-3 1 1450
-3 2 1450
-3 4 1450
-1 0 1450
-1 2 1450
-1 3 1450
