0 5 149
0 6 38
0 39 24
0 8 27
0 9 123
0 10 117
0 43 28
0 12 139
0 47 134
0 16 146
0 17 40
0 18 126
0 25 27
0 26 104
0 42 96
0 30 80
0 31 17
1 36 67
1 5 154
1 8 93
1 9 46
1 10 40
1 13 121
1 14 107
1 45 58
1 16 12
1 19 144
1 20 10
1 46 112
1 47 151
2 33 91
2 35 153
2 5 33
2 6 69
2 7 31
2 8 49
2 42 49
2 11 81
2 13 25
2 14 143
2 29 125
2 48 33
2 43 145
2 19 129
2 25 100
2 49 110
2 10 121
2 16 109
3 5 75
3 6 37
3 39 50
3 40 127
3 42 116
3 7 138
3 12 75
3 45 78
3 15 14
3 21 34
3 23 146
3 26 60
3 27 46
3 31 153
4 5 139
4 6 56
4 7 108
4 8 52
4 13 88
4 15 91
4 27 40
4 37 139
5 32 71
5 33 54
5 34 36
5 38 99
5 6 25
5 7 100
5 8 36
5 9 146
5 10 56
5 11 88
5 12 27
5 13 136
5 16 104
5 17 13
5 20 36
5 21 89
5 41 126
5 27 58
5 31 126
6 33 74
6 49 14
6 7 75
6 9 135
6 12 69
6 17 31
6 24 109
6 29 150
7 37 150
8 32 104
8 34 107
8 36 152
8 37 152
8 38 18
8 40 11
8 9 38
8 11 143
8 44 30
8 13 136
8 14 18
8 15 143
8 49 123
8 18 80
8 19 22
8 20 72
8 22 22
8 26 52
8 27 18
9 32 38
9 38 146
9 41 15
9 10 75
9 11 151
9 14 40
9 17 20
9 18 146
9 22 22
9 23 133
9 24 36
9 26 37
10 36 50
10 11 64
10 12 142
10 14 152
10 15 104
10 16 97
10 22 53
10 23 54
10 27 41
10 28 82
11 36 147
11 41 109
11 45 33
11 47 85
11 18 115
11 23 115
11 31 32
12 35 16
12 40 99
12 15 14
12 17 106
12 20 37
12 25 10
12 29 130
12 30 121
13 20 13
13 37 68
14 19 116
14 46 60
15 35 25
15 36 68
15 37 47
15 21 118
15 22 126
15 25 46
16 33 149
16 35 20
16 42 93
16 48 118
16 24 109
16 26 57
16 30 78
17 34 24
17 39 46
17 40 118
17 43 100
17 46 34
17 21 10
17 24 31
17 25 130
17 28 112
18 32 58
18 28 52
18 31 32
18 44 150
18 23 38
19 24 134
19 21 134
19 22 150
19 29 131
23 32 52
23 28 24
23 44 50
24 48 18
24 34 78
24 28 123
24 30 51
25 35 103
25 47 139
26 44 37
26 29 58
26 30 116
26 39 19
27 34 129
27 38 99
30 48 121
31 41 89
31 45 130
32 49 18
32 44 143
33 38 25
34 40 42
34 43 33
34 46 82
34 39 40
35 47 70
36 41 124
36 43 42
40 48 56
40 42 87
41 45 131
43 46 104
44 100000 1450
44 100002 1450
44 100003 1450
45 100002 1450
45 100003 1450
46 100000 1450
46 100004 1450
47 100001 1450
47 100004 1450
48 100000 1450
48 49 113
49 100001 1450
49 100002 1450
49 100004 1450
-2 0 1450
-2 4 1450
-5 0 1450
-5 1 1450
-5 2 1450
-4 1 1450
-4 2 1450
-4 3 1450
-3 0 1450
-3 2 1450
-3 5 1450
-1 0 1450
-1 4 1450
-1 5 1450
