0 131 95
0 10 84
0 11 122
0 12 43
0 13 73
0 15 69
0 17 146
0 18 53
0 19 69
0 148 62
0 21 39
0 22 74
0 24 134
0 28 59
0 29 114
0 32 20
0 33 150
0 34 37
0 35 69
0 36 111
0 39 24
0 40 59
0 43 103
0 45 46
0 46 26
0 175 53
0 49 64
0 50 47
0 51 15
0 52 66
0 53 129
0 54 88
0 56 75
0 58 139
0 59 83
0 61 40
0 62 111
0 64 19
0 65 80
0 67 83
0 197 140
0 198 76
0 71 28
0 75 122
0 78 70
0 80 17
0 82 55
0 84 85
0 86 66
0 90 72
0 143 98
0 92 57
0 93 121
0 96 70
0 101 151
0 161 147
0 107 57
0 111 40
0 112 41
0 114 122
0 117 76
0 189 83
0 123 65
0 127 140
1 10 146
1 11 39
1 12 38
1 13 49
1 14 106
1 15 37
1 147 52
1 20 37
1 23 122
1 157 89
1 32 127
1 162 80
1 37 42
1 175 46
1 50 75
1 183 76
1 60 120
1 61 124
1 68 130
1 197 141
1 70 104
1 77 136
1 79 153
1 189 25
1 114 84
2 128 42
2 130 140
2 131 47
2 134 146
2 135 131
2 10 58
2 11 151
2 141 87
2 15 11
2 16 48
2 145 86
2 18 112
2 19 59
2 24 77
2 25 21
2 26 75
2 29 134
2 158 45
2 159 59
2 32 135
2 161 18
2 36 49
2 37 86
2 41 65
2 170 140
2 173 69
2 178 20
2 51 48
2 183 90
2 57 59
2 65 14
2 195 15
2 74 119
2 77 92
2 98 76
2 105 25
2 106 139
2 107 81
2 113 70
2 115 42
3 135 108
3 10 46
3 11 31
3 12 45
3 13 138
3 14 127
3 15 18
3 16 17
3 22 155
3 23 51
3 155 92
3 28 22
3 29 57
3 30 77
3 31 49
3 27 78
3 36 92
3 38 16
3 39 53
3 41 119
3 43 93
3 45 94
3 47 54
3 48 149
3 177 32
3 181 72
3 138 24
3 64 106
3 194 33
3 68 138
3 71 46
3 77 99
3 141 25
3 80 54
3 81 122
3 142 96
3 86 19
3 89 135
3 143 96
3 95 82
3 106 73
3 61 76
3 113 111
3 189 133
3 122 28
4 10 121
4 12 18
4 13 80
4 16 31
4 18 132
4 20 27
4 21 26
4 155 57
4 34 62
4 36 101
4 43 146
4 46 12
4 48 32
4 50 71
4 183 14
4 190 127
4 71 17
4 140 59
4 78 145
4 86 20
4 97 79
4 107 109
4 110 97
4 113 58
4 122 22
5 10 108
5 11 66
5 12 36
5 13 48
5 14 126
5 16 93
5 17 108
5 18 126
5 19 59
5 22 140
5 23 115
5 154 46
5 27 55
5 28 85
5 30 155
5 159 18
5 32 13
5 172 33
5 49 51
5 50 130
5 53 145
5 56 84
5 58 41
5 60 91
5 63 67
5 66 112
5 72 76
5 184 146
5 85 24
5 94 38
5 101 42
5 112 58
5 123 61
6 68 48
6 10 29
6 11 67
6 12 50
6 13 11
6 14 133
6 16 13
6 17 25
6 20 16
6 21 66
6 22 111
6 25 54
6 26 148
6 27 115
6 156 20
6 160 21
6 35 74
6 39 59
6 170 57
6 43 149
6 173 38
6 47 30
6 49 27
6 50 22
6 155 100
6 55 98
6 184 37
6 57 121
6 58 136
6 62 85
6 196 155
6 69 86
6 84 133
6 92 89
6 97 97
6 98 139
6 108 20
6 116 138
6 190 69
6 118 91
6 124 134
7 51 61
7 98 27
7 10 74
7 11 117
7 172 128
7 14 134
7 115 39
7 182 117
7 57 43
7 83 121
7 89 155
7 188 53
8 134 149
8 10 87
8 11 10
8 12 110
8 13 148
8 14 102
8 15 37
8 17 104
8 18 87
8 19 50
8 148 24
8 21 125
8 22 114
8 24 84
8 26 154
8 28 25
8 29 95
8 158 45
8 31 131
8 33 117
8 34 54
8 163 138
8 37 95
8 166 132
8 41 143
8 44 38
8 45 42
8 46 14
8 182 41
8 184 30
8 185 125
8 87 12
8 60 152
8 65 61
8 67 23
8 69 53
8 74 64
8 75 116
8 80 116
8 85 50
8 57 11
8 88 84
8 90 10
8 154 10
8 117 35
8 127 92
9 16 107
9 67 58
9 10 77
9 11 137
9 12 50
9 48 45
9 24 152
9 146 150
9 19 67
9 149 138
9 120 47
9 27 40
9 74 117
10 128 72
10 131 120
10 132 87
10 133 33
10 134 142
10 136 125
10 137 58
10 138 128
10 11 50
10 12 106
10 13 11
10 14 11
10 15 48
10 16 53
10 17 131
10 18 60
10 19 55
10 20 16
10 21 62
10 23 132
10 24 120
10 25 124
10 26 33
10 27 41
10 29 126
10 30 125
10 159 105
10 32 80
10 33 130
10 34 124
10 35 46
10 38 11
10 39 54
10 40 59
10 41 118
10 42 45
10 176 102
10 45 99
10 46 82
10 47 97
10 48 84
10 178 89
10 179 121
10 158 16
10 55 114
10 56 10
10 57 69
10 59 55
10 151 31
10 61 46
10 181 93
10 64 85
10 65 107
10 67 145
10 147 32
10 70 76
10 72 110
10 73 83
10 75 84
10 76 95
10 162 59
10 80 43
10 81 109
10 82 153
10 139 69
10 88 140
10 90 146
10 167 81
10 96 67
10 97 139
10 100 122
10 166 98
10 144 77
10 107 151
10 183 31
10 168 77
10 114 124
10 115 52
10 119 137
10 121 108
10 123 17
10 124 90
10 170 25
11 131 134
11 132 18
11 134 128
11 136 90
11 12 48
11 13 46
11 14 154
11 15 116
11 16 133
11 17 39
11 18 101
11 19 84
11 20 55
11 21 132
11 150 11
11 23 121
11 24 50
11 25 90
11 26 18
11 27 147
11 28 36
11 29 99
11 30 120
11 31 30
11 32 142
11 33 135
11 35 51
11 164 118
11 37 112
11 38 88
11 39 10
11 40 150
11 156 123
11 42 41
11 199 20
11 44 14
11 48 23
11 51 70
11 53 70
11 54 106
11 56 132
11 57 93
11 58 45
11 159 91
11 61 26
11 62 49
11 63 16
11 65 34
11 194 74
11 67 23
11 147 12
11 69 114
11 70 140
11 71 29
11 72 128
11 73 17
11 160 102
11 76 31
11 78 113
11 82 118
11 83 77
11 84 31
11 87 88
11 88 94
11 90 108
11 92 69
11 186 141
11 96 39
11 144 93
11 101 105
11 103 61
11 161 153
11 106 139
11 107 153
11 109 147
11 189 62
11 112 84
11 163 101
11 140 38
11 115 122
11 117 53
11 153 142
11 122 47
11 123 112
11 127 90
12 132 120
12 134 153
12 151 116
12 109 23
12 13 22
12 14 100
12 15 30
12 17 98
12 146 90
12 19 149
12 20 98
12 21 126
12 22 149
12 23 91
12 152 148
12 25 134
12 154 124
12 47 58
12 28 92
12 30 38
12 33 51
12 35 73
12 36 100
12 37 133
12 166 23
12 39 31
12 40 81
12 41 50
12 46 113
12 175 103
12 49 91
12 178 123
12 54 152
12 56 100
12 58 91
12 192 64
12 69 64
12 71 130
12 72 146
12 73 87
12 75 82
12 76 31
12 79 128
12 184 136
12 156 124
12 83 55
12 91 122
12 93 53
12 182 15
12 103 136
12 18 80
12 110 152
12 114 146
12 148 29
12 126 106
12 149 149
13 47 111
13 14 33
13 15 128
13 16 145
13 17 15
13 18 138
13 147 16
13 20 41
13 21 15
13 22 16
13 152 64
13 25 79
13 27 62
13 28 120
13 30 90
13 31 71
13 32 59
13 33 103
13 34 41
13 163 73
13 164 49
13 38 105
13 40 70
13 41 102
13 43 76
13 44 119
13 46 124
13 175 43
13 50 83
13 179 28
13 180 11
13 54 89
13 63 140
13 160 107
13 67 129
13 69 88
13 198 62
13 77 31
13 109 41
13 84 27
13 85 135
13 87 61
13 95 119
13 96 120
13 144 38
13 98 44
13 101 146
13 108 24
13 146 84
13 168 143
13 117 18
13 191 93
14 129 136
14 133 151
14 137 47
14 143 22
14 16 125
14 146 21
14 19 134
14 20 33
14 150 63
14 23 23
14 26 66
14 27 53
14 28 62
14 159 26
14 160 65
14 161 104
14 35 99
14 164 132
14 38 21
14 167 52
14 41 89
14 170 61
14 172 68
14 45 58
14 174 153
14 99 127
14 180 66
14 31 27
14 62 100
14 63 144
14 193 80
14 66 114
14 68 138
14 72 57
14 73 69
14 156 127
14 83 126
14 85 83
14 87 137
14 88 126
14 89 53
14 59 139
14 100 112
14 166 26
14 82 91
14 110 90
14 114 80
14 115 103
14 116 19
14 191 85
14 125 15
15 129 33
15 137 35
15 17 78
15 18 84
15 20 58
15 22 86
15 23 89
15 24 11
15 153 104
15 26 150
15 29 151
15 30 42
15 31 21
15 34 30
15 35 95
15 39 57
15 40 26
15 45 24
15 50 140
15 179 151
15 52 111
15 53 20
15 54 133
15 186 51
15 60 16
15 190 154
15 193 74
15 198 10
15 71 110
15 72 63
15 74 140
15 91 20
15 93 35
15 104 46
15 188 21
15 106 96
15 114 92
15 118 17
15 148 155
15 122 51
16 134 12
16 17 58
16 23 86
16 24 129
16 156 37
16 30 149
16 32 142
16 33 135
16 37 154
16 38 35
16 41 103
16 44 148
16 48 55
16 52 40
16 61 96
16 64 143
16 75 32
16 78 150
16 84 121
16 89 38
16 96 109
16 101 102
16 104 29
16 110 134
16 118 33
16 120 49
17 128 111
17 135 121
17 136 108
17 138 107
17 142 13
17 19 60
17 21 121
17 25 125
17 28 32
17 157 68
17 30 141
17 160 65
17 33 63
17 35 80
17 36 144
17 38 74
17 39 33
17 168 10
17 42 116
17 44 80
17 45 154
17 29 10
17 48 59
17 49 114
17 56 134
17 185 155
17 59 84
17 60 138
17 190 150
17 63 19
17 66 62
17 72 62
17 83 80
17 89 117
17 90 49
17 102 68
17 188 97
17 147 65
17 118 79
17 105 136
17 123 122
17 124 62
18 137 140
18 23 48
18 140 138
18 141 77
18 21 42
18 22 13
18 151 46
18 24 28
18 25 16
18 27 103
18 28 125
18 31 153
18 36 118
18 168 147
18 174 59
18 49 149
18 52 80
18 195 24
18 164 120
18 96 118
18 100 150
18 112 53
19 25 137
19 26 56
19 33 124
19 162 27
19 35 104
19 42 41
19 71 51
19 174 148
19 175 15
19 182 38
19 186 135
19 64 134
19 54 42
19 199 121
19 76 120
19 80 151
19 163 94
19 85 135
19 86 122
19 87 127
19 89 10
19 94 118
19 99 91
19 103 28
19 110 144
19 114 81
19 119 23
19 122 44
20 97 46
20 70 47
20 136 153
20 169 154
20 138 107
20 171 78
20 82 130
20 109 99
20 50 145
20 149 11
20 22 27
20 57 147
20 186 39
20 42 103
20 31 139
21 132 45
21 134 53
21 142 76
21 145 24
21 151 102
21 26 28
21 30 126
21 69 25
21 34 58
21 35 62
21 37 69
21 43 34
21 49 29
21 51 43
21 52 68
21 185 55
21 60 91
21 197 100
21 79 33
21 92 141
21 98 93
21 99 56
21 121 76
22 46 142
22 24 43
22 26 96
22 29 38
22 31 142
22 34 147
22 164 151
22 165 122
22 42 144
22 43 88
22 174 64
22 51 90
22 52 40
22 94 28
22 55 16
22 56 65
22 185 93
22 58 23
22 189 79
22 192 113
22 66 99
22 68 145
22 197 111
22 198 89
22 71 44
22 78 69
22 79 107
22 184 86
22 199 146
22 97 134
22 102 118
22 81 83
22 103 72
22 111 52
22 112 18
23 65 69
23 163 51
23 133 120
23 135 67
23 40 66
23 42 113
23 43 94
23 44 70
23 145 123
23 195 140
23 86 62
23 88 68
23 153 27
23 186 88
23 27 152
23 124 114
23 126 100
23 63 147
24 130 29
24 137 151
24 25 125
24 154 48
24 33 38
24 38 108
24 176 103
24 179 57
24 56 42
24 59 10
24 189 134
24 191 150
24 193 52
24 68 28
24 86 114
24 90 83
24 93 88
24 94 116
24 96 79
24 104 46
24 109 136
24 117 132
24 125 84
25 82 70
25 34 62
25 36 47
25 130 56
25 199 120
25 40 145
25 42 136
25 139 16
25 66 11
25 78 104
25 48 152
25 178 137
25 51 141
25 84 85
25 149 120
25 54 92
25 184 35
25 83 43
25 60 136
25 29 134
26 128 35
26 32 48
26 87 33
26 171 114
26 45 19
26 109 151
26 80 33
26 145 43
26 180 106
26 53 84
26 151 10
26 57 112
26 154 93
26 119 11
26 92 93
26 157 10
26 158 147
27 100 33
27 167 107
27 136 25
27 138 66
27 175 138
27 120 70
27 74 118
27 126 140
28 32 86
28 163 28
28 113 142
28 109 68
28 189 83
28 49 118
28 58 72
28 118 115
28 154 92
28 187 97
28 157 89
28 126 65
29 193 81
29 123 99
29 148 38
30 37 117
30 38 94
30 103 35
30 40 27
30 85 127
30 58 20
30 190 109
31 41 82
31 42 89
31 50 99
31 51 43
31 54 134
31 169 52
31 61 89
31 159 97
32 171 50
32 141 61
32 150 25
32 34 152
32 36 71
32 37 40
32 40 66
32 41 44
32 43 148
32 44 56
32 46 32
32 181 32
32 185 124
32 189 101
32 62 110
32 64 66
32 195 34
32 71 33
32 80 46
32 57 56
32 94 97
32 95 155
32 104 141
32 113 144
33 130 144
33 135 52
33 140 141
33 142 57
33 143 41
33 157 27
33 69 111
33 36 70
33 38 138
33 39 148
33 44 136
33 176 24
33 53 37
33 193 150
33 197 24
33 70 146
33 199 72
33 74 133
33 79 127
33 91 151
33 97 98
33 108 120
33 110 19
33 115 12
33 119 129
33 120 88
34 128 42
34 156 40
34 157 129
34 161 81
34 162 34
34 166 31
34 39 95
34 44 51
34 47 105
34 49 130
34 51 139
34 52 14
34 55 41
34 180 48
34 58 135
34 59 135
34 60 79
34 61 40
34 67 89
34 81 105
34 83 145
34 95 83
34 98 133
34 100 19
34 102 100
34 188 67
34 121 134
35 137 60
35 138 65
35 139 82
35 140 133
35 152 131
35 37 72
35 166 93
35 171 94
35 45 42
35 46 69
35 48 79
35 178 106
35 52 100
35 181 92
35 55 67
35 59 131
35 64 25
35 65 141
35 194 16
35 76 22
35 78 143
35 81 37
35 82 127
35 95 78
35 165 97
35 105 57
35 110 129
35 111 26
35 123 89
35 124 49
36 64 109
36 161 128
36 102 45
36 181 99
36 97 117
36 105 145
36 75 140
36 77 24
36 81 94
36 115 35
36 84 135
36 149 38
36 125 131
36 63 53
37 64 100
37 144 116
37 195 132
37 136 52
37 43 145
37 110 78
37 174 48
37 47 73
37 48 45
37 114 87
37 51 119
37 52 23
37 142 35
37 180 62
37 90 98
37 143 77
37 122 126
37 62 105
38 131 138
38 136 88
38 144 77
38 153 147
38 175 141
38 160 54
38 47 87
38 53 107
38 56 119
38 187 119
38 191 89
38 68 39
38 76 50
38 77 120
38 81 129
38 59 64
38 100 19
38 104 147
38 111 88
38 116 38
38 120 11
38 125 86
39 129 139
39 132 22
39 141 98
39 155 138
39 167 90
39 42 46
39 47 146
39 180 123
39 53 120
39 55 31
39 184 47
39 61 35
39 62 74
39 191 141
39 67 48
39 70 120
39 73 109
39 80 111
39 91 117
39 100 39
39 103 18
39 106 127
39 125 150
40 129 68
40 68 155
40 105 26
40 136 17
40 140 35
40 75 129
40 44 129
40 175 92
40 104 41
40 180 117
40 53 57
40 86 33
40 183 90
40 111 98
40 127 141
40 186 60
40 59 148
40 156 128
40 94 147
40 158 91
40 191 82
41 130 111
41 91 72
41 66 49
41 114 77
41 138 103
41 45 28
41 46 26
41 77 121
41 176 59
41 146 114
41 99 139
41 153 155
41 187 128
41 125 79
41 127 21
42 130 117
42 68 54
42 135 128
42 72 70
42 73 85
42 143 32
42 113 131
42 50 153
42 84 77
42 184 78
42 79 97
42 93 95
42 94 31
43 65 125
43 69 124
43 92 104
43 74 23
43 75 67
43 146 57
43 106 136
43 181 147
43 122 120
43 124 101
43 170 72
44 83 35
44 163 51
44 68 139
44 55 104
44 143 155
44 49 49
44 67 86
44 116 36
44 86 79
44 151 31
44 127 103
44 60 103
44 94 33
44 191 18
45 128 127
45 160 149
45 196 103
45 102 10
45 47 145
45 176 105
45 120 33
45 90 97
45 190 105
45 159 41
46 129 21
46 130 120
46 99 144
46 103 18
46 87 80
46 76 13
46 66 110
46 143 98
46 82 103
46 150 54
46 55 76
46 124 34
47 192 50
47 195 75
47 71 154
47 137 89
47 74 42
47 108 111
47 191 67
47 78 101
47 92 129
47 88 120
47 67 25
47 121 100
47 73 154
47 152 108
47 120 29
47 90 38
47 91 69
47 156 17
47 157 11
47 63 45
48 105 151
48 138 51
48 175 37
48 52 34
48 181 128
48 55 65
48 184 21
48 106 122
49 132 25
49 171 135
49 172 134
49 57 138
49 118 66
49 121 154
49 89 71
49 63 36
49 127 145
50 195 47
50 141 135
50 126 72
51 161 120
51 176 126
51 79 130
51 80 102
51 145 23
51 179 134
51 116 91
51 54 98
51 153 42
51 62 52
51 63 152
52 66 147
52 135 95
52 106 107
52 176 134
52 120 77
52 53 125
52 54 21
52 56 10
52 154 139
52 60 44
52 126 110
52 117 14
53 64 109
53 96 106
53 196 26
53 165 33
53 105 24
53 75 70
53 108 131
53 143 98
53 80 75
53 183 147
53 55 148
53 91 75
53 62 87
54 199 30
54 104 49
54 76 77
54 110 105
54 79 81
54 183 137
54 59 95
54 92 148
54 62 58
55 192 111
55 129 10
55 98 111
55 177 147
55 178 147
55 181 110
55 88 11
55 125 129
56 65 93
56 66 109
56 99 140
56 168 64
56 79 143
56 177 25
56 126 141
57 129 139
57 162 78
57 115 16
57 196 29
57 197 141
57 193 40
57 72 153
57 117 22
57 78 153
57 112 85
57 147 34
57 85 77
57 118 50
57 119 55
57 58 154
57 101 98
57 69 124
58 130 62
58 134 14
58 135 62
58 139 135
58 108 106
58 141 26
58 112 98
58 83 20
58 149 143
58 150 48
58 88 79
58 94 36
58 159 83
59 81 91
59 135 13
59 168 136
59 140 105
59 171 33
59 76 123
59 113 46
59 86 148
59 87 137
59 61 38
60 194 74
60 165 98
60 77 14
60 142 126
60 185 110
60 90 100
60 190 74
61 96 141
61 70 92
61 76 21
61 78 28
61 111 30
61 82 63
61 142 67
61 86 50
61 87 146
61 185 101
61 117 67
62 100 111
62 125 29
62 70 115
63 152 108
63 113 38
63 187 40
64 66 64
64 166 36
64 72 78
64 139 26
64 77 44
64 84 47
64 85 23
64 121 126
64 188 71
64 159 87
65 192 154
65 164 36
65 101 82
65 150 122
65 89 24
65 91 51
65 197 98
66 97 34
66 130 120
66 195 144
66 197 65
66 167 84
66 112 113
66 116 125
66 155 154
66 157 30
67 97 120
67 131 23
67 196 21
67 165 81
67 70 92
67 136 93
67 102 68
67 74 101
67 75 128
67 141 81
67 178 87
67 107 74
67 149 20
67 151 101
67 152 129
67 186 34
67 95 28
67 93 137
67 85 143
67 69 36
68 73 23
68 170 74
68 107 132
68 172 90
68 142 13
68 117 95
68 92 10
68 126 96
68 95 149
69 197 49
69 105 94
69 109 12
69 83 32
69 117 62
69 137 151
69 88 59
69 89 46
69 122 80
70 162 51
70 131 64
70 133 124
70 168 34
70 74 33
70 112 104
70 163 60
70 150 49
70 152 86
70 106 53
70 101 110
71 161 28
71 169 19
71 119 149
71 109 35
71 177 32
71 84 144
71 183 61
71 121 52
71 154 50
71 155 82
71 92 143
71 93 26
71 191 140
72 134 96
72 73 52
72 138 138
72 107 82
72 141 111
72 79 116
72 116 152
72 85 140
72 151 61
72 152 119
72 121 26
72 119 142
72 124 81
72 95 133
73 129 140
73 177 30
73 107 70
73 145 145
73 149 108
73 95 49
74 162 42
74 131 13
74 102 36
74 169 42
74 77 38
74 174 98
74 173 61
74 81 40
74 155 132
74 93 151
74 127 19
75 99 151
75 163 66
75 180 108
75 181 132
76 161 35
76 194 114
76 99 55
76 198 28
76 166 115
76 169 154
76 111 35
76 182 119
76 88 24
76 122 77
77 132 142
77 102 23
77 169 61
77 139 89
77 140 85
77 82 64
77 125 43
77 113 95
77 178 83
77 115 45
77 196 149
77 154 16
77 123 67
77 157 111
77 127 76
78 164 70
78 167 12
78 104 76
78 135 130
78 81 12
78 179 142
78 148 73
78 91 98
79 128 62
79 192 19
79 111 116
80 104 149
80 100 97
80 181 138
80 95 146
81 129 150
81 133 113
81 168 97
81 170 143
81 139 112
81 120 100
81 91 115
81 125 29
81 190 113
82 145 26
82 164 115
83 97 35
83 194 87
83 102 60
83 136 79
83 98 36
83 155 52
83 188 106
83 93 101
84 153 12
84 161 100
84 186 144
84 93 58
84 183 60
85 152 79
85 133 78
85 118 92
86 128 109
86 194 13
86 101 72
86 139 30
86 140 56
86 114 124
86 146 85
86 89 58
86 87 131
86 120 41
86 185 145
86 158 93
87 186 37
87 132 91
87 199 37
88 192 19
88 158 154
88 167 95
89 108 150
89 138 113
89 100 144
89 133 10
89 94 29
90 96 82
90 198 70
90 102 27
90 179 99
90 148 92
90 182 16
90 156 130
90 159 88
91 169 66
91 98 111
91 142 16
92 194 10
92 171 116
92 142 19
92 143 59
92 116 34
92 121 75
92 189 133
93 144 131
93 137 150
94 123 112
94 175 80
95 107 103
95 108 99
95 173 60
95 174 103
95 144 132
95 153 88
95 154 112
96 193 19
96 130 69
96 99 136
96 164 48
96 101 15
96 103 106
96 105 108
96 139 32
96 178 26
96 111 27
96 146 83
96 180 125
96 119 134
96 152 58
96 116 151
97 104 134
97 185 31
97 194 115
97 187 145
98 192 125
98 177 101
98 99 59
98 113 61
99 192 55
99 165 10
99 103 55
99 172 138
99 108 123
99 109 59
99 182 133
99 133 113
100 131 103
100 108 104
100 176 113
100 115 40
100 147 112
100 118 74
100 126 28
101 132 88
101 166 66
101 103 55
101 145 13
101 148 52
101 118 10
101 188 39
101 127 140
102 133 13
102 199 149
102 106 96
102 167 119
102 172 150
102 148 46
102 187 27
103 105 41
103 188 147
103 173 71
103 133 84
104 116 46
104 110 46
105 111 110
105 112 46
105 119 22
105 121 125
105 122 103
105 155 112
106 144 37
106 131 112
106 149 114
107 123 108
107 176 39
107 145 142
107 147 146
107 187 80
107 190 69
108 128 107
108 162 115
108 139 148
110 170 107
110 166 78
110 151 22
111 144 33
112 178 91
112 146 10
112 198 46
112 149 115
113 192 141
113 169 116
113 141 54
114 193 79
114 124 128
114 173 76
115 129 29
115 119 125
115 140 121
115 173 92
115 153 71
116 147 24
116 196 15
116 173 14
116 150 49
117 160 117
117 168 108
117 174 22
118 187 120
119 157 136
120 169 78
120 170 68
121 128 47
121 169 40
121 171 19
121 172 37
122 144 31
122 126 133
123 147 107
123 124 82
125 162 116
125 165 112
126 183 131
127 156 82
128 177 57
128 132 85
128 158 39
129 158 151
130 167 90
131 170 135
131 164 12
131 134 58
132 137 128
133 163 56
133 195 20
134 165 121
135 189 151
135 198 103
136 145 18
137 176 143
138 193 86
138 199 49
139 184 75
139 146 115
139 182 14
140 193 91
140 191 113
141 150 84
142 172 98
143 160 83
143 151 121
144 180 13
144 171 44
144 148 131
145 179 33
145 158 43
146 150 149
147 185 35
147 165 22
148 153 133
148 179 130
148 165 142
148 199 116
149 190 144
149 174 72
150 188 119
154 168 116
154 171 92
156 160 155
156 195 136
157 162 90
157 188 61
157 198 142
161 179 24
161 196 21
162 174 111
163 187 119
165 173 31
166 177 27
166 187 70
166 182 70
167 172 120
167 196 86
167 197 76
169 177 39
170 196 43
170 173 47
170 182 123
174 177 144
175 194 82
180 186 23
188 198 18
195 100001 1450
196 100000 1450
196 100002 1450
196 100004 1450
197 100001 1450
197 100002 1450
197 100003 1450
198 100000 1450
198 100001 1450
198 100003 1450
199 100000 1450
199 100002 1450
199 100004 1450
-2 1 1450
-2 2 1450
-2 5 1450
-5 0 1450
-5 3 1450
-5 4 1450
-4 0 1450
-4 2 1450
-3 2 1450
-3 3 1450
-1 0 1450
-1 3 1450
-1 4 1450
