0 32 146
0 65 124
0 35 141
0 37 44
0 73 55
0 10 73
0 11 30
0 12 125
0 13 119
0 47 22
0 77 41
0 17 12
0 83 10
0 21 146
0 23 54
0 88 128
0 15 109
0 93 66
0 95 70
1 10 104
1 11 134
1 12 52
1 13 98
1 14 23
1 17 56
1 20 126
1 21 154
1 22 13
1 23 130
1 27 100
1 33 26
1 34 67
1 35 151
1 39 138
1 40 88
1 41 89
1 43 151
1 44 58
1 47 19
1 52 65
1 61 29
1 64 147
1 65 24
1 66 32
1 74 13
1 79 78
1 80 32
1 81 18
1 83 59
1 84 57
1 85 43
1 87 93
1 89 114
1 90 38
1 99 130
2 10 68
2 11 77
2 12 139
2 13 43
2 14 84
2 15 41
2 16 49
2 17 90
2 19 34
2 22 75
2 24 89
2 25 121
2 27 111
2 31 80
2 32 42
2 34 68
2 35 45
2 37 64
2 39 41
2 45 124
2 46 50
2 48 40
2 49 88
2 52 83
2 54 122
2 56 29
2 60 122
2 63 119
2 64 95
2 65 13
2 66 32
2 67 27
2 70 133
2 72 81
2 76 39
2 81 48
2 91 97
2 94 90
2 95 144
2 97 110
2 99 55
3 10 76
3 11 67
3 12 61
3 13 36
3 14 66
3 17 18
3 18 98
3 19 48
3 20 123
3 21 37
3 24 31
3 27 97
3 29 124
3 31 26
3 32 68
3 33 10
3 36 69
3 40 38
3 45 53
3 48 67
3 50 84
3 53 139
3 57 30
3 60 133
3 61 76
3 62 53
3 67 52
3 70 95
3 71 33
3 81 12
3 82 104
3 85 129
3 86 40
3 87 121
3 92 40
3 93 142
3 94 79
3 96 69
3 97 81
3 98 43
4 10 137
4 11 104
4 12 78
4 13 64
4 15 51
4 16 127
4 17 153
4 18 91
4 19 64
4 22 45
4 23 62
4 26 50
4 27 22
4 30 38
4 31 110
4 34 10
4 39 107
4 44 14
4 46 97
4 59 93
4 69 42
4 76 101
4 78 29
4 80 139
4 84 129
4 93 133
5 10 151
5 13 93
5 14 65
5 16 77
5 17 27
5 18 62
5 19 111
5 20 50
5 22 114
5 24 55
5 25 30
5 26 95
5 28 146
5 29 71
5 37 117
5 38 153
5 40 102
5 41 65
5 46 140
5 48 128
5 53 60
5 55 91
5 61 68
5 63 27
5 64 44
5 86 22
5 94 148
5 96 87
6 43 85
6 36 109
6 72 11
6 10 88
6 11 102
6 76 128
6 45 85
6 14 78
6 15 80
6 16 68
6 50 27
6 24 132
6 68 113
6 28 84
6 62 79
6 63 118
7 10 53
7 11 149
7 12 41
7 13 62
7 18 120
7 19 50
7 21 111
7 31 155
7 33 116
7 34 13
7 35 61
7 36 15
7 40 73
7 41 113
7 44 151
7 52 152
7 54 129
7 55 15
7 59 57
7 62 155
7 68 39
7 83 82
7 89 85
8 10 71
8 11 34
8 12 30
8 14 20
8 17 108
8 18 104
8 19 73
8 21 69
8 22 88
8 23 124
8 28 43
8 30 125
8 31 10
8 32 50
8 34 84
8 35 120
8 36 75
8 38 31
8 39 111
8 41 51
8 42 98
8 43 32
8 51 113
8 54 144
8 56 10
8 57 70
8 62 10
8 64 109
8 73 33
8 77 102
8 79 61
8 80 79
8 81 122
8 86 105
8 94 25
8 95 139
9 10 50
9 11 108
9 12 20
9 15 89
9 16 14
9 21 92
9 25 128
9 30 104
9 33 142
9 36 136
9 41 155
9 43 87
9 46 52
9 47 40
9 49 113
9 54 44
9 57 21
9 59 76
9 62 87
9 64 58
9 69 139
9 74 50
9 75 141
9 76 30
9 78 96
9 79 66
9 80 85
9 87 155
9 93 16
9 95 101
9 98 37
10 11 150
10 12 133
10 13 63
10 14 22
10 15 41
10 16 11
10 17 22
10 18 49
10 19 147
10 20 110
10 21 81
10 22 100
10 24 96
10 25 82
10 26 140
10 28 125
10 29 142
10 30 107
10 32 43
10 36 138
10 38 118
10 39 89
10 40 51
10 41 99
10 42 38
10 43 107
10 45 142
10 46 47
10 49 51
10 53 142
10 55 23
10 56 138
10 58 122
10 59 143
10 69 41
10 70 34
10 71 146
10 76 132
10 78 40
10 84 62
10 89 23
10 91 85
10 92 63
10 96 149
10 99 106
11 12 97
11 14 139
11 15 94
11 16 149
11 17 131
11 18 132
11 19 125
11 20 145
11 22 41
11 23 140
11 25 92
11 27 106
11 29 83
11 30 24
11 31 100
11 32 12
11 33 127
11 40 84
11 45 55
11 47 102
11 50 12
11 56 140
11 64 86
11 65 47
11 66 105
11 68 138
11 69 41
11 70 128
11 71 34
11 73 81
11 75 62
11 77 75
11 83 56
11 86 54
11 88 103
11 90 80
11 93 84
11 95 141
12 13 14
12 14 139
12 15 82
12 16 81
12 17 56
12 18 137
12 20 51
12 22 36
12 24 97
12 25 106
12 26 77
12 28 145
12 30 127
12 32 99
12 33 118
12 34 13
12 35 57
12 37 136
12 43 29
12 44 154
12 49 109
12 54 138
12 65 12
12 66 60
12 70 107
12 74 129
12 77 22
12 80 129
12 81 90
12 82 96
12 83 118
12 85 43
12 86 84
12 98 25
13 14 43
13 15 135
13 16 97
13 18 27
13 20 24
13 21 75
13 23 134
13 26 112
13 27 13
13 28 115
13 29 133
13 31 28
13 37 66
13 38 127
13 40 130
13 45 65
13 50 18
13 57 68
13 59 77
13 68 32
13 73 85
13 91 30
13 94 142
13 99 100
14 20 84
14 22 145
14 25 127
14 26 150
14 27 12
14 31 57
14 33 124
14 35 153
14 37 80
14 38 139
14 42 149
14 45 121
14 51 68
14 56 128
14 67 115
14 68 25
14 69 111
14 74 10
14 77 34
14 82 74
14 87 106
14 92 151
15 23 29
15 24 96
15 25 119
15 27 102
15 35 87
15 36 46
15 57 52
15 58 131
15 62 47
15 64 129
15 65 145
15 68 33
15 69 82
15 72 124
15 73 142
15 77 38
15 78 30
15 79 77
15 89 17
15 90 105
15 91 126
15 93 44
16 68 85
16 97 145
16 35 94
16 36 121
16 39 65
16 45 93
16 78 107
16 49 72
16 19 35
16 23 21
16 24 131
16 25 69
16 59 102
17 97 146
17 66 148
17 86 66
17 70 148
17 56 108
17 19 13
17 52 36
17 21 42
17 22 31
17 87 134
17 24 43
17 26 46
17 60 22
17 29 91
17 85 85
18 33 52
18 67 87
18 36 105
18 37 45
18 72 116
18 73 64
18 48 91
18 92 125
18 50 106
18 21 56
18 58 107
18 95 81
18 60 142
18 29 70
18 62 99
18 53 14
19 33 37
19 40 64
19 42 71
19 87 103
19 76 82
19 48 56
19 51 148
19 20 11
19 55 124
19 57 13
19 92 93
20 32 72
20 41 125
20 23 44
20 38 123
20 71 137
21 65 137
21 73 90
21 87 113
21 47 12
21 85 39
21 54 89
21 23 95
21 26 54
21 27 15
21 60 134
21 93 116
21 30 40
21 31 21
22 32 116
22 34 81
22 75 152
22 44 113
22 66 23
22 46 87
22 49 149
22 84 10
22 24 152
22 89 86
22 26 88
22 91 88
22 29 152
23 34 35
23 35 151
23 73 20
23 82 130
23 50 115
23 83 36
23 53 58
23 88 60
23 29 62
24 33 114
24 82 31
24 58 81
24 63 20
25 32 37
25 66 43
25 26 132
25 59 100
25 28 130
25 29 73
25 30 44
25 63 54
26 28 47
27 64 45
27 34 36
27 39 56
27 72 144
27 44 28
27 85 135
27 56 97
27 94 136
28 53 74
29 48 42
29 41 131
29 91 152
30 31 61
30 59 91
30 44 99
30 47 77
31 65 109
31 34 124
31 38 68
31 44 139
31 55 90
31 76 33
31 41 90
32 66 72
32 38 137
32 71 63
32 73 62
32 42 48
32 46 88
32 50 23
32 54 36
32 88 119
33 66 98
33 37 105
33 70 140
33 40 56
33 60 117
33 74 55
33 45 57
33 50 111
33 51 10
33 92 130
33 61 116
34 98 117
34 75 84
34 36 77
34 39 73
34 41 123
34 42 35
34 43 23
34 44 49
34 81 147
34 51 73
34 52 118
34 56 152
34 84 146
34 58 124
34 90 25
34 62 114
35 37 84
35 72 16
35 75 100
35 45 127
35 49 119
35 83 46
35 52 74
35 53 89
35 54 70
35 55 117
35 88 47
35 89 132
35 58 18
36 96 130
36 98 80
36 72 36
36 42 94
36 43 101
36 79 64
36 82 119
36 52 81
36 89 54
36 58 19
36 91 111
36 74 54
36 62 102
36 63 35
37 67 47
37 68 17
37 70 108
37 39 80
37 40 75
37 74 108
37 46 49
37 47 128
37 80 93
37 81 17
37 51 11
37 90 29
37 53 84
37 55 63
37 88 22
37 58 150
37 60 21
37 61 60
37 94 60
38 88 80
38 42 25
38 51 75
38 77 141
38 79 98
39 42 109
39 47 117
39 80 137
39 56 132
39 57 34
39 90 105
39 60 128
39 94 96
40 99 96
40 68 76
40 71 71
40 47 80
40 49 133
40 53 11
40 87 31
40 79 30
40 61 111
40 85 30
41 64 28
41 48 154
41 59 88
41 43 133
41 46 86
41 93 20
41 80 25
41 52 31
41 90 41
41 91 63
41 61 49
42 98 123
42 75 76
42 43 124
42 44 38
42 77 60
42 48 62
42 51 94
42 85 62
43 65 85
43 67 102
43 72 87
43 47 144
43 80 15
43 51 149
43 52 125
43 54 100
43 57 29
43 58 98
43 79 145
43 90 48
44 72 112
44 48 94
44 78 117
44 49 73
45 96 78
45 70 86
45 75 82
45 52 71
45 55 30
45 56 12
45 58 68
46 96 119
46 66 118
46 67 79
46 87 123
46 76 76
46 98 134
46 48 28
46 54 104
46 55 78
46 95 146
46 63 135
47 80 112
47 65 25
47 49 80
48 78 33
48 50 58
48 51 120
48 55 48
48 91 41
48 92 91
48 61 41
48 63 132
49 97 16
49 84 149
49 53 51
49 89 123
49 57 11
50 72 49
50 96 77
50 60 22
50 71 89
51 67 35
51 84 105
52 68 59
52 75 124
52 82 145
52 83 38
52 89 113
52 59 44
52 62 155
53 96 95
53 82 114
53 60 100
53 86 34
53 79 83
54 97 109
54 71 60
54 73 100
54 75 110
54 88 152
54 57 153
55 64 155
55 61 146
56 76 48
57 94 23
57 86 75
58 63 13
59 83 97
59 69 69
60 97 27
61 96 86
61 67 118
61 99 109
61 85 15
62 84 103
62 78 145
62 63 146
64 81 79
64 83 10
64 76 29
64 69 55
65 67 45
65 93 82
66 74 19
66 70 41
67 99 126
67 69 67
68 82 136
68 75 85
69 98 108
69 95 130
69 77 72
69 71 133
70 98 32
70 99 37
70 74 20
70 93 90
71 91 144
71 85 44
71 87 104
72 89 46
72 95 97
73 97 143
73 77 19
73 86 104
73 81 127
75 92 44
75 82 121
75 84 98
76 97 62
76 84 55
76 78 89
77 81 133
77 95 17
78 79 44
80 92 151
80 94 82
81 90 101
82 97 87
82 98 130
83 88 69
86 90 62
87 96 132
87 99 74
87 92 93
94 100002 1450
95 100000 1450
95 100001 1450
95 100002 1450
96 100002 1450
96 100003 1450
96 100004 1450
97 99 73
98 100000 1450
98 100001 1450
98 100003 1450
99 100000 1450
99 100003 1450
99 100004 1450
-2 0 1450
-2 1 1450
-5 4 1450
-5 5 1450
-4 2 1450
-4 5 1450
-3 1 1450
-3 4 1450
-3 5 1450
-1 4 1450
-1 5 1450
