0 2 91
0 3 155
0 5 39
0 7 83
0 17 31
0 19 17
1 2 45
1 4 138
1 18 80
1 6 62
2 3 22
2 4 88
2 5 16
2 6 140
2 7 125
2 8 25
2 9 114
2 10 71
2 11 109
2 12 18
2 13 114
2 14 144
2 15 90
2 16 105
3 8 60
3 10 48
4 14 13
6 11 62
6 15 103
7 9 84
7 19 71
9 17 148
10 12 79
10 13 132
14 100002 1450
15 16 25
15 100000 1450
15 18 127
16 100003 1450
16 100004 1450
17 100001 1450
17 100002 1450
17 100003 1450
18 100002 1450
18 100004 1450
19 100000 1450
19 100001 1450
19 100003 1450
-1 3 1450
-1 5 1450
-5 0 1450
-5 2 1450
-4 1 1450
-4 2 1450
-4 5 1450
-3 2 1450
-3 4 1450
-2 0 1450
-2 5 1450
