0 2 52
0 4 122
0 7 151
1 2 31
1 3 33
1 4 79
1 5 143
1 6 105
1 9 104
1 14 55
1 15 34
1 19 33
2 17 106
2 10 104
2 3 126
2 5 120
3 12 52
4 11 16
5 19 23
5 12 109
5 6 98
6 8 51
6 18 128
6 7 112
7 8 150
7 10 127
7 18 18
7 13 77
7 14 150
8 9 23
9 11 144
10 16 23
10 13 35
14 100001 1450
14 100002 1450
14 100004 1450
14 15 86
14 16 104
14 17 145
15 100000 1450
15 100003 1450
15 100004 1450
16 100001 1450
16 100002 1450
16 100003 1450
18 100000 1450
18 100001 1450
18 100003 1450
18 100004 1450
19 100000 1450
-1 1 1450
-1 2 1450
-5 0 1450
-5 1 1450
-4 1 1450
-4 3 1450
-4 4 1450
-3 4 1450
-2 3 1450
-2 5 1450
