0 33 13
0 11 52
0 37 70
0 39 105
0 41 152
0 10 13
0 43 74
0 12 28
0 13 12
0 15 103
0 48 120
0 20 152
0 22 32
1 32 30
1 34 29
1 37 152
1 38 10
1 17 118
1 10 58
1 11 36
1 13 76
1 14 47
1 45 27
1 16 148
1 49 25
1 18 49
1 21 34
1 24 117
1 25 105
1 26 133
1 42 51
1 46 88
1 31 74
2 33 122
2 35 100
2 39 141
2 40 111
2 12 52
2 10 113
2 43 41
2 44 122
2 13 107
2 14 118
2 15 103
2 18 122
2 19 127
2 22 70
2 23 93
2 24 17
2 26 152
2 27 88
3 10 47
3 11 121
3 12 34
3 15 87
3 16 111
3 19 106
3 20 90
3 21 59
3 22 149
3 24 69
3 27 121
3 28 113
3 29 122
3 30 141
3 31 150
3 32 36
3 34 36
3 36 85
3 37 18
3 38 74
3 42 58
3 43 25
3 44 79
3 49 35
4 34 25
4 10 123
4 11 56
4 14 15
4 15 69
4 17 99
4 18 129
4 21 15
4 23 37
5 32 108
5 35 152
5 36 102
5 40 128
5 10 98
5 11 100
5 12 58
5 13 58
5 46 53
5 18 109
5 22 149
5 25 39
5 26 143
5 27 74
5 28 86
5 29 68
5 30 95
6 35 123
6 17 149
6 10 133
6 11 150
6 12 27
6 13 149
6 14 123
6 47 44
6 48 142
6 49 10
6 18 74
6 19 66
6 20 86
6 21 115
6 27 116
6 15 15
6 29 102
6 31 15
7 36 57
7 39 76
7 41 76
7 10 19
7 11 116
7 12 114
7 13 34
7 14 148
7 44 115
7 17 75
7 29 14
7 46 17
7 27 84
7 28 98
7 42 14
7 31 84
8 32 56
8 33 113
8 11 65
8 10 130
8 43 114
8 12 97
8 45 100
8 13 89
8 16 81
8 18 40
8 22 30
8 15 13
8 42 61
9 32 84
9 43 148
9 10 32
9 11 128
9 12 143
9 14 60
9 16 34
9 23 43
9 29 18
9 30 56
10 11 42
10 12 52
10 13 67
10 14 103
10 15 43
10 16 96
10 17 85
10 18 153
10 19 119
10 20 155
10 21 17
10 22 33
10 24 149
10 25 61
10 26 65
10 30 136
10 32 35
10 33 16
10 34 106
10 35 42
10 36 15
10 37 13
10 38 74
10 40 45
10 41 92
10 43 72
10 44 97
10 46 84
10 47 10
10 49 123
11 12 74
11 13 98
11 14 36
11 16 108
11 17 32
11 18 116
11 19 85
11 20 58
11 21 120
11 22 99
11 23 42
11 24 142
11 25 86
11 26 83
11 27 140
11 28 151
11 29 72
11 30 32
11 31 50
11 34 141
11 36 143
11 38 125
11 42 69
11 45 138
11 47 155
12 33 123
12 34 51
12 35 27
12 37 115
12 38 117
12 40 77
12 13 92
12 14 11
12 15 64
12 16 107
12 49 99
12 18 26
12 19 36
12 20 26
12 21 53
12 22 94
12 25 73
12 26 97
12 27 101
12 29 125
13 33 50
13 34 89
13 35 75
13 38 110
13 41 70
13 46 45
13 44 110
13 14 38
13 15 111
13 16 22
13 17 121
13 19 135
13 20 36
13 21 52
13 22 105
13 23 27
13 24 15
13 25 118
13 47 130
13 28 114
13 31 131
14 36 59
14 37 149
14 39 141
14 41 99
14 45 52
14 47 92
14 15 123
14 16 75
14 17 82
14 23 135
14 26 116
14 27 117
14 30 150
15 32 70
15 34 117
15 20 49
15 23 43
16 32 105
16 41 123
16 47 129
16 17 155
16 19 28
16 20 20
16 23 138
16 26 13
17 37 104
17 41 151
17 44 111
17 23 23
17 25 136
17 27 128
17 29 83
17 30 123
17 31 68
18 35 76
18 37 109
18 38 81
18 39 86
18 20 113
18 21 114
18 23 99
18 31 83
19 24 119
19 33 39
19 26 106
19 28 62
19 41 126
20 33 153
20 34 117
20 36 103
20 39 140
20 40 33
20 24 104
20 31 70
21 24 91
21 25 93
21 27 122
21 28 131
22 25 30
22 28 29
22 45 87
23 24 155
23 37 137
24 33 101
24 26 36
24 42 109
24 37 101
25 35 62
25 29 146
26 32 39
26 33 118
26 36 105
26 42 87
26 47 120
26 28 69
26 30 145
27 48 87
27 35 84
27 28 72
27 29 125
28 49 125
28 42 14
28 46 121
29 48 53
29 43 133
29 35 70
29 30 54
29 31 19
30 49 155
32 34 16
32 40 18
32 42 88
32 43 144
32 44 83
32 46 106
33 36 134
33 38 21
33 39 89
33 40 12
33 41 107
33 43 28
33 45 118
33 48 132
34 40 136
34 41 89
34 36 28
34 45 153
34 46 104
35 48 91
36 40 76
36 39 83
36 44 10
36 38 52
36 47 129
37 38 115
37 39 84
37 42 120
37 45 63
37 47 137
37 49 114
38 49 62
38 45 21
38 39 12
39 40 49
39 48 51
39 44 54
39 45 12
39 49 111
40 44 59
41 48 15
41 46 76
42 43 75
43 48 116
43 47 95
44 100004 1450
45 100000 1450
45 100001 1450
45 100002 1450
45 100003 1450
46 100001 1450
46 100002 1450
47 48 78
47 100000 1450
47 100004 1450
48 100000 1450
48 100002 1450
48 100003 1450
49 100004 1450
-2 1 1450
-2 4 1450
-5 0 1450
-5 4 1450
-5 5 1450
-4 1 1450
-4 4 1450
-3 2 1450
-3 3 1450
-3 5 1450
-1 0 1450
-1 3 1450
-1 4 1450
