0 10 125
0 11 127
0 12 114
0 13 14
0 14 33
0 15 36
0 16 134
0 17 50
0 22 89
0 23 148
0 24 25
0 26 18
0 28 55
0 29 73
0 33 68
0 36 111
0 40 119
0 42 109
0 45 10
0 46 100
0 50 122
0 51 86
0 55 25
0 59 46
0 60 132
0 61 62
0 62 125
0 66 69
0 70 129
0 73 130
0 75 31
0 77 12
0 80 54
0 85 92
0 89 136
0 91 72
0 93 155
0 94 135
0 96 48
1 10 21
1 11 86
1 12 27
1 14 131
1 15 81
1 17 118
1 18 21
1 20 88
1 21 41
1 24 116
1 25 20
1 28 64
1 32 18
1 39 152
1 40 27
1 43 137
1 44 61
1 67 96
1 72 48
1 73 17
1 83 82
1 84 41
1 91 17
1 93 129
2 34 124
2 67 52
2 36 14
2 40 81
2 73 26
2 10 50
2 11 122
2 44 16
2 15 76
2 76 111
2 72 80
2 82 58
2 19 16
2 20 120
2 54 142
2 68 150
2 90 103
2 60 42
2 99 46
2 94 48
2 63 149
3 32 64
3 97 65
3 36 46
3 10 29
3 11 73
3 12 38
3 13 114
3 14 41
3 15 33
3 18 139
3 20 110
3 46 80
3 26 102
3 28 41
3 30 152
3 31 91
4 32 102
4 96 113
4 67 119
4 37 46
4 38 66
4 10 100
4 11 86
4 12 154
4 13 37
4 14 117
4 15 84
4 48 51
4 17 152
4 52 53
4 22 101
4 26 111
4 54 66
4 86 20
4 90 95
4 94 95
5 10 144
5 11 53
5 12 11
5 13 130
5 14 155
5 15 146
5 16 91
5 18 130
5 19 86
5 20 92
5 21 45
5 22 126
5 23 30
5 26 34
5 27 150
5 32 72
5 33 10
5 35 84
5 40 53
5 41 93
5 42 58
5 45 74
5 49 140
5 50 149
5 51 26
5 54 43
5 56 13
5 59 130
5 64 99
5 69 20
5 72 16
5 73 38
5 75 14
5 78 127
5 86 83
5 89 16
5 97 120
5 98 153
5 99 51
6 10 126
6 11 47
6 15 139
6 16 109
6 18 122
6 19 122
6 21 147
6 22 63
6 23 118
6 24 137
6 27 10
6 28 98
6 31 31
6 34 69
6 37 20
6 40 41
6 46 54
6 50 34
6 51 72
6 52 24
6 53 78
6 55 128
6 58 143
6 60 32
6 65 118
6 77 70
6 85 17
7 10 65
7 12 17
7 13 40
7 16 50
7 19 136
7 21 121
7 24 56
7 25 60
7 30 43
7 31 118
7 32 21
7 35 35
7 38 129
7 39 112
7 42 147
7 44 147
7 46 29
7 54 38
7 62 74
7 64 54
7 69 61
7 71 38
7 73 88
7 74 68
7 78 154
7 86 39
7 88 30
7 92 21
8 10 69
8 11 22
8 12 61
8 13 58
8 14 112
8 17 45
8 21 127
8 25 124
8 29 152
8 32 138
8 41 35
8 43 150
8 50 95
8 52 20
8 57 142
8 62 97
8 66 115
8 69 61
8 71 132
8 73 20
8 76 76
8 85 124
8 94 62
8 95 29
9 10 121
9 11 43
9 12 52
9 13 60
9 16 56
9 19 121
9 21 66
9 22 118
9 24 41
9 26 39
9 27 15
9 28 58
9 29 111
9 30 110
9 31 67
9 34 36
9 35 139
9 37 26
9 38 22
9 39 43
9 48 150
9 56 84
9 61 31
9 62 117
9 64 99
9 67 93
9 74 149
9 76 134
9 79 115
9 80 128
9 81 120
9 89 70
9 95 36
10 11 131
10 12 99
10 13 84
10 14 56
10 15 87
10 16 78
10 17 50
10 18 119
10 19 78
10 20 87
10 21 129
10 22 120
10 23 128
10 24 96
10 25 32
10 26 91
10 27 64
10 29 126
10 32 138
10 33 79
10 36 74
10 37 137
10 38 33
10 39 44
10 43 97
10 47 74
10 50 65
10 52 154
10 53 44
10 54 45
10 56 70
10 58 100
10 62 65
10 63 66
10 65 59
10 67 39
10 69 143
10 70 96
10 84 67
10 85 140
10 90 61
10 91 49
10 93 143
10 94 79
10 96 28
11 12 17
11 13 106
11 14 143
11 15 24
11 16 145
11 17 18
11 18 10
11 19 65
11 21 25
11 23 16
11 26 81
11 27 74
11 30 105
11 31 74
11 32 81
11 34 135
11 36 36
11 40 64
11 42 40
11 44 52
11 45 17
11 46 135
11 50 99
11 57 146
11 58 114
11 59 72
11 62 27
11 67 103
11 68 32
11 69 96
11 71 56
11 73 91
11 75 138
11 77 124
11 78 23
11 88 24
11 92 76
11 95 29
12 34 90
12 35 154
12 36 149
12 72 96
12 43 50
12 13 67
12 99 90
12 17 82
12 18 80
12 19 31
12 20 88
12 62 144
12 22 78
12 23 127
12 56 37
12 57 21
12 90 15
12 27 104
12 28 102
12 30 112
12 31 148
13 64 101
13 33 69
13 34 21
13 90 73
13 48 97
13 37 145
13 39 106
13 80 123
13 96 126
13 55 67
13 14 57
13 16 96
13 17 62
13 18 64
13 99 31
13 20 143
13 22 21
13 23 145
13 57 152
13 26 123
13 29 19
14 16 133
14 17 140
14 20 151
14 22 17
14 23 25
14 25 106
14 30 81
14 31 40
14 33 73
14 34 104
14 35 86
14 37 23
14 41 120
14 44 135
14 45 98
14 57 122
14 63 15
14 69 37
14 70 42
14 71 74
14 74 37
14 77 29
14 78 45
14 79 135
14 82 106
14 90 93
14 92 72
15 16 38
15 17 68
15 20 114
15 23 78
15 25 82
15 26 144
15 36 68
15 38 65
15 39 101
15 43 93
15 44 146
15 46 28
15 47 60
15 48 86
15 49 136
15 52 146
15 53 106
15 55 55
15 59 103
15 64 127
15 65 151
15 67 151
15 69 106
15 72 118
15 74 146
15 75 65
15 78 104
15 83 27
15 89 112
15 90 30
16 33 45
16 35 85
16 97 86
16 70 23
16 65 17
16 41 111
16 71 100
16 44 16
16 77 54
16 56 35
16 99 97
16 20 57
16 21 13
16 86 109
16 57 107
16 24 17
16 25 97
16 30 142
16 63 150
17 96 120
17 66 87
17 35 136
17 37 138
17 93 63
17 76 91
17 45 137
17 46 83
17 77 135
17 49 154
17 18 89
17 19 99
17 52 129
17 21 38
17 87 100
17 24 100
17 84 153
17 27 61
17 53 152
17 62 153
17 31 127
18 66 34
18 99 105
18 36 153
18 69 90
18 81 22
18 42 95
18 75 114
18 44 13
18 47 65
18 80 123
18 56 98
18 51 37
18 74 92
18 23 90
18 24 64
18 83 131
18 87 99
18 27 139
18 61 92
19 33 114
19 36 66
19 41 117
19 44 52
19 77 68
19 51 84
19 84 110
19 89 50
19 25 123
19 26 30
19 28 111
19 29 148
19 94 12
19 63 150
20 64 56
20 97 142
20 86 25
20 71 127
20 43 42
20 76 74
20 47 105
20 49 27
20 82 141
20 52 117
20 22 57
20 55 25
20 58 89
20 27 82
20 28 52
20 94 93
21 32 56
21 65 16
21 71 73
21 72 95
21 42 59
21 45 64
21 77 72
21 83 114
21 84 71
21 87 25
21 91 130
21 28 40
21 29 151
21 31 56
22 37 55
22 41 54
22 42 17
22 47 65
22 48 79
22 49 130
22 51 62
22 56 35
22 24 53
22 60 136
22 29 66
22 30 94
23 74 11
23 50 125
23 84 153
23 25 39
23 27 59
23 61 119
24 25 40
24 67 72
24 38 36
25 66 81
25 68 75
25 30 20
25 39 144
26 33 32
26 34 36
26 35 100
26 41 82
26 42 137
26 45 141
26 49 80
26 52 60
26 53 133
26 55 81
26 56 44
26 58 120
26 59 131
26 29 37
26 30 55
26 85 65
27 99 115
27 68 51
27 38 122
27 74 113
27 82 124
27 84 144
27 55 51
27 29 29
28 68 88
28 79 20
28 49 58
28 52 97
28 47 27
28 61 106
29 41 58
29 76 47
29 79 57
29 50 17
29 84 57
29 61 67
30 32 89
30 58 38
30 79 131
30 47 13
31 37 150
31 38 35
32 96 122
32 34 66
32 86 76
32 38 36
32 39 78
32 40 52
32 95 114
32 71 144
32 78 99
32 47 110
32 80 67
32 49 103
32 53 68
32 54 98
32 59 101
32 60 107
32 93 46
32 62 98
32 63 80
33 97 38
33 34 121
33 35 104
33 70 59
33 38 23
33 41 11
33 42 41
33 43 128
33 45 125
33 79 72
33 48 37
33 81 77
33 82 135
33 51 79
33 52 129
33 99 125
33 87 18
33 89 73
33 91 118
34 65 84
34 66 153
34 35 146
34 68 35
34 71 60
34 40 81
34 73 57
34 43 128
34 98 111
34 78 94
34 48 81
34 81 79
34 67 81
34 92 123
34 88 28
34 60 67
34 95 56
35 37 90
35 41 55
35 48 107
35 81 100
35 82 147
35 58 103
35 93 103
36 65 31
36 67 64
36 70 149
36 39 81
36 40 142
36 80 36
36 42 141
36 75 135
36 78 79
36 45 109
36 46 113
36 47 97
36 48 139
36 81 94
36 53 132
36 89 151
36 57 36
36 95 17
37 64 47
37 39 94
37 81 39
37 82 87
37 91 15
37 60 71
38 96 20
38 45 16
39 96 96
39 70 25
39 43 84
39 46 112
39 80 58
39 81 64
39 51 74
39 54 26
39 59 150
39 60 25
39 63 59
40 65 146
40 83 82
40 68 65
40 43 99
40 44 145
40 78 14
40 51 56
40 93 145
40 63 19
41 46 104
41 49 68
41 83 37
41 86 34
41 57 13
41 58 120
41 95 81
42 68 126
42 72 150
42 73 99
42 78 146
42 48 127
42 56 151
42 85 138
42 55 94
42 88 126
43 87 111
43 76 20
43 50 79
43 51 34
43 55 100
43 88 105
43 57 84
43 91 30
43 94 82
44 63 119
44 74 121
44 61 127
44 47 27
44 87 147
44 59 139
44 93 26
44 95 57
45 73 29
45 79 18
45 49 60
45 84 21
45 53 138
45 59 63
46 69 76
46 72 96
46 74 107
46 75 110
46 54 130
46 58 153
46 60 84
46 93 118
46 63 35
47 91 85
47 92 115
47 70 115
47 55 40
48 75 149
48 79 82
48 81 86
48 53 132
48 56 112
48 88 72
49 98 91
49 66 56
49 82 64
49 50 47
49 83 26
49 53 67
49 58 143
49 61 88
50 54 89
51 88 96
51 60 93
51 70 47
52 64 94
52 65 39
52 98 107
52 81 78
52 82 88
52 89 119
52 90 64
52 61 134
54 66 128
54 70 21
55 97 102
55 92 41
55 93 136
56 64 70
56 57 27
56 79 36
56 99 47
56 71 126
57 64 13
57 65 42
57 61 98
57 88 95
58 98 96
58 83 105
58 86 154
59 80 130
59 75 132
59 69 109
60 88 41
60 66 114
60 76 53
60 79 120
61 68 21
61 85 72
62 85 44
63 85 14
64 72 76
64 97 69
65 96 67
65 94 89
65 87 65
67 91 128
67 75 72
67 76 22
67 74 130
67 94 11
68 72 50
68 97 70
68 99 151
68 92 103
70 80 111
70 84 35
70 90 64
70 91 79
70 92 118
70 95 16
71 98 151
71 86 55
72 83 38
73 77 144
74 95 94
75 80 143
75 87 20
75 76 36
75 77 51
75 85 110
76 89 23
76 87 116
77 87 16
78 82 32
80 97 28
80 90 52
80 86 31
81 83 127
82 96 145
82 97 78
82 98 50
82 92 67
83 98 83
83 92 153
86 89 50
86 98 17
87 88 119
94 100000 1450
94 100001 1450
94 100002 1450
95 100000 1450
95 100003 1450
96 98 73
97 100000 1450
97 100002 1450
97 100004 1450
98 100001 1450
98 100003 1450
98 100004 1450
99 100001 1450
99 100002 1450
99 100003 1450
-2 0 1450
-2 2 1450
-5 0 1450
-5 2 1450
-5 4 1450
-4 1 1450
-4 5 1450
-3 1 1450
-3 5 1450
-1 3 1450
-1 4 1450
-1 5 1450
