0 5 84
0 6 111
0 7 73
0 8 41
0 14 61
0 15 46
0 17 151
0 18 86
1 5 71
1 6 42
1 7 105
1 8 76
1 9 135
1 10 121
1 11 148
1 13 129
1 15 61
2 17 22
2 5 150
3 11 91
3 12 122
3 5 56
3 6 91
3 13 102
4 5 112
4 6 140
4 7 97
4 8 104
4 10 22
4 11 39
4 13 152
4 14 102
4 16 139
4 17 114
4 18 124
4 19 66
5 6 114
5 7 91
5 8 37
5 9 29
5 10 40
5 12 72
5 14 145
5 16 31
6 7 98
6 9 72
6 12 108
6 15 153
6 16 47
6 17 150
6 18 138
7 8 44
7 9 145
7 10 84
7 17 146
8 9 133
8 10 84
8 11 34
8 12 133
8 15 125
9 19 51
9 12 16
9 14 100
10 11 49
10 14 84
11 16 144
11 19 45
11 13 154
12 16 29
12 13 82
13 19 34
13 15 11
14 100002 1450
14 100003 1450
15 100001 1450
15 18 18
15 100004 1450
15 100002 1450
16 100000 1450
16 100001 1450
16 18 25
16 19 29
16 100003 1450
17 100004 1450
18 100000 1450
19 100001 1450
19 100002 1450
19 100003 1450
19 100004 1450
-1 0 1450
-1 4 1450
-5 0 1450
-5 1 1450
-5 2 1450
-4 2 1450
-4 4 1450
-3 2 1450
-3 5 1450
-2 1 1450
-2 2 1450
-2 5 1450
