0 5 124
0 6 79
0 7 118
0 8 84
0 13 19
0 14 83
0 143 29
0 18 127
0 20 21
0 39 143
0 168 23
0 42 150
0 45 44
0 136 94
0 178 69
0 191 111
0 66 39
0 71 136
0 73 14
0 75 56
0 99 141
0 102 66
0 117 19
0 127 100
1 5 147
1 6 70
1 9 110
1 10 76
1 21 129
1 22 99
1 26 91
1 27 111
1 40 147
1 169 38
1 43 101
1 174 149
1 47 153
1 48 92
1 180 150
1 181 116
1 68 141
1 70 35
1 78 27
1 113 68
1 117 148
1 121 136
2 5 151
2 9 131
2 10 63
2 12 45
2 152 95
2 18 46
2 150 76
2 23 49
2 24 134
2 47 15
2 28 151
2 29 38
2 31 100
2 32 130
2 34 65
2 167 131
2 41 68
2 43 104
2 46 70
2 175 91
2 177 129
2 50 23
2 57 71
2 59 132
2 62 120
2 67 113
2 69 137
2 72 51
2 94 84
2 98 101
2 101 58
2 107 103
2 111 137
2 157 115
3 5 130
3 6 91
3 7 38
3 8 131
3 9 132
3 11 121
3 140 32
3 141 150
3 15 98
3 16 84
3 20 107
3 151 56
3 24 129
3 25 51
3 28 44
3 34 142
3 36 45
3 168 147
3 45 119
3 46 69
3 54 138
3 57 72
3 60 18
3 64 43
3 70 92
3 81 152
3 99 146
3 101 46
3 105 64
3 117 93
3 126 149
3 127 90
4 35 12
4 5 127
4 6 69
4 7 61
4 60 108
4 12 33
4 49 149
4 50 77
4 195 137
4 117 113
4 24 119
4 55 88
4 56 67
4 89 29
4 152 14
4 188 13
4 102 46
4 62 136
5 131 132
5 133 150
5 6 125
5 7 43
5 8 69
5 10 124
5 11 73
5 12 129
5 13 147
5 14 53
5 15 86
5 16 59
5 17 85
5 19 13
5 22 119
5 156 127
5 34 143
5 134 14
5 38 77
5 40 138
5 46 127
5 52 135
5 183 18
5 56 81
5 58 70
5 62 109
5 65 38
5 77 104
5 81 100
5 83 127
5 85 53
5 86 56
5 90 128
5 94 147
5 165 66
5 97 131
5 98 95
5 108 61
5 147 103
6 7 68
6 8 95
6 11 86
6 13 34
6 14 147
6 147 33
6 149 32
6 150 90
6 23 135
6 25 118
6 28 47
6 31 61
6 35 31
6 42 33
6 44 74
6 45 136
6 179 127
6 52 129
6 61 148
6 192 129
6 69 100
6 198 34
6 199 80
6 80 37
6 81 99
6 83 128
6 84 97
6 89 146
6 103 130
6 110 151
6 112 125
6 119 108
7 32 130
7 33 63
7 71 139
7 8 75
7 9 68
7 11 75
7 113 144
7 21 90
7 54 69
7 183 24
7 168 139
7 125 34
7 85 40
8 9 31
8 10 50
8 15 94
8 16 100
8 18 140
8 23 13
8 25 64
8 158 31
8 35 82
8 36 150
8 170 98
8 51 80
8 59 84
8 66 79
8 68 153
8 77 44
8 81 146
8 83 45
8 93 22
8 94 89
8 96 77
8 107 117
8 111 21
8 114 99
8 115 87
8 118 36
8 120 144
8 122 114
8 124 34
9 10 109
9 11 78
9 12 98
9 13 66
9 15 13
9 16 113
9 18 90
9 19 135
9 20 99
9 21 114
9 151 60
9 27 68
9 29 28
9 30 91
9 32 86
9 33 139
9 34 141
9 39 89
9 179 60
9 182 87
9 55 130
9 59 67
9 60 113
9 189 22
9 190 125
9 191 58
9 70 39
9 161 86
9 73 56
9 85 155
9 86 128
9 87 34
9 100 109
9 104 71
9 106 154
9 107 70
9 140 22
9 116 20
9 148 147
9 123 29
10 133 73
10 134 22
10 65 47
10 66 24
10 15 147
10 144 113
10 17 114
10 146 140
10 20 57
10 153 10
10 27 37
10 31 123
10 40 91
10 46 84
10 53 56
10 186 53
10 61 76
10 193 86
10 194 16
10 67 40
10 109 68
10 103 74
10 18 87
10 118 37
10 148 135
11 12 15
11 142 134
11 20 29
11 149 138
11 22 19
11 24 73
11 27 61
11 28 151
11 32 108
11 33 25
11 173 70
11 54 27
11 63 83
11 65 153
11 67 44
11 198 18
11 161 36
11 79 122
11 14 57
11 101 123
11 106 12
11 112 65
11 114 77
11 122 129
11 124 28
12 129 153
12 130 109
12 131 11
12 13 20
12 143 151
12 144 114
12 146 119
12 147 128
12 26 62
12 30 147
12 32 63
12 37 33
12 47 27
12 50 125
12 53 118
12 199 101
12 82 96
12 84 48
12 85 58
12 94 125
12 114 54
12 120 47
12 124 80
13 130 139
13 137 142
13 139 95
13 14 128
13 144 105
13 22 103
13 25 41
13 30 48
13 33 106
13 35 155
13 164 90
13 43 111
13 45 146
13 53 56
13 56 37
13 190 37
13 63 129
13 192 104
13 198 12
13 161 52
13 80 125
13 87 101
13 95 33
13 107 97
13 119 86
14 129 120
14 130 14
14 43 115
14 140 101
14 16 30
14 17 148
14 19 38
14 21 24
14 150 99
14 23 57
14 27 113
14 28 50
14 30 90
14 162 122
14 163 60
14 37 73
14 39 155
14 42 36
14 171 117
14 44 14
14 46 148
14 175 48
14 177 62
14 178 109
14 179 127
14 52 151
14 181 76
14 55 52
14 59 14
14 189 139
14 194 85
14 196 56
14 197 151
14 76 83
14 80 60
14 81 89
14 82 133
14 86 64
14 87 31
14 95 39
14 104 37
14 167 107
14 108 89
14 114 136
15 193 11
15 37 89
15 166 52
15 167 96
15 172 70
15 17 62
15 26 140
15 90 152
15 63 130
16 129 118
16 99 76
16 36 109
16 165 131
16 38 132
16 40 106
16 41 104
16 75 62
16 44 20
16 111 122
16 176 112
16 17 26
16 83 114
16 152 78
16 62 116
16 31 41
17 36 86
17 75 119
17 44 80
17 19 62
17 52 143
17 117 125
17 23 94
17 25 53
17 122 146
18 51 88
18 66 96
18 163 137
18 100 10
18 197 51
18 199 84
18 136 78
18 169 67
18 74 154
18 83 28
18 174 43
18 47 28
18 112 128
18 178 73
18 19 50
18 105 58
18 29 55
18 31 149
19 192 79
19 54 48
19 166 148
19 136 107
19 113 102
19 22 94
19 57 148
19 26 109
19 155 111
19 124 56
19 122 25
20 139 138
20 37 155
20 167 155
20 73 90
20 171 29
20 84 124
20 21 37
20 58 33
20 123 15
20 29 107
20 159 68
21 163 107
21 106 118
21 78 112
21 80 134
21 180 143
21 120 150
21 90 60
22 37 145
22 38 61
22 39 149
22 125 140
22 41 138
22 171 25
22 76 148
22 79 65
22 112 32
22 49 145
22 108 45
22 54 25
22 186 101
22 185 117
22 26 37
22 123 101
22 92 28
22 29 137
23 96 128
23 97 104
23 162 100
23 68 90
23 134 148
23 41 104
23 44 43
23 76 154
23 88 76
23 50 23
23 84 143
23 119 123
23 24 29
23 57 99
23 90 134
23 159 102
24 160 138
24 97 94
24 162 138
24 174 25
24 143 66
24 52 140
24 152 34
24 60 124
25 49 84
25 135 149
25 102 112
25 103 148
26 138 43
26 114 50
26 82 77
26 184 126
26 121 119
26 63 148
27 142 57
27 48 155
27 49 114
27 50 119
27 115 39
27 87 117
28 40 143
28 41 109
28 139 20
28 135 112
29 35 144
29 38 34
29 45 133
29 177 12
29 178 26
29 55 68
29 61 119
29 30 55
30 33 137
30 196 93
30 118 103
30 116 125
31 64 117
31 97 78
31 194 58
31 36 13
31 130 70
31 39 43
31 73 84
31 128 88
31 199 72
31 140 13
31 66 22
31 55 154
31 132 45
31 154 107
31 92 47
31 42 111
32 34 55
32 150 14
32 111 109
33 48 119
33 193 155
33 42 155
33 112 127
33 58 56
33 59 78
33 170 97
34 67 49
34 43 111
34 86 81
34 88 128
34 57 70
34 190 105
35 95 91
35 91 75
35 72 87
35 106 14
35 145 26
35 51 44
35 53 107
35 155 130
35 191 10
36 38 126
36 169 145
36 172 15
36 77 123
36 78 139
36 141 15
36 176 149
36 125 69
36 116 60
36 89 39
36 154 141
36 122 14
37 67 33
37 132 98
37 76 141
37 109 97
37 53 123
37 61 149
37 126 27
38 160 106
38 88 30
38 58 71
38 150 143
39 64 82
39 167 141
39 169 114
39 108 17
39 179 87
39 148 96
39 183 136
39 93 128
39 62 101
40 176 131
40 152 22
40 100 33
40 93 150
41 64 92
41 163 64
41 68 60
41 69 48
41 166 62
41 72 152
41 47 58
41 144 107
41 148 125
41 133 36
42 131 68
42 78 28
42 113 118
42 82 31
42 142 119
42 121 20
42 153 31
42 58 61
42 92 128
42 94 105
43 48 138
43 56 14
43 149 110
43 151 132
44 184 101
44 121 33
44 194 68
44 173 78
45 91 143
45 69 108
45 104 69
45 75 26
45 79 111
45 48 23
45 147 85
45 182 141
45 187 142
46 101 151
46 74 10
46 141 105
46 78 154
46 177 45
46 88 145
47 175 11
48 128 99
48 51 18
48 49 130
48 75 154
48 110 41
48 113 111
48 115 70
48 86 57
48 89 146
48 186 87
48 60 149
49 146 43
49 76 56
49 118 12
50 64 142
50 96 76
50 195 155
50 72 105
51 74 116
51 111 11
51 71 56
52 145 138
52 133 134
53 162 45
53 139 154
53 70 59
53 71 151
53 105 72
53 74 152
53 107 117
53 173 74
53 175 19
53 88 21
53 63 56
54 130 53
54 155 104
54 104 100
54 141 52
54 56 48
54 187 101
54 158 43
55 65 82
55 98 66
55 174 28
55 137 83
56 101 101
56 168 63
56 77 18
56 145 141
56 87 136
56 123 53
56 61 14
57 161 65
57 74 69
58 98 48
58 68 18
58 85 147
58 127 37
59 71 34
60 144 151
60 99 106
60 196 118
60 182 85
61 121 68
61 82 67
61 92 20
61 157 125
62 72 131
62 91 124
63 65 120
63 195 107
63 132 83
63 151 59
64 69 70
65 128 17
65 160 37
65 156 78
65 93 150
65 70 81
66 79 129
66 135 37
66 138 45
66 103 113
67 170 67
67 91 32
67 197 48
67 158 88
68 96 65
68 99 103
68 164 87
68 197 109
68 77 58
68 180 58
68 185 101
68 153 110
69 89 18
70 73 95
70 93 127
70 142 92
70 79 25
71 127 139
72 84 102
72 172 43
72 188 24
72 140 155
72 158 68
73 80 29
73 106 51
73 92 83
74 166 74
75 100 127
75 102 99
75 171 62
75 109 74
75 110 107
75 146 46
75 115 127
75 181 27
75 196 154
75 124 34
75 157 113
76 146 37
76 90 106
76 126 99
76 151 109
77 125 134
77 119 33
80 176 136
80 105 15
80 155 117
80 173 58
80 102 40
81 195 67
81 108 16
81 198 130
81 95 24
82 128 81
82 168 106
82 186 89
82 115 112
82 177 102
83 153 17
83 91 97
83 131 121
83 187 107
84 97 65
84 109 153
84 125 73
85 193 95
85 138 148
85 159 124
86 104 87
86 95 129
86 181 85
86 149 42
87 103 31
88 148 54
88 164 91
88 143 81
89 120 52
89 116 105
89 126 39
90 120 26
90 165 46
90 110 34
90 199 81
91 138 94
91 132 112
91 182 152
92 129 16
92 185 144
93 186 149
94 187 60
94 156 146
94 191 31
95 96 54
95 145 127
96 188 83
96 100 69
96 98 115
96 123 145
96 116 83
97 159 101
97 119 48
99 145 124
99 172 94
99 159 142
100 169 98
100 162 146
100 109 149
101 157 32
101 141 121
101 189 117
102 184 48
102 154 81
102 189 78
102 127 40
103 158 152
103 183 147
104 129 72
104 105 116
105 187 59
105 126 42
105 143 80
107 149 139
108 128 19
108 132 49
108 174 25
108 134 31
109 110 57
111 170 55
112 154 107
112 131 104
112 197 113
113 160 14
113 137 28
114 136 94
114 137 57
116 137 102
116 164 76
116 118 129
116 190 95
116 175 12
118 193 27
118 179 95
118 180 137
119 163 113
119 165 58
122 138 32
122 170 47
122 165 146
122 173 101
126 133 154
127 171 62
127 164 69
127 181 48
128 160 48
128 134 17
128 135 48
128 136 140
128 139 32
128 182 38
128 156 136
130 157 61
132 153 15
132 147 28
133 142 151
134 189 63
134 190 105
134 135 46
140 184 53
141 180 100
143 154 112
143 183 70
144 184 141
145 172 40
146 166 141
147 155 10
147 156 120
154 185 42
157 192 107
157 188 94
158 161 149
158 188 38
160 176 84
160 178 154
162 196 135
165 192 96
173 194 115
180 185 25
189 191 92
191 195 87
193 198 133
195 100003 1450
195 100004 1450
196 100000 1450
196 100002 1450
196 100003 1450
197 100001 1450
197 100002 1450
198 100000 1450
198 100003 1450
199 100000 1450
199 100002 1450
199 100004 1450
-2 0 1450
-2 1 1450
-5 2 1450
-5 3 1450
-5 4 1450
-4 1 1450
-4 4 1450
-3 0 1450
-3 1 1450
-1 1 1450
-1 4 1450
-1 5 1450
