0 66 80
0 35 74
0 5 64
0 6 27
0 8 52
0 73 83
0 42 100
0 12 20
0 18 110
0 14 107
0 79 42
0 49 126
0 82 97
0 22 76
0 25 134
0 88 28
0 57 37
0 30 35
0 95 128
1 97 91
1 35 11
1 5 16
1 6 67
1 75 13
1 8 16
1 73 142
1 11 121
1 44 125
1 13 24
1 78 26
1 77 131
1 18 100
1 51 103
1 52 43
1 22 76
1 24 11
1 91 51
1 93 83
2 33 100
2 5 27
2 65 97
2 7 98
2 74 102
2 11 28
2 16 148
2 25 27
2 87 23
2 89 21
2 59 39
2 95 72
3 33 154
3 5 103
3 6 82
3 7 68
3 8 123
3 11 120
3 14 71
3 19 63
3 84 79
3 21 61
3 22 33
3 57 113
3 71 60
3 31 152
3 30 69
3 53 42
4 33 28
4 36 71
4 5 63
4 6 25
4 7 52
4 40 11
4 9 57
4 10 151
4 12 40
4 31 50
4 15 114
4 80 10
4 17 30
4 48 18
4 86 111
4 87 140
4 25 154
4 47 85
4 42 155
4 53 118
5 6 115
5 7 90
5 9 42
5 10 113
5 12 106
5 16 72
5 19 75
5 20 155
5 21 116
5 23 78
5 24 31
5 29 24
5 31 122
5 32 49
5 34 17
5 37 13
5 45 131
5 46 80
5 47 62
5 51 141
5 57 138
5 60 56
5 62 98
5 66 16
5 69 58
5 71 103
5 75 67
5 77 149
5 79 95
5 90 18
6 7 74
6 8 144
6 9 10
6 11 52
6 12 88
6 13 139
6 15 15
6 17 53
6 23 79
6 27 11
6 31 67
6 32 56
6 41 153
6 43 122
6 46 19
6 49 43
6 57 99
6 58 11
6 59 46
6 70 94
6 85 140
6 90 118
7 96 85
7 36 14
7 8 135
7 9 45
7 74 78
7 15 100
7 20 19
7 22 101
7 56 134
7 52 12
7 47 113
7 95 104
8 9 21
8 10 50
8 13 102
8 16 16
8 17 70
8 18 84
8 27 95
8 30 93
8 32 86
8 33 20
8 34 95
8 38 137
8 39 127
8 40 104
8 41 90
8 43 62
8 46 132
8 47 40
8 54 73
8 56 91
8 58 41
8 62 120
8 64 84
8 67 94
8 76 140
8 79 25
8 93 146
8 98 60
9 10 96
9 13 153
9 15 72
9 17 119
9 18 61
9 23 149
9 25 51
9 26 97
9 27 114
9 29 52
9 39 93
9 41 149
9 46 128
9 48 102
9 50 20
9 52 110
9 74 96
9 75 33
9 86 98
9 87 79
9 88 38
9 93 77
10 16 108
10 70 137
10 40 45
10 76 19
10 11 19
10 12 84
10 13 21
10 46 137
10 47 106
10 48 123
10 72 126
10 51 36
10 23 119
10 55 51
10 61 141
10 63 56
11 14 81
11 16 100
11 18 51
11 20 110
11 26 144
11 28 20
11 32 111
11 38 67
11 42 23
11 44 123
11 48 30
11 50 120
11 52 79
11 58 50
11 65 27
11 68 43
11 70 100
11 74 135
11 86 132
11 93 23
11 94 121
11 95 65
12 32 82
12 97 72
12 75 121
12 76 101
12 77 33
12 14 48
12 19 152
12 78 138
12 54 17
12 89 80
12 26 35
12 92 132
12 29 132
13 96 102
13 34 53
13 35 31
13 36 78
13 41 31
13 43 134
13 66 88
13 14 85
13 15 153
13 17 85
13 21 102
13 24 69
13 25 50
13 91 65
14 67 111
14 76 149
14 19 124
14 24 11
14 26 96
14 91 125
14 28 145
14 30 145
15 19 155
15 98 85
15 99 135
15 38 35
15 39 147
15 42 87
15 80 62
15 83 41
15 20 24
15 61 136
16 68 145
16 28 67
16 82 49
16 83 11
16 55 119
16 59 98
16 60 32
17 35 50
17 72 115
17 73 32
17 44 120
17 23 29
17 59 106
18 96 44
18 97 146
18 35 18
18 39 141
18 43 139
18 51 134
18 84 91
18 21 82
18 22 114
18 26 28
18 92 23
18 31 44
19 96 116
19 66 24
19 86 14
19 39 75
19 40 32
19 43 126
19 98 16
19 50 120
19 20 40
19 21 65
19 54 110
19 58 78
19 29 62
19 37 89
20 68 100
21 99 118
21 45 41
21 83 51
21 88 14
21 90 82
21 61 31
21 62 129
21 63 24
22 36 152
22 37 64
22 45 109
22 81 35
22 83 153
22 90 143
22 28 117
23 96 66
23 49 144
23 27 32
23 60 122
23 24 135
24 84 153
24 65 18
24 34 79
24 44 95
24 29 154
25 81 22
25 28 31
25 30 127
25 57 33
26 56 119
26 27 15
26 84 73
26 37 58
26 94 101
27 89 111
27 37 99
27 38 125
28 68 34
28 38 12
28 54 72
28 59 69
28 60 85
28 63 138
29 40 15
29 33 143
29 92 138
29 85 106
30 41 152
30 45 70
30 49 150
31 81 19
31 94 82
32 97 131
33 34 139
33 67 28
33 72 40
33 42 85
33 81 108
33 51 121
34 65 106
34 36 70
34 44 155
34 80 36
34 85 70
34 87 92
34 56 57
35 64 63
35 66 130
35 69 148
35 80 84
35 82 49
35 91 135
36 82 86
37 81 89
37 60 148
37 45 12
37 94 39
37 71 96
38 87 117
40 64 69
40 75 147
40 67 71
41 71 66
42 48 107
42 50 139
42 53 31
42 54 95
42 56 126
42 89 155
42 63 57
43 86 108
43 70 115
44 72 27
44 55 48
44 69 97
44 85 137
45 73 43
46 98 106
46 49 130
46 50 16
46 55 56
46 91 62
46 62 118
47 52 86
47 61 126
49 65 16
49 55 154
50 64 96
50 77 60
50 53 146
51 58 79
51 90 106
51 53 119
53 72 138
53 76 80
54 77 34
55 61 100
56 84 54
56 69 131
56 70 68
57 82 42
57 99 64
57 68 126
57 69 38
57 63 123
58 64 52
58 73 143
58 94 11
58 93 31
58 78 15
59 92 100
59 79 83
60 95 74
60 62 100
60 79 70
62 67 147
65 89 31
66 92 152
66 71 132
71 88 23
74 80 104
74 78 83
75 78 35
76 85 95
80 83 27
86 88 103
88 99 118
90 99 85
92 97 82
94 100002 1450
94 100003 1450
95 100000 1450
95 100002 1450
96 100003 1450
96 100004 1450
97 100000 1450
97 100001 1450
97 98 55
97 100003 1450
98 100004 1450
99 100000 1450
99 100001 1450
-2 0 1450
-2 1 1450
-2 5 1450
-5 3 1450
-5 4 1450
-4 2 1450
-4 4 1450
-3 2 1450
-3 3 1450
-3 5 1450
-1 1 1450
-1 5 1450
