0 2 82
0 4 50
0 5 12
0 9 28
0 139 116
0 14 128
0 16 77
0 146 147
0 25 50
0 26 106
0 31 103
0 160 133
0 33 73
0 169 57
0 43 141
0 52 84
0 181 146
0 54 15
0 186 50
0 61 14
0 53 49
0 199 127
0 79 40
0 81 83
0 82 60
0 84 63
0 142 111
0 99 124
0 102 155
0 106 62
0 124 49
1 32 69
1 65 58
1 2 153
1 3 78
1 198 72
1 8 109
1 156 63
1 106 92
1 107 38
1 60 61
1 24 84
1 115 115
1 20 16
1 85 64
1 22 147
1 56 90
1 92 128
1 30 64
2 129 115
2 3 120
2 4 101
2 133 143
2 6 121
2 7 90
2 8 112
2 9 55
2 10 69
2 11 10
2 14 97
2 15 97
2 17 18
2 18 41
2 19 31
2 21 24
2 22 53
2 23 119
2 27 136
2 69 140
2 33 20
2 34 34
2 35 16
2 37 12
2 167 52
2 168 18
2 46 130
2 52 66
2 182 39
2 137 58
2 58 62
2 151 125
2 61 151
2 63 134
2 64 115
2 193 51
2 66 95
2 197 149
2 161 124
2 55 71
2 83 89
2 87 83
2 89 147
2 107 94
2 97 39
2 145 125
2 39 38
2 189 150
2 112 25
2 113 52
2 114 98
2 147 82
2 117 112
2 120 76
3 32 74
3 6 43
3 167 155
3 136 127
3 7 115
3 12 58
3 144 142
3 178 115
3 150 87
4 67 66
4 5 46
4 102 130
4 137 153
4 108 26
4 16 114
4 51 82
5 134 137
5 104 71
5 31 49
5 95 44
5 114 50
5 51 14
5 149 33
5 187 44
5 53 102
6 50 75
6 19 115
6 23 77
7 29 149
8 132 30
8 68 51
8 104 64
8 74 34
8 11 32
8 13 155
8 77 82
8 112 97
8 141 57
8 20 59
8 24 141
8 56 142
8 121 10
8 15 67
8 158 103
9 181 119
9 10 88
9 13 97
9 47 87
10 66 35
10 127 143
10 62 134
10 47 104
11 84 126
11 12 77
11 27 125
11 36 96
11 17 101
13 34 71
13 30 112
13 50 62
13 70 10
14 172 10
14 21 22
14 38 88
14 29 127
15 54 43
16 28 137
16 92 26
16 110 113
16 111 29
16 25 18
16 183 59
16 153 95
16 124 94
16 190 122
17 98 154
17 105 61
17 48 42
17 18 128
17 57 49
17 26 64
17 155 107
18 105 10
18 140 90
18 36 103
18 69 144
18 55 105
19 97 137
19 195 30
19 39 147
19 42 53
19 90 35
19 123 85
20 74 15
21 42 34
21 76 69
22 96 135
22 136 57
22 130 65
22 198 111
22 49 76
23 35 124
23 44 136
23 78 96
23 49 136
23 131 15
23 88 82
23 57 60
23 94 90
24 90 61
24 164 85
25 162 10
25 115 132
25 166 114
25 73 21
25 109 91
25 110 38
25 111 30
25 177 96
25 179 49
25 116 53
25 41 65
25 87 118
25 148 124
25 58 21
25 28 70
26 64 140
26 48 98
27 41 146
27 75 152
27 142 88
27 174 17
27 189 137
28 161 11
28 162 142
28 73 94
28 109 14
28 179 105
28 153 95
29 130 129
29 163 37
29 38 45
30 125 153
31 82 146
31 59 68
31 45 151
31 154 138
32 65 31
32 166 97
32 40 78
32 80 106
32 45 84
32 144 65
32 156 130
33 128 69
33 103 52
33 43 150
33 81 146
33 146 145
33 184 79
34 68 20
34 63 79
35 86 83
35 180 113
35 37 57
35 78 152
35 159 45
36 175 59
37 95 90
37 91 25
37 119 35
38 163 133
38 172 67
39 40 111
39 59 22
39 71 45
41 83 46
41 177 116
41 75 80
41 155 98
41 46 31
42 123 13
42 44 136
43 128 70
43 143 57
43 174 20
43 199 19
44 88 121
46 85 27
47 117 122
47 101 67
47 62 116
47 71 26
48 98 73
48 76 92
51 67 48
51 100 20
51 149 135
51 191 17
52 169 53
52 178 21
52 122 66
52 118 46
53 160 60
53 171 22
53 108 136
53 133 70
53 159 82
54 196 27
55 140 33
56 60 92
56 77 12
57 96 147
57 70 101
57 72 107
57 138 49
57 187 96
57 93 99
58 192 89
58 176 88
58 116 127
58 127 47
60 135 18
61 129 134
65 80 145
65 91 101
65 126 54
67 191 64
67 100 123
67 94 103
67 79 69
68 89 20
68 170 125
70 72 21
70 157 112
70 175 107
72 185 97
72 93 152
73 154 75
73 86 49
77 120 83
78 180 13
79 192 51
81 99 132
81 139 149
81 103 111
83 168 126
84 186 145
85 173 93
89 145 45
89 170 22
89 151 66
89 188 38
89 113 43
91 188 90
92 119 23
93 185 68
93 138 23
94 171 56
95 125 24
97 195 90
98 101 144
100 121 21
103 176 144
104 158 95
104 165 114
104 134 66
104 141 147
105 126 22
108 118 155
110 135 26
112 147 54
112 132 51
115 131 59
115 164 138
116 194 153
116 122 30
122 194 66
125 197 40
128 143 30
134 165 133
138 152 73
144 150 101
145 152 147
147 148 104
147 173 121
153 157 20
153 190 85
153 183 60
164 184 61
169 182 28
191 193 55
194 100000 1450
194 100001 1450
194 196 132
195 100000 1450
195 100001 1450
195 100002 1450
195 100004 1450
196 100001 1450
196 100002 1450
197 100003 1450
197 100004 1450
198 100002 1450
198 100003 1450
199 100004 1450
-2 2 1450
-2 4 1450
-5 1 1450
-5 4 1450
-5 5 1450
-4 0 1450
-4 1 1450
-4 4 1450
-3 1 1450
-3 2 1450
-3 5 1450
-1 0 1450
-1 3 1450
-1 4 1450
