0 128 127
0 129 117
0 130 64
0 131 73
0 132 122
0 133 155
0 134 129
0 135 13
0 107 75
1 128 65
1 129 90
1 130 52
1 131 67
1 132 57
1 133 142
1 134 31
1 135 61
1 7 78
1 3 72
1 39 84
2 128 85
2 129 27
2 130 94
2 131 133
2 132 28
2 133 80
2 134 87
2 135 120
3 128 20
3 129 120
3 130 113
3 131 25
3 132 54
3 133 122
3 134 67
3 135 95
4 128 106
4 129 42
4 130 15
4 131 53
4 132 119
4 133 86
4 134 98
4 135 43
4 40 109
5 128 85
5 129 85
5 130 116
5 131 139
5 132 122
5 133 103
5 134 19
5 135 98
5 6 79
5 70 26
6 128 147
6 129 42
6 130 72
6 131 123
6 132 107
6 133 145
6 134 88
6 135 78
7 128 48
7 129 86
7 130 13
7 131 73
7 132 44
7 133 71
7 134 56
7 135 110
7 8 145
8 136 82
8 137 43
8 138 13
8 139 58
8 140 36
8 141 143
8 142 140
8 143 121
9 136 21
9 137 71
9 138 89
9 139 107
9 140 98
9 141 16
9 142 155
9 143 113
10 136 75
10 137 131
10 138 135
10 139 124
10 140 120
10 141 70
10 142 125
10 143 88
11 38 116
11 136 26
11 137 127
11 138 44
11 139 147
11 140 71
11 141 40
11 142 101
11 143 57
12 136 110
12 137 152
12 138 133
12 139 15
12 140 26
12 141 50
12 142 67
12 143 30
13 136 60
13 137 60
13 138 155
13 139 94
13 140 42
13 141 63
13 142 68
13 143 65
14 34 55
14 136 82
14 137 68
14 138 132
14 139 45
14 140 68
14 141 38
14 142 126
14 143 50
15 136 123
15 137 155
15 138 45
15 139 49
15 140 63
15 141 53
15 142 86
15 143 155
16 66 31
16 144 83
16 145 81
16 146 155
16 147 38
16 148 106
16 149 13
16 150 118
16 151 140
17 144 77
17 145 43
17 146 13
17 147 14
17 148 46
17 149 148
17 150 123
17 151 65
18 32 148
18 102 133
18 144 23
18 145 100
18 146 56
18 147 69
18 148 13
18 149 93
18 150 75
18 151 37
19 110 43
19 144 109
19 145 131
19 146 14
19 147 48
19 148 30
19 149 143
19 150 88
19 151 35
20 144 127
20 145 123
20 146 97
20 147 37
20 148 53
20 149 30
20 150 52
20 151 121
21 144 45
21 145 20
21 146 96
21 147 119
21 148 39
21 149 143
21 150 88
21 151 69
22 64 109
22 144 100
22 145 17
22 146 134
22 147 110
22 148 30
22 149 94
22 150 14
22 151 136
23 103 37
23 144 136
23 145 151
23 146 15
23 147 99
23 148 13
23 149 29
23 150 38
23 151 82
24 100 114
24 152 98
24 153 75
24 154 31
24 155 72
24 156 27
24 157 25
24 158 152
24 159 60
25 108 39
25 152 80
25 153 73
25 154 71
25 155 34
25 156 104
25 157 125
25 158 99
25 159 147
26 152 18
26 153 29
26 154 50
26 155 143
26 156 47
26 157 100
26 158 80
26 159 134
27 35 133
27 152 59
27 153 83
27 154 54
27 155 46
27 156 113
27 157 15
27 158 39
27 159 21
28 152 26
28 153 19
28 154 133
28 155 80
28 156 90
28 157 82
28 158 100
28 159 97
29 36 81
29 152 55
29 153 38
29 154 70
29 155 135
29 156 63
29 157 68
29 158 45
29 159 43
30 152 28
30 153 98
30 154 143
30 155 46
30 156 38
30 157 31
30 158 91
30 159 70
31 152 30
31 153 128
31 154 106
31 155 95
31 156 116
31 157 18
31 158 47
31 159 88
32 160 20
32 161 33
32 162 13
32 163 99
32 164 83
32 165 150
32 166 115
32 167 124
32 33 58
33 160 124
33 161 83
33 162 112
33 163 119
33 164 55
33 165 115
33 166 103
33 167 12
33 111 32
34 160 66
34 161 144
34 162 97
34 163 127
34 164 54
34 165 117
34 166 39
34 167 131
35 160 133
35 161 111
35 162 58
35 163 39
35 164 55
35 165 33
35 166 17
35 167 27
35 37 17
36 160 152
36 161 145
36 162 66
36 163 120
36 164 71
36 165 146
36 166 149
36 167 73
37 160 136
37 161 41
37 162 75
37 163 86
37 164 34
37 165 145
37 166 151
37 167 119
38 160 134
38 161 49
38 162 45
38 163 83
38 164 133
38 165 83
38 166 18
38 167 39
39 160 50
39 161 14
39 162 126
39 163 27
39 164 88
39 165 69
39 166 27
39 167 135
40 168 64
40 169 138
40 170 68
40 171 47
40 172 135
40 173 24
40 174 41
40 175 118
41 98 153
41 168 23
41 169 97
41 170 76
41 171 139
41 172 115
41 173 43
41 174 48
41 175 113
41 104 124
42 168 53
42 169 130
42 170 96
42 171 73
42 172 21
42 173 126
42 174 149
42 175 76
43 168 35
43 169 25
43 170 126
43 171 14
43 172 80
43 173 114
43 174 114
43 175 72
44 67 82
44 168 80
44 169 98
44 170 102
44 171 21
44 172 137
44 173 78
44 174 99
44 175 41
45 168 149
45 169 100
45 170 75
45 171 133
45 172 96
45 173 62
45 174 73
45 175 46
46 65 87
46 68 101
46 168 16
46 169 92
46 170 58
46 171 21
46 172 138
46 173 136
46 174 48
46 175 72
47 168 11
47 169 61
47 170 74
47 171 15
47 172 12
47 173 48
47 174 154
47 175 135
48 176 104
48 177 31
48 178 59
48 179 93
48 180 39
48 181 103
48 182 74
48 183 32
49 176 40
49 177 99
49 178 26
49 179 62
49 180 28
49 181 22
49 182 82
49 183 145
50 176 106
50 177 115
50 178 82
50 179 76
50 180 137
50 181 84
50 182 113
50 183 105
51 176 74
51 177 106
51 178 58
51 179 137
51 180 101
51 181 83
51 182 49
51 183 54
52 176 70
52 177 54
52 178 85
52 179 81
52 180 66
52 181 120
52 182 37
52 183 49
53 176 153
53 177 138
53 178 113
53 179 152
53 180 14
53 181 91
53 182 23
53 183 98
54 69 132
54 106 113
54 176 140
54 177 51
54 178 66
54 179 49
54 180 95
54 181 52
54 182 102
54 183 99
55 176 130
55 177 49
55 178 86
55 179 146
55 180 108
55 181 82
55 182 147
55 183 28
56 184 83
56 185 150
56 186 26
56 187 34
56 188 54
56 189 65
56 190 104
56 191 62
57 184 132
57 185 133
57 186 82
57 187 105
57 188 80
57 189 155
57 190 66
57 191 123
58 184 113
58 185 153
58 186 122
58 187 85
58 188 151
58 189 118
58 190 67
58 191 55
59 184 94
59 185 117
59 186 55
59 187 138
59 188 26
59 189 34
59 190 128
59 191 18
60 184 87
60 185 50
60 186 116
60 187 29
60 188 120
60 189 55
60 190 89
60 191 123
61 184 34
61 185 128
61 186 27
61 187 101
61 188 29
61 189 69
61 190 151
61 191 99
62 184 16
62 185 61
62 186 117
62 187 94
62 188 132
62 189 127
62 190 51
62 191 11
63 184 18
63 185 107
63 186 130
63 187 52
63 188 91
63 189 138
63 190 120
63 191 111
64 192 122
64 193 19
64 194 131
64 195 26
64 196 122
64 197 154
64 198 10
64 199 72
65 192 124
65 193 61
65 194 42
65 195 15
65 196 135
65 197 91
65 198 137
65 199 38
66 192 61
66 193 89
66 194 79
66 195 85
66 196 137
66 197 151
66 198 77
66 199 94
67 192 117
67 193 74
67 194 53
67 195 145
67 196 123
67 197 59
67 198 15
67 199 101
68 192 12
68 193 64
68 194 21
68 195 109
68 196 139
68 197 79
68 198 54
68 199 24
68 71 13
69 192 154
69 193 55
69 194 44
69 195 120
69 196 129
69 197 88
69 198 153
69 199 83
69 101 71
70 192 33
70 193 49
70 194 128
70 195 67
70 196 126
70 197 128
70 198 34
70 199 140
71 192 28
71 193 54
71 194 85
71 195 132
71 196 12
71 197 72
71 198 131
71 199 13
72 97 110
72 200 31
72 201 25
72 202 40
72 203 77
72 204 103
72 205 58
72 206 136
72 207 32
73 200 103
73 201 129
73 202 69
73 203 113
73 204 119
73 205 152
73 206 46
73 207 154
73 105 78
74 200 119
74 201 78
74 202 94
74 203 89
74 204 17
74 205 83
74 206 52
74 207 117
75 200 128
75 201 10
75 202 121
75 203 18
75 204 142
75 205 30
75 206 42
75 207 91
76 200 24
76 201 112
76 202 20
76 203 136
76 204 66
76 205 124
76 206 137
76 207 31
77 200 63
77 201 108
77 202 151
77 203 76
77 204 99
77 205 129
77 206 25
77 207 138
78 96 102
78 200 49
78 201 136
78 202 142
78 203 116
78 204 12
78 205 92
78 206 36
78 207 130
79 200 61
79 201 105
79 202 105
79 203 58
79 204 35
79 205 49
79 206 54
79 207 52
80 208 66
80 209 51
80 210 90
80 211 49
80 212 26
80 213 137
80 214 13
80 215 112
81 208 107
81 209 15
81 210 122
81 211 137
81 212 111
81 213 149
81 214 152
81 215 40
82 208 146
82 209 78
82 210 131
82 211 26
82 212 24
82 213 66
82 214 90
82 215 12
83 208 128
83 209 53
83 210 62
83 211 65
83 212 89
83 213 152
83 214 77
83 215 36
84 208 143
84 209 96
84 210 13
84 211 62
84 212 90
84 213 48
84 214 112
84 215 82
85 208 146
85 209 26
85 210 21
85 211 123
85 212 126
85 213 122
85 214 20
85 215 67
86 208 128
86 209 78
86 210 133
86 211 95
86 212 70
86 213 51
86 214 55
86 215 152
87 208 71
87 209 46
87 210 30
87 211 60
87 212 66
87 213 69
87 214 81
87 215 140
88 216 119
88 217 143
88 218 111
88 219 17
88 220 135
88 221 99
88 222 101
88 223 75
89 216 90
89 217 102
89 218 107
89 219 84
89 220 60
89 221 119
89 222 44
89 223 56
90 216 143
90 217 21
90 218 104
90 219 112
90 220 82
90 221 62
90 222 121
90 223 69
91 99 13
91 216 117
91 217 124
91 218 90
91 219 63
91 220 76
91 221 99
91 222 111
91 223 56
92 216 62
92 217 64
92 218 73
92 219 122
92 220 10
92 221 152
92 222 131
92 223 107
93 216 142
93 217 136
93 218 84
93 219 28
93 220 138
93 221 72
93 222 151
93 223 84
94 216 82
94 217 70
94 218 87
94 219 32
94 220 22
94 221 95
94 222 59
94 223 67
95 216 92
95 217 63
95 218 45
95 219 49
95 220 132
95 221 116
95 222 64
95 223 141
96 224 71
96 225 67
96 226 89
96 227 91
96 228 14
96 229 60
96 230 36
96 231 57
97 224 75
97 225 44
97 226 135
97 227 155
97 228 149
97 229 94
97 230 100
97 231 62
98 224 127
98 225 94
98 226 150
98 227 21
98 228 51
98 229 135
98 230 23
98 231 152
99 224 48
99 225 28
99 226 154
99 227 127
99 228 10
99 229 48
99 230 130
99 231 105
100 224 125
100 225 138
100 226 33
100 227 144
100 228 87
100 229 44
100 230 131
100 231 16
101 224 70
101 225 19
101 226 17
101 227 105
101 228 139
101 229 103
101 230 42
101 231 111
102 224 28
102 225 64
102 226 120
102 227 61
102 228 35
102 229 14
102 230 18
102 231 132
103 224 126
103 225 49
103 226 41
103 227 102
103 228 13
103 229 88
103 230 26
103 231 65
104 232 148
104 233 29
104 234 25
104 235 153
104 236 64
104 237 14
104 238 92
104 239 79
105 232 70
105 233 108
105 234 44
105 235 139
105 236 77
105 237 141
105 238 90
105 239 58
106 232 13
106 233 68
106 234 96
106 235 115
106 236 83
106 237 97
106 238 128
106 239 24
106 109 74
107 232 99
107 233 128
107 234 43
107 235 66
107 236 152
107 237 111
107 238 149
107 239 154
108 232 26
108 233 93
108 234 100
108 235 148
108 236 133
108 237 125
108 238 13
108 239 19
109 232 55
109 233 89
109 234 76
109 235 117
109 236 86
109 237 120
109 238 79
109 239 139
110 232 61
110 233 27
110 234 76
110 235 10
110 236 103
110 237 63
110 238 150
110 239 97
111 232 114
111 233 33
111 234 105
111 235 15
111 236 129
111 237 150
111 238 22
111 239 126
112 240 142
112 241 154
112 242 75
112 243 97
112 244 87
112 245 59
112 246 48
112 247 142
113 240 56
113 241 58
113 242 36
113 243 53
113 244 71
113 245 53
113 246 91
113 247 35
114 240 73
114 241 72
114 242 111
114 243 85
114 244 51
114 245 46
114 246 149
114 247 110
115 240 125
115 241 59
115 242 89
115 243 121
115 244 90
115 245 86
115 246 127
115 247 125
116 240 131
116 241 34
116 242 93
116 243 20
116 244 139
116 245 47
116 246 80
116 247 37
117 240 124
117 241 21
117 242 67
117 243 50
117 244 23
117 245 90
117 246 133
117 247 22
118 240 80
118 241 68
118 242 60
118 243 134
118 244 56
118 245 136
118 246 59
118 247 105
119 240 31
119 241 32
119 242 111
119 243 86
119 244 104
119 245 75
119 246 55
119 247 106
120 248 99
120 249 69
120 250 63
120 251 22
120 252 53
120 253 61
120 254 97
120 255 116
121 248 124
121 249 43
121 250 76
121 251 68
121 252 43
121 253 134
121 254 110
121 255 100
122 248 64
122 249 90
122 250 81
122 251 12
122 252 70
122 253 47
122 254 129
122 255 114
123 248 71
123 249 120
123 250 21
123 251 11
123 252 47
123 253 64
123 254 145
123 255 82
124 248 93
124 249 85
124 250 47
124 251 94
124 252 137
124 253 52
124 254 108
124 255 40
125 248 38
125 249 35
125 250 44
125 251 97
125 252 30
125 253 56
125 254 91
125 255 38
126 248 100
126 249 119
126 250 17
126 251 68
126 252 102
126 253 98
126 254 27
126 255 34
127 248 16
127 249 61
127 250 107
127 251 52
127 252 58
127 253 113
127 254 54
127 255 17
128 262 24
128 257 89
128 258 141
128 256 151
128 259 38
128 260 120
128 263 28
128 261 88
129 264 128
129 265 37
129 266 85
129 267 119
129 268 17
129 269 145
129 270 126
129 271 137
130 272 113
130 273 44
130 274 72
130 275 151
130 276 11
130 277 85
130 278 33
130 279 141
131 280 86
131 281 64
131 282 138
131 283 57
131 284 138
131 285 121
131 286 27
131 287 110
132 290 74
132 289 149
132 288 85
132 294 52
132 291 99
132 292 103
132 295 32
132 293 92
133 296 28
133 297 52
133 298 117
133 299 136
133 300 125
133 301 88
133 302 35
133 303 31
134 304 95
134 305 150
134 306 43
134 307 99
134 308 49
134 309 80
134 310 55
134 311 60
135 312 63
135 313 117
135 314 19
135 315 119
135 316 100
135 317 127
135 318 60
135 319 82
136 256 107
136 257 145
136 258 33
136 259 70
136 260 94
136 261 94
136 262 44
136 263 112
137 267 54
137 264 66
137 269 126
137 270 47
137 268 81
137 265 91
137 271 148
137 266 21
138 272 97
138 273 153
138 274 48
138 275 50
138 276 31
138 277 46
138 278 93
138 279 106
139 280 57
139 281 104
139 282 76
139 283 91
139 284 86
139 285 112
139 286 138
139 287 54
140 288 113
140 289 87
140 290 144
140 291 66
140 292 116
140 293 129
140 294 144
140 295 84
140 12 118
140 13 83
140 14 56
140 15 134
141 299 85
141 9 126
141 10 51
141 11 130
141 12 93
141 13 110
141 14 107
141 15 87
141 296 83
141 302 43
141 300 87
141 301 69
141 297 35
141 303 114
141 298 102
142 304 41
142 305 147
142 306 38
142 307 78
142 308 47
142 309 129
142 310 141
142 311 127
143 312 21
143 313 70
143 314 129
143 315 53
143 316 82
143 317 53
143 318 151
143 319 61
144 256 101
144 257 32
144 258 57
144 259 106
144 260 21
144 261 45
144 262 11
144 263 149
145 264 32
145 265 27
145 266 84
145 267 56
145 268 67
145 269 71
145 270 45
145 271 37
145 17 70
145 18 113
145 19 56
145 20 33
145 21 95
145 22 29
145 23 84
146 272 33
146 278 57
146 273 97
146 275 152
146 279 76
146 274 58
146 16 70
146 17 59
146 18 73
146 19 102
146 20 94
146 21 60
146 22 106
146 23 27
146 276 97
146 277 26
147 280 82
147 281 118
147 282 49
147 283 76
147 284 58
147 285 39
147 286 133
147 287 31
148 288 79
148 289 28
148 290 21
148 291 69
148 292 155
148 293 89
148 294 20
148 295 131
148 16 13
148 17 62
148 18 94
148 19 82
148 20 56
148 21 74
148 22 102
148 23 14
149 296 55
149 297 56
149 298 113
149 299 153
149 300 18
149 301 125
149 302 13
149 303 24
149 16 17
149 17 149
149 18 109
149 19 66
149 20 130
149 21 64
149 22 121
149 23 152
150 304 65
150 310 116
150 305 134
150 307 108
150 311 71
150 306 127
150 16 130
150 17 116
150 18 132
150 19 114
150 20 34
150 21 110
150 22 114
150 23 46
150 308 106
150 309 50
151 312 128
151 313 15
151 314 82
151 315 124
151 316 70
151 317 16
151 318 57
151 319 139
152 256 112
152 257 136
152 258 131
152 259 63
152 260 17
152 261 147
152 262 94
152 263 39
152 24 22
152 25 85
152 26 139
152 27 27
152 28 40
152 29 18
152 30 24
152 31 59
153 264 50
153 265 51
153 266 123
153 267 69
153 268 124
153 269 88
153 270 11
153 271 45
153 24 133
153 25 155
153 26 143
153 27 123
153 28 101
153 29 143
153 30 100
153 31 11
154 272 144
154 273 21
154 274 61
154 275 153
154 276 18
154 277 109
154 278 28
154 279 87
154 24 17
154 25 113
154 26 123
154 27 68
154 28 94
154 29 25
154 30 88
154 31 148
155 282 138
155 284 61
155 285 50
155 287 76
155 280 31
155 283 68
155 286 33
155 281 155
155 24 140
155 25 147
155 26 154
155 27 106
155 28 70
155 29 94
155 30 135
155 31 66
156 288 110
156 289 21
156 290 114
156 291 130
156 292 130
156 293 15
156 294 65
156 295 148
156 24 49
156 25 139
156 26 46
156 27 98
156 28 53
156 29 109
156 30 43
156 31 100
157 296 65
157 297 98
157 298 43
157 299 103
157 300 13
157 301 153
157 302 54
157 303 43
157 24 109
157 25 25
157 26 103
157 27 114
157 28 49
157 29 76
157 30 103
157 31 90
158 304 125
158 305 152
158 306 12
158 307 78
158 308 150
158 309 129
158 310 100
158 311 125
158 24 109
158 25 71
158 26 24
158 27 87
158 28 11
158 29 150
158 30 127
158 31 143
159 315 11
159 314 56
159 316 114
159 317 82
159 312 91
159 318 107
159 319 96
159 313 40
159 24 149
159 25 94
159 26 109
159 27 40
159 28 26
159 29 37
159 30 145
159 31 66
160 262 62
160 257 81
160 258 82
160 256 146
160 259 47
160 260 108
160 263 37
160 261 89
161 264 35
161 265 76
161 266 112
161 267 107
161 268 18
161 269 134
161 270 83
161 271 10
162 272 17
162 273 93
162 274 136
162 275 10
162 276 86
162 277 149
162 278 136
162 279 121
163 280 98
163 281 77
163 282 46
163 283 39
163 284 89
163 285 143
163 286 109
163 287 60
164 290 72
164 289 135
164 288 64
164 294 115
164 291 123
164 292 82
164 295 73
164 293 155
165 296 134
165 297 25
165 298 49
165 299 44
165 300 90
165 301 44
165 302 97
165 303 78
166 304 40
166 305 153
166 306 139
166 307 116
166 308 27
166 309 120
166 310 19
166 311 12
167 312 72
167 313 43
167 314 31
167 315 105
167 316 122
167 317 12
167 318 49
167 319 87
168 256 16
168 257 55
168 258 81
168 259 26
168 260 155
168 261 72
168 262 111
168 263 64
169 267 33
169 264 66
169 269 32
169 270 113
169 268 88
169 265 32
169 271 146
169 266 107
170 272 123
170 273 30
170 274 15
170 275 89
170 276 32
170 277 83
170 278 75
170 279 136
171 280 153
171 281 67
171 282 14
171 283 139
171 284 69
171 285 129
171 286 84
171 287 115
172 288 94
172 289 139
172 290 73
172 291 87
172 292 128
172 293 130
172 294 110
172 295 25
172 42 112
172 43 110
172 44 109
172 45 24
172 46 24
172 47 148
173 299 154
173 41 74
173 42 45
173 43 48
173 44 67
173 45 137
173 46 115
173 47 116
173 296 20
173 302 91
173 300 76
173 301 14
173 297 48
173 303 26
173 298 118
174 304 44
174 305 34
174 306 74
174 307 151
174 308 39
174 309 90
174 310 100
174 311 147
175 312 34
175 313 57
175 314 94
175 315 83
175 316 110
175 317 31
175 318 134
175 319 39
176 256 71
176 257 41
176 258 114
176 259 87
176 260 86
176 261 66
176 262 113
176 263 62
177 264 153
177 265 97
177 266 128
177 267 17
177 268 28
177 269 82
177 270 134
177 271 89
178 272 37
178 278 94
178 273 129
178 275 103
178 279 40
178 274 153
178 276 117
178 277 133
179 280 68
179 281 100
179 282 30
179 283 120
179 284 60
179 285 138
179 286 39
179 287 116
180 288 127
180 289 138
180 290 131
180 291 147
180 292 126
180 293 75
180 294 40
180 295 81
180 48 138
180 49 75
180 50 38
180 51 11
180 52 31
180 53 122
180 54 150
180 55 114
181 296 28
181 297 143
181 298 50
181 299 24
181 300 105
181 301 138
181 302 113
181 303 78
181 48 106
181 49 15
181 50 51
181 51 122
181 52 68
181 53 56
181 54 43
181 55 30
182 304 113
182 310 94
182 305 82
182 307 10
182 311 112
182 306 68
182 48 16
182 49 97
182 50 114
182 51 112
182 52 21
182 53 115
182 54 153
182 55 150
182 308 44
182 309 118
183 312 26
183 313 18
183 314 82
183 315 148
183 316 63
183 317 84
183 318 96
183 319 105
184 256 98
184 257 28
184 258 43
184 259 49
184 260 119
184 261 99
184 262 126
184 263 74
184 56 22
184 57 103
184 58 53
184 59 119
184 60 94
184 61 151
184 62 110
184 63 38
185 264 103
185 265 94
185 266 140
185 267 54
185 268 70
185 269 26
185 270 12
185 271 15
185 56 54
185 57 27
185 58 93
185 59 13
185 60 10
185 61 109
185 62 121
185 63 149
186 272 27
186 273 133
186 274 30
186 275 22
186 276 132
186 277 41
186 278 96
186 279 110
186 56 109
186 57 113
186 58 147
186 59 49
186 60 16
186 61 60
186 62 80
186 63 128
187 282 52
187 284 16
187 285 107
187 287 74
187 280 106
187 283 106
187 286 127
187 281 77
187 56 51
187 57 34
187 58 84
187 59 32
187 60 68
187 61 128
187 62 33
187 63 106
188 288 110
188 289 32
188 290 154
188 291 100
188 292 31
188 293 24
188 294 55
188 295 88
188 56 112
188 57 66
188 58 86
188 59 56
188 60 13
188 61 78
188 62 114
188 63 78
189 296 28
189 297 59
189 298 22
189 299 87
189 300 21
189 301 114
189 302 85
189 303 31
189 56 75
189 57 58
189 58 140
189 59 142
189 60 76
189 61 116
189 62 68
189 63 112
190 304 30
190 305 27
190 306 50
190 307 125
190 308 102
190 309 105
190 310 72
190 311 58
190 56 153
190 57 75
190 58 63
190 59 64
190 60 86
190 61 128
190 62 22
190 63 49
191 315 52
191 314 35
191 316 126
191 317 137
191 312 122
191 318 111
191 319 55
191 313 87
191 56 155
191 57 122
191 58 133
191 59 72
191 60 143
191 61 80
191 62 59
191 63 46
192 262 108
192 257 118
192 258 49
192 256 22
192 259 25
192 260 152
192 263 10
192 261 103
193 264 104
193 265 54
193 266 150
193 267 12
193 268 81
193 269 54
193 270 125
193 271 137
194 272 91
194 273 154
194 274 22
194 275 23
194 276 70
194 277 132
194 278 111
194 279 11
195 280 10
195 281 41
195 282 58
195 283 65
195 284 73
195 285 96
195 286 114
195 287 113
196 290 70
196 289 98
196 288 151
196 294 143
196 291 144
196 292 20
196 295 61
196 293 82
197 296 133
197 297 36
197 298 81
197 299 40
197 300 99
197 301 138
197 302 90
197 303 70
198 304 70
198 305 91
198 306 40
198 307 105
198 308 92
198 309 98
198 310 138
198 311 153
199 312 60
199 313 87
199 314 38
199 315 154
199 316 145
199 317 51
199 318 42
199 319 104
200 256 132
200 257 28
200 258 40
200 259 63
200 260 75
200 261 37
200 262 56
200 263 141
201 267 74
201 264 133
201 269 64
201 270 121
201 268 62
201 265 69
201 271 38
201 266 135
202 272 44
202 273 89
202 274 49
202 275 10
202 276 81
202 277 54
202 278 49
202 279 89
203 280 64
203 281 150
203 282 37
203 283 141
203 284 60
203 285 39
203 286 111
203 287 55
204 288 139
204 289 101
204 290 151
204 291 53
204 292 67
204 293 102
204 294 22
204 295 154
204 72 53
204 73 132
204 74 71
204 75 11
204 76 141
204 77 105
204 78 22
204 79 105
205 299 150
205 73 99
205 74 22
205 75 46
205 76 148
205 77 15
205 78 56
205 79 45
205 296 105
205 302 94
205 300 94
205 301 98
205 297 107
205 303 48
205 298 128
206 304 61
206 305 29
206 306 26
206 307 28
206 308 96
206 309 28
206 310 74
206 311 34
207 312 41
207 313 112
207 314 155
207 315 123
207 316 25
207 317 74
207 318 31
207 319 152
208 256 94
208 257 23
208 258 106
208 259 22
208 260 140
208 261 11
208 262 136
208 263 25
209 264 63
209 265 75
209 266 46
209 267 93
209 268 12
209 269 65
209 270 82
209 271 22
210 272 118
210 278 42
210 273 31
210 275 122
210 279 148
210 274 20
210 276 59
210 277 64
211 280 65
211 281 90
211 282 154
211 283 16
211 284 24
211 285 82
211 286 154
211 287 64
212 288 19
212 289 35
212 290 105
212 291 14
212 292 113
212 293 137
212 294 45
212 295 151
212 80 72
212 81 105
212 82 110
212 83 102
212 84 18
212 85 35
212 86 145
212 87 67
213 296 136
213 297 116
213 298 110
213 299 136
213 300 142
213 301 12
213 302 95
213 303 30
213 80 72
213 81 20
213 82 126
213 83 153
213 84 40
213 85 53
213 86 149
213 87 103
214 304 121
214 310 54
214 305 46
214 307 123
214 311 92
214 306 86
214 80 98
214 81 147
214 82 11
214 83 115
214 84 36
214 85 22
214 86 143
214 87 121
214 308 30
214 309 22
215 312 131
215 313 75
215 314 119
215 315 112
215 316 75
215 317 120
215 318 122
215 319 75
216 256 37
216 257 36
216 258 47
216 259 40
216 260 55
216 261 55
216 262 39
216 263 78
216 88 32
216 89 25
216 90 95
216 91 18
216 92 145
216 93 90
216 94 18
216 95 136
217 264 110
217 265 75
217 266 48
217 267 92
217 268 93
217 269 148
217 270 21
217 271 11
217 88 23
217 89 100
217 90 78
217 91 82
217 92 125
217 93 20
217 94 131
217 95 37
218 272 87
218 273 89
218 274 19
218 275 73
218 276 15
218 277 125
218 278 145
218 279 138
218 88 19
218 89 82
218 90 121
218 91 122
218 92 136
218 93 27
218 94 132
218 95 121
219 282 15
219 284 115
219 285 94
219 287 34
219 280 64
219 283 93
219 286 139
219 281 88
219 88 109
219 89 139
219 90 108
219 91 97
219 92 141
219 93 29
219 94 16
219 95 57
220 288 150
220 289 60
220 290 112
220 291 92
220 292 149
220 293 31
220 294 103
220 295 37
220 88 24
220 89 31
220 90 147
220 91 102
220 92 87
220 93 51
220 94 152
220 95 110
221 296 107
221 297 65
221 298 99
221 299 18
221 300 43
221 301 88
221 302 76
221 303 138
221 88 82
221 89 25
221 90 85
221 91 93
221 92 145
221 93 70
221 94 51
221 95 142
222 304 149
222 305 107
222 306 37
222 307 113
222 308 81
222 309 61
222 310 149
222 311 18
222 88 76
222 89 145
222 90 16
222 91 139
222 92 123
222 93 43
222 94 117
222 95 117
223 315 53
223 314 66
223 316 10
223 317 38
223 312 134
223 318 55
223 319 101
223 313 95
223 88 19
223 89 107
223 90 93
223 91 103
223 92 52
223 93 39
223 94 119
223 95 117
224 262 27
224 257 42
224 258 123
224 256 82
224 259 134
224 260 115
224 263 122
224 261 124
225 264 121
225 265 39
225 266 127
225 267 110
225 268 128
225 269 100
225 270 144
225 271 99
226 272 99
226 273 42
226 274 127
226 275 13
226 276 94
226 277 83
226 278 79
226 279 18
227 280 32
227 281 58
227 282 29
227 283 10
227 284 114
227 285 48
227 286 54
227 287 89
228 290 111
228 289 130
228 288 70
228 294 29
228 291 118
228 292 126
228 295 42
228 293 29
229 296 59
229 297 55
229 298 131
229 299 43
229 300 29
229 301 33
229 302 33
229 303 154
230 304 90
230 305 130
230 306 21
230 307 81
230 308 121
230 309 32
230 310 78
230 311 80
231 312 24
231 313 153
231 314 30
231 315 134
231 316 103
231 317 143
231 318 49
231 319 13
232 256 155
232 257 71
232 258 128
232 259 63
232 260 115
232 261 85
232 262 144
232 263 130
233 267 39
233 264 24
233 269 91
233 270 137
233 268 106
233 265 25
233 271 62
233 266 105
234 272 146
234 273 85
234 274 113
234 275 148
234 276 69
234 277 45
234 278 59
234 279 38
235 280 55
235 281 124
235 282 71
235 283 82
235 284 76
235 285 26
235 286 110
235 287 61
236 288 138
236 289 67
236 290 97
236 291 62
236 292 130
236 293 44
236 294 108
236 295 52
237 299 121
237 296 93
237 302 66
237 300 55
237 301 143
237 297 50
237 303 58
237 298 135
238 304 110
238 305 133
238 306 18
238 307 55
238 308 61
238 309 53
238 310 128
238 311 33
239 312 22
239 313 130
239 314 104
239 315 60
239 316 132
239 317 66
239 318 35
239 319 30
240 256 154
240 257 114
240 258 98
240 259 60
240 260 96
240 261 36
240 262 51
240 263 87
241 264 111
241 265 117
241 266 130
241 267 112
241 268 63
241 269 30
241 270 81
241 271 129
242 272 101
242 278 137
242 273 43
242 275 100
242 279 77
242 274 53
242 276 37
242 277 63
243 280 56
243 281 130
243 282 28
243 283 29
243 284 22
243 285 13
243 286 138
243 287 95
244 288 56
244 289 133
244 290 113
244 291 137
244 292 116
244 293 138
244 294 41
244 295 61
244 112 125
244 113 153
244 114 155
244 115 80
244 116 16
244 117 126
244 118 152
244 119 17
245 296 41
245 297 12
245 298 143
245 299 115
245 300 58
245 301 13
245 302 146
245 303 41
245 112 115
245 113 134
245 114 97
245 115 91
245 116 25
245 117 42
245 118 79
245 119 104
246 304 90
246 310 125
246 305 32
246 307 96
246 311 115
246 306 105
246 112 12
246 113 66
246 114 69
246 115 18
246 116 121
246 117 50
246 118 34
246 119 38
246 308 64
246 309 142
247 312 17
247 313 47
247 314 59
247 315 81
247 316 145
247 317 76
247 318 69
247 319 147
248 256 147
248 257 76
248 258 86
248 259 136
248 260 46
248 261 76
248 262 116
248 263 119
248 120 100
248 121 13
248 122 144
248 123 147
248 124 39
248 125 49
248 126 27
248 127 146
249 264 97
249 265 81
249 266 112
249 267 29
249 268 15
249 269 84
249 270 40
249 271 128
249 120 19
249 121 110
249 122 120
249 123 75
249 124 108
249 125 44
249 126 30
249 127 28
250 272 67
250 273 34
250 274 43
250 275 38
250 276 49
250 277 137
250 278 72
250 279 73
250 120 92
250 121 53
250 122 108
250 123 98
250 124 148
250 125 110
250 126 46
250 127 66
251 282 22
251 284 134
251 285 22
251 287 49
251 280 94
251 283 109
251 286 46
251 281 155
251 120 40
251 121 10
251 122 149
251 123 138
251 124 11
251 125 60
251 126 37
251 127 111
252 288 23
252 289 48
252 290 24
252 291 53
252 292 115
252 293 69
252 294 45
252 295 29
252 120 48
252 121 87
252 122 81
252 123 57
252 124 36
252 125 152
252 126 42
252 127 132
253 296 15
253 297 37
253 298 93
253 299 145
253 300 136
253 301 30
253 302 74
253 303 65
253 120 86
253 121 54
253 122 42
253 123 70
253 124 109
253 125 55
253 126 80
253 127 133
254 304 99
254 305 29
254 306 99
254 307 45
254 308 56
254 309 92
254 310 93
254 311 68
254 120 145
254 121 152
254 122 21
254 123 124
254 124 74
254 125 28
254 126 39
254 127 80
255 315 140
255 314 155
255 316 23
255 317 17
255 312 32
255 318 29
255 319 39
255 313 37
255 120 122
255 121 136
255 122 45
255 123 136
255 124 16
255 125 36
255 126 32
255 127 13
256 275 66
257 287 91
258 275 73
259 304 102
260 300 112
261 270 118
262 308 77
263 312 93
264 284 108
265 294 91
266 272 76
267 295 155
268 296 47
269 293 46
270 304 59
271 319 65
272 276 29
273 319 75
274 286 10
275 288 103
276 297 132
277 297 82
278 292 149
279 296 118
280 283 35
281 314 25
282 312 62
283 304 100
284 313 19
285 315 33
286 311 140
287 302 146
288 295 22
289 303 34
290 307 27
291 298 105
292 302 128
293 315 148
294 302 142
295 298 34
296 302 138
297 316 75
298 313 10
299 309 146
300 317 93
301 307 130
302 316 23
303 319 99
304 306 69
305 315 125
306 318 98
307 316 53
308 311 17
309 314 118
310 317 148
311 314 122
312 316 36
313 319 144
314 100000 1450
314 100002 1450
314 100004 1450
315 100001 1450
315 100003 1450
315 100004 1450
316 100000 1450
316 100001 1450
317 100003 1450
317 100002 1450
318 319 39
319 100000 1450
-2 1 1450
-2 2 1450
-2 4 1450
-5 2 1450
-5 4 1450
-4 0 1450
-4 1 1450
-3 2 1450
-3 5 1450
-1 2 1450
-1 4 1450
