0 32 155
0 33 27
0 35 98
0 6 110
2 9 97
2 34 125
3 33 62
3 34 75
3 35 58
4 37 148
4 39 132
5 8 125
5 37 22
5 38 101
5 13 88
6 10 43
6 36 38
6 38 35
7 36 73
7 37 150
7 38 94
7 39 138
8 41 60
8 43 63
8 14 135
8 15 118
9 42 146
9 43 54
10 41 142
10 12 27
11 40 81
12 46 31
12 47 31
13 45 139
13 47 81
14 44 93
14 47 44
15 45 74
16 48 143
16 49 152
16 50 124
16 51 84
17 49 135
17 50 150
17 51 19
18 48 85
18 49 71
18 50 96
19 51 10
20 53 100
20 54 139
20 55 138
21 53 76
21 54 148
21 55 138
22 52 86
22 53 17
22 54 108
22 55 133
23 52 122
23 53 132
23 54 112
23 55 31
24 56 64
24 57 129
24 58 112
25 56 33
25 57 145
25 59 93
26 56 141
26 58 43
26 59 33
27 56 20
27 58 89
27 59 51
28 62 61
28 63 29
29 60 67
29 61 130
29 62 118
29 63 55
30 60 38
30 61 23
30 62 72
31 63 23
32 64 136
32 67 110
32 65 85
33 68 121
33 69 102
33 70 78
33 71 91
34 72 108
34 73 82
34 2 104
34 3 149
34 74 36
35 76 56
35 77 140
35 79 82
36 64 134
36 65 114
36 67 120
36 7 73
37 68 38
37 70 124
37 71 99
37 4 119
37 69 145
38 72 106
38 73 117
38 74 106
38 75 47
39 76 29
39 77 131
39 78 79
39 7 21
40 64 109
40 65 149
40 66 30
40 11 90
40 67 124
41 68 78
41 70 65
41 71 111
42 72 114
42 75 68
42 73 39
43 76 11
43 78 83
43 79 42
44 64 56
44 66 35
44 67 124
45 71 42
45 69 126
46 72 47
46 73 87
46 74 45
46 75 116
47 77 81
47 76 91
47 79 59
48 64 56
48 67 47
48 66 154
49 68 65
49 69 96
49 70 77
49 71 63
49 16 45
49 17 131
49 18 11
50 72 12
50 73 102
50 74 39
50 75 122
50 16 70
50 17 102
50 18 79
51 76 24
51 77 85
51 78 147
51 79 147
51 16 23
51 17 37
51 19 89
52 64 42
52 65 124
52 66 25
52 67 95
52 22 141
52 23 58
53 68 116
53 69 28
53 70 148
53 71 23
53 20 134
53 21 54
53 22 60
53 23 46
54 72 82
54 73 54
54 74 138
54 75 155
54 20 37
54 21 148
54 22 96
54 23 71
55 76 126
55 77 12
55 78 21
55 79 42
55 20 93
55 21 95
55 22 15
55 23 113
56 64 69
56 65 45
56 66 116
56 67 109
56 24 90
56 25 92
56 26 89
56 27 141
57 68 30
57 69 115
57 70 58
57 71 134
57 24 20
57 25 92
58 72 72
58 73 153
58 74 94
58 75 32
58 24 50
58 26 113
58 27 127
59 76 54
59 77 122
59 78 142
59 79 146
59 25 10
59 26 24
59 27 148
60 64 128
60 65 67
60 66 125
60 67 131
60 29 93
60 30 86
61 68 43
61 69 61
61 70 56
61 71 82
61 29 140
61 30 58
62 72 45
62 73 98
62 74 126
62 75 131
62 28 28
62 29 26
62 30 104
63 76 120
63 77 58
63 78 108
63 79 50
63 28 21
63 29 122
63 31 26
64 72 69
65 73 101
66 75 18
67 72 10
68 70 48
69 76 54
70 78 44
71 77 54
72 74 20
73 100000 1450
74 100000 1450
74 100001 1450
74 100003 1450
74 100002 1450
75 100001 1450
75 100002 1450
75 100003 1450
76 100001 1450
76 100002 1450
77 100000 1450
77 100004 1450
77 100003 1450
78 100004 1450
-1 0 1450
-1 4 1450
-5 0 1450
-5 4 1450
-5 5 1450
-4 3 1450
-4 4 1450
-3 2 1450
-3 5 1450
-2 1 1450
-2 3 1450
