0 32 25
0 33 94
0 34 105
0 35 99
0 8 31
1 32 108
1 33 10
1 34 153
1 35 141
1 7 46
1 11 109
2 32 61
2 33 15
2 34 126
2 35 118
2 10 112
3 32 28
3 33 146
3 34 153
3 35 99
3 9 13
4 6 59
4 36 16
4 37 34
4 38 93
4 39 151
5 36 34
5 37 18
5 38 112
5 39 88
6 36 99
6 37 61
6 38 139
6 39 52
7 36 150
7 37 98
7 38 92
7 39 101
8 40 53
8 41 28
8 42 124
8 43 40
9 40 93
9 41 144
9 42 100
9 43 150
10 40 49
10 41 154
10 42 117
10 43 112
11 40 36
11 41 74
11 42 134
11 43 56
12 44 73
12 45 105
12 46 26
12 47 75
13 44 72
13 45 19
13 46 147
13 47 44
14 44 64
14 45 54
14 46 33
14 47 72
15 44 50
15 45 77
15 46 39
15 47 47
16 48 15
16 49 42
16 50 101
16 51 50
17 48 134
17 49 125
17 50 123
17 51 154
18 48 85
18 49 91
18 50 72
18 51 119
19 48 99
19 49 147
19 50 119
19 51 39
20 52 74
20 53 93
20 54 47
20 55 132
21 52 128
21 53 19
21 54 106
21 55 143
22 52 137
22 53 111
22 54 29
22 55 10
23 52 106
23 53 80
23 54 40
23 55 137
24 56 110
24 57 51
24 58 82
24 59 116
25 56 48
25 57 109
25 58 11
25 59 88
26 56 73
26 57 125
26 58 89
26 59 140
27 56 89
27 57 139
27 58 47
27 59 17
28 60 84
28 61 21
28 62 58
28 63 66
29 60 63
29 61 20
29 62 66
29 63 38
30 60 82
30 61 45
30 62 141
30 63 58
31 60 103
31 61 127
31 62 26
31 63 55
32 65 26
32 64 116
32 66 75
32 67 76
33 68 96
33 69 136
33 70 100
33 71 57
34 72 45
34 73 105
34 74 47
34 75 56
35 76 94
35 77 97
35 78 95
35 79 45
36 64 27
36 65 64
36 66 34
36 67 146
37 68 109
37 69 107
37 71 105
37 70 119
38 72 94
38 73 49
38 74 151
38 75 151
39 76 132
39 77 130
39 78 147
39 79 106
40 64 71
40 65 116
40 66 22
40 67 88
41 68 81
41 69 128
41 70 142
41 71 53
42 75 98
42 72 141
42 73 152
42 74 57
43 76 72
43 77 61
43 78 39
43 79 92
44 64 113
44 65 14
44 66 141
44 67 143
44 12 141
44 13 116
44 14 85
44 15 16
45 68 103
45 69 98
45 70 74
45 71 110
45 12 13
45 13 28
45 14 81
45 15 56
46 72 99
46 73 154
46 74 136
46 75 54
46 12 147
46 13 68
46 14 148
46 15 140
47 79 127
47 76 32
47 77 143
47 14 89
47 13 153
47 78 118
47 15 94
48 64 105
48 65 42
48 66 49
48 67 13
48 16 44
48 17 72
48 18 106
48 19 132
49 68 63
49 69 136
49 70 80
49 71 70
49 16 76
49 17 122
49 18 141
49 19 38
50 72 140
50 73 14
50 74 68
50 75 98
50 16 147
50 17 75
50 18 147
50 19 145
51 76 124
51 77 23
51 78 40
51 79 13
51 16 61
51 17 120
51 18 53
51 19 140
52 64 103
52 65 125
52 66 46
52 67 121
52 20 55
52 21 29
52 22 142
52 23 107
53 68 147
53 69 91
53 70 91
53 71 27
53 20 74
53 21 11
53 22 116
53 23 93
54 72 88
54 73 81
54 74 128
54 75 91
54 20 67
54 21 91
54 22 43
54 23 151
55 76 125
55 77 116
55 78 51
55 79 148
55 20 101
55 21 91
55 22 105
55 23 16
56 64 144
56 65 84
56 66 96
56 67 10
56 24 94
56 25 80
56 26 34
56 27 134
57 68 133
57 69 71
57 70 31
57 71 113
57 24 151
57 25 114
57 26 57
57 27 58
58 72 91
58 73 40
58 74 111
58 75 41
58 24 19
58 25 146
58 26 81
58 27 116
59 76 154
59 77 42
59 78 20
59 79 74
59 24 61
59 25 25
59 26 58
59 27 82
60 64 11
60 65 152
60 66 67
60 67 146
60 28 36
60 29 100
60 30 153
60 31 72
61 68 56
61 69 131
61 70 154
61 71 67
61 28 30
61 29 108
61 30 84
61 31 47
62 72 65
62 73 24
62 74 46
62 75 121
62 28 126
62 29 61
62 30 104
62 31 73
63 76 41
63 77 21
63 78 84
63 79 117
63 28 118
63 29 106
63 30 96
63 31 63
64 71 148
65 66 110
66 69 39
67 76 103
68 78 130
69 76 73
70 71 125
71 73 121
72 77 99
73 77 109
74 100002 1450
75 100003 1450
75 100002 1450
76 100002 1450
76 100004 1450
76 100003 1450
77 100000 1450
77 100001 1450
78 100004 1450
78 100003 1450
79 100000 1450
79 100004 1450
-1 2 1450
-1 3 1450
-1 5 1450
-5 0 1450
-5 1 1450
-5 4 1450
-4 2 1450
-4 4 1450
-4 5 1450
-3 0 1450
-3 2 1450
-2 1 1450
-2 2 1450
-2 5 1450
