1 8 126
1 9 30
4 12 99
5 13 145
6 14 88
6 15 130
7 14 46
8 16 155
8 1 70
8 17 151
9 100000 1450
9 1 85
9 19 102
10 100001 1450
10 100003 1450
11 100000 1450
11 100001 1450
11 100002 1450
11 100003 1450
11 100004 1450
12 17 10
12 100002 1450
12 4 146
12 100001 1450
13 100003 1450
13 19 127
13 100004 1450
13 5 155
14 16 127
14 17 16
14 100000 1450
14 6 67
14 7 127
15 18 80
15 19 139
15 6 120
17 8 48
17 12 49
17 14 132
18 15 27
19 9 141
19 13 33
19 15 25
-1 0 1450
-1 1 1450
-1 4 1450
-5 0 1450
-5 1 1450
-4 0 1450
-4 3 1450
-4 4 1450
-3 0 1450
-3 2 1450
-3 4 1450
-2 1 1450
-2 4 1450
