0 9 105
0 100 107
0 133 34
0 6 137
0 135 148
1 133 57
1 135 30
2 128 43
2 129 135
2 130 130
2 132 38
2 133 56
2 135 109
2 7 120
2 34 23
2 54 18
3 129 99
3 130 40
3 132 85
4 129 12
4 130 39
4 131 31
4 133 74
4 135 52
5 128 93
5 129 82
5 132 70
5 133 32
5 135 17
5 43 106
6 128 25
6 129 78
6 130 16
6 131 30
6 133 146
6 135 102
6 8 80
6 45 114
6 55 127
7 130 78
7 131 95
7 132 46
7 133 118
7 135 89
7 79 106
8 137 139
8 67 73
8 139 38
8 142 17
9 141 70
9 142 50
9 143 103
9 48 49
9 49 77
9 50 40
9 52 138
10 136 59
10 137 71
10 138 65
10 140 53
10 111 148
10 143 16
11 136 104
11 138 102
11 139 59
11 140 88
11 13 98
11 104 78
12 138 40
12 140 75
12 141 105
12 142 150
12 143 88
13 136 62
13 137 106
13 139 39
13 142 29
14 65 134
14 138 95
14 139 32
14 140 23
14 142 81
14 143 109
15 137 95
15 138 115
15 140 97
15 142 63
16 40 111
16 145 33
16 146 120
16 147 82
16 149 130
16 150 98
17 144 59
17 145 10
17 146 100
17 148 126
17 149 19
18 144 131
18 73 66
18 146 72
18 147 106
18 148 58
19 36 134
19 37 48
19 105 140
19 144 152
19 145 152
19 150 121
19 151 146
20 144 98
20 150 120
20 151 136
21 144 99
21 145 42
21 150 122
21 151 16
22 53 141
22 150 82
23 33 117
23 35 146
23 145 146
23 146 59
23 148 73
23 150 44
23 151 42
24 153 23
24 157 43
24 159 48
25 154 149
25 156 100
25 157 118
25 158 11
26 153 57
26 154 72
26 155 91
26 157 57
26 158 28
26 159 11
27 155 149
27 156 70
27 158 11
28 152 120
28 154 75
28 155 78
28 156 31
28 158 19
29 32 94
29 66 79
29 155 108
29 156 65
29 157 114
29 159 91
30 152 63
30 155 122
30 156 57
30 157 28
31 152 124
31 153 24
31 154 142
31 157 52
31 158 106
31 159 75
32 160 33
32 164 116
32 165 67
32 38 116
32 167 102
32 69 62
33 160 137
33 163 55
33 164 38
33 165 136
33 166 55
33 167 19
33 76 147
34 160 121
34 161 78
34 163 108
34 165 13
34 166 142
34 167 124
34 99 46
34 51 92
35 75 108
35 162 115
35 163 93
35 164 22
36 161 78
36 163 66
36 165 33
36 166 71
36 167 138
37 160 108
37 161 109
37 163 23
37 166 46
37 167 116
37 41 114
37 103 100
37 78 56
38 160 52
38 96 46
38 164 35
38 166 82
38 167 129
39 160 109
39 161 57
39 162 42
39 163 140
39 164 109
39 166 87
39 74 91
40 169 116
40 170 54
40 171 39
40 106 117
41 168 56
41 169 115
41 170 62
41 171 98
41 42 129
42 102 76
42 170 76
42 171 28
42 172 114
42 173 36
42 175 28
43 168 89
43 107 48
43 173 55
43 174 20
43 175 49
44 170 29
44 172 14
44 173 129
44 174 110
45 168 129
45 169 95
45 170 122
45 174 85
46 168 22
46 170 111
46 171 18
46 172 12
46 173 110
46 174 121
46 175 124
47 168 120
47 171 20
47 172 28
47 173 111
47 175 118
48 177 152
48 179 54
48 180 116
48 182 71
48 183 130
49 179 63
49 181 151
49 183 30
50 176 66
50 177 69
50 178 35
50 179 47
50 180 100
50 182 104
51 108 56
51 176 124
51 177 49
51 180 103
51 182 118
51 183 90
52 176 48
52 179 74
53 179 28
53 180 38
53 181 53
53 183 51
54 72 53
54 177 53
54 178 50
54 180 131
54 183 26
55 176 29
55 177 43
55 178 62
55 179 134
55 180 133
55 181 40
56 98 52
56 71 74
56 186 19
56 187 97
56 189 30
56 190 52
57 68 32
57 101 98
57 184 77
57 185 75
57 186 155
57 187 148
57 188 71
57 189 43
58 64 50
58 184 108
58 185 72
58 187 37
58 189 130
58 191 124
59 187 89
59 188 130
60 184 113
60 187 151
60 188 150
60 189 15
60 190 79
60 191 37
61 184 102
61 186 98
61 187 109
61 188 54
61 189 46
62 184 74
62 185 23
62 186 84
62 187 34
62 189 120
62 190 138
62 191 108
63 184 34
63 185 136
63 187 26
63 188 19
63 189 99
63 190 65
64 193 111
64 195 100
64 196 24
64 197 30
64 198 15
64 199 51
65 192 62
65 195 67
65 198 93
65 199 43
66 193 51
66 194 53
66 195 98
66 197 109
66 198 45
67 194 100
67 195 151
67 197 13
67 70 38
67 199 86
68 194 42
68 196 88
68 198 116
68 199 127
69 196 13
69 197 152
70 196 98
70 197 52
70 198 115
70 199 99
71 192 59
71 194 137
71 196 83
71 197 115
71 198 15
71 199 47
72 97 52
72 201 55
72 202 36
72 203 45
72 206 138
72 207 13
73 200 143
73 201 102
73 77 132
73 206 23
73 205 130
73 207 109
74 200 103
74 201 149
74 202 85
74 203 16
74 204 77
74 205 107
74 206 98
74 207 13
75 200 44
75 202 102
75 205 122
75 206 77
75 207 107
76 201 13
76 202 133
76 203 145
76 204 69
76 205 142
76 206 128
76 207 16
76 110 121
77 200 109
77 201 62
77 202 71
77 203 108
77 205 108
77 206 118
77 207 72
78 204 149
78 205 145
78 207 111
79 201 35
79 202 67
79 203 78
79 204 68
79 206 152
79 207 86
80 134 66
80 208 90
80 209 54
80 210 61
80 211 55
80 212 55
80 213 51
80 215 107
81 208 38
81 209 114
81 211 140
81 213 22
82 209 42
82 211 144
82 213 142
82 214 51
83 209 44
83 212 50
83 215 12
84 208 130
84 210 143
84 212 80
84 214 118
84 215 52
85 208 62
85 209 128
85 210 98
85 212 103
85 214 118
85 215 57
86 208 135
86 209 64
86 210 138
86 211 80
86 212 67
86 213 137
87 209 121
87 210 134
87 211 30
87 212 128
87 213 19
87 214 59
87 215 154
88 217 141
88 218 140
88 219 139
88 220 85
88 221 58
88 222 92
89 216 117
89 217 64
89 218 49
89 219 151
89 222 30
89 223 42
90 216 79
90 218 76
90 219 75
90 220 51
90 221 62
90 222 97
90 223 94
91 216 100
91 217 95
91 218 91
91 219 146
91 220 54
91 221 109
91 223 35
92 216 79
92 217 49
92 218 51
92 219 31
92 220 61
92 221 125
92 223 45
93 217 37
93 218 16
93 219 78
93 220 124
93 221 102
93 222 68
93 223 102
94 216 98
94 218 49
94 219 129
94 220 142
94 221 61
94 223 28
95 216 128
95 217 66
95 218 25
95 219 121
95 220 142
95 221 125
95 222 97
96 224 137
96 225 37
96 228 109
96 230 36
96 231 92
97 225 61
97 226 28
97 227 40
97 229 122
97 230 28
97 231 17
98 225 143
98 226 133
98 227 52
98 228 115
98 229 103
98 230 56
99 224 51
99 226 128
99 227 34
99 228 91
99 229 77
99 231 120
100 224 155
100 225 155
100 226 35
100 227 19
100 228 106
100 229 109
100 230 94
101 224 70
101 225 21
101 226 16
101 227 58
101 228 27
101 229 142
101 230 25
101 231 68
102 224 22
102 225 13
102 226 132
102 227 92
102 228 44
102 229 60
103 224 142
103 225 45
103 226 71
103 227 18
103 228 131
103 230 124
103 231 123
104 233 108
104 234 60
104 236 49
104 237 71
105 233 74
105 234 147
105 239 17
106 232 61
106 233 17
106 235 98
106 236 101
106 237 121
106 239 68
107 232 138
107 233 45
107 234 138
107 235 38
107 237 93
107 238 128
108 234 87
108 235 41
108 236 11
108 109 74
108 239 120
109 232 90
109 235 116
109 237 10
109 238 140
109 239 27
110 232 86
110 238 125
110 239 47
111 232 60
111 234 148
111 235 82
111 237 19
111 238 139
111 239 15
112 240 143
112 242 152
112 244 17
112 245 110
112 246 50
113 240 127
113 241 144
113 242 155
113 243 22
113 244 103
113 245 126
113 246 98
114 240 82
114 241 64
114 243 129
114 244 131
114 245 23
114 246 83
115 240 76
115 241 12
115 242 20
115 243 134
115 244 46
115 245 139
115 246 155
115 247 72
116 240 72
116 242 77
116 243 119
116 244 121
116 245 99
116 246 115
117 240 79
117 241 87
117 242 95
117 243 130
117 245 26
117 246 66
117 247 119
118 240 147
118 241 16
118 242 33
118 245 59
118 246 150
118 247 102
119 240 93
119 241 76
119 242 10
119 243 102
119 245 44
120 248 151
120 249 104
120 250 155
120 251 140
120 252 115
120 253 153
120 254 16
121 248 125
121 249 91
121 250 44
121 251 94
121 252 31
121 253 96
121 254 137
121 255 89
122 248 17
122 249 56
122 250 16
122 251 73
122 252 60
122 253 143
122 254 11
122 255 93
123 248 98
123 250 54
123 251 84
123 252 87
123 253 114
123 254 40
123 255 123
124 248 102
124 249 90
124 254 139
124 255 125
125 248 43
125 249 86
125 250 42
125 252 19
125 253 71
125 254 100
125 255 33
126 248 61
126 249 71
126 250 123
126 251 110
126 252 102
126 253 131
126 254 152
126 255 98
127 248 136
127 249 109
127 250 130
127 252 152
127 254 24
127 255 19
128 256 70
128 257 122
128 260 135
128 263 43
128 262 109
128 258 71
128 261 119
129 264 134
129 265 24
129 267 71
129 269 132
129 270 151
129 271 149
130 272 121
130 273 83
130 274 154
130 275 132
130 276 114
130 277 90
130 278 62
131 280 84
131 281 33
131 282 43
131 284 30
131 285 103
131 287 147
132 288 59
132 289 54
132 292 47
132 295 34
132 290 111
132 291 33
132 293 78
133 296 66
133 298 110
133 299 138
133 300 102
133 301 49
133 302 120
134 304 82
134 305 123
134 306 14
134 307 102
134 308 46
134 309 104
134 311 132
135 312 73
135 313 100
135 314 57
135 315 42
135 316 74
135 317 75
135 319 72
136 256 27
136 257 50
136 258 92
136 259 51
136 260 52
136 261 24
136 262 77
136 263 115
137 265 97
137 267 58
137 270 145
137 264 74
137 271 134
138 272 83
138 273 149
138 274 102
138 275 155
138 278 22
139 280 41
139 281 98
139 282 85
139 283 95
139 285 76
139 286 134
139 287 112
140 288 117
140 289 94
140 290 65
140 291 29
140 292 141
140 293 148
140 294 56
140 295 84
140 10 36
140 11 52
140 12 21
140 14 139
140 15 16
141 301 122
141 302 69
141 297 148
142 304 92
142 305 63
142 307 97
142 308 75
142 309 133
142 310 140
142 311 129
143 312 19
143 313 54
143 314 142
143 316 150
143 318 37
143 319 51
144 256 96
144 260 134
144 261 148
144 262 26
144 263 77
145 266 136
145 268 22
145 269 29
145 270 50
145 271 44
145 17 86
145 19 30
145 21 64
145 23 14
146 273 95
146 274 99
146 18 145
146 275 113
146 276 60
146 278 70
146 23 88
147 281 111
147 282 149
147 283 148
147 284 116
147 286 134
147 287 112
148 288 82
148 289 112
148 290 48
148 292 72
148 293 21
148 294 85
148 295 15
148 17 44
148 18 17
148 23 71
149 296 116
149 298 60
149 299 136
149 300 52
149 301 124
149 302 136
149 16 128
149 17 110
150 304 53
150 310 141
150 307 49
150 311 52
150 16 86
150 305 11
150 306 64
150 19 75
150 20 151
150 21 94
150 22 74
150 23 114
150 308 123
150 309 66
151 21 50
151 23 85
151 316 28
151 318 124
152 256 26
152 257 81
152 258 120
152 259 81
152 260 123
152 261 27
152 262 131
152 263 70
153 264 132
153 265 19
153 266 73
153 268 118
153 271 60
154 272 87
154 273 122
154 274 47
154 276 64
154 277 146
154 278 70
154 25 22
154 26 109
154 28 72
154 31 124
155 282 17
155 285 13
155 286 26
155 280 107
155 26 76
155 27 79
155 28 120
155 29 48
155 30 139
155 287 133
156 288 42
156 289 57
156 290 114
156 291 100
156 292 100
156 294 94
156 295 58
156 25 35
156 27 136
156 28 132
156 29 155
156 30 81
157 297 140
157 298 150
157 299 54
157 300 89
157 301 75
157 303 154
157 24 87
157 25 55
157 26 56
157 29 153
157 30 69
157 31 83
158 305 152
158 307 29
158 309 11
158 310 115
158 25 144
158 26 152
158 27 90
158 28 28
158 31 136
159 317 19
159 312 155
159 319 91
159 313 99
159 26 82
159 315 153
159 316 73
159 29 99
159 31 17
160 262 12
160 257 67
160 258 154
160 263 107
160 261 27
161 264 44
161 265 143
161 266 85
161 267 45
161 268 102
161 271 103
162 272 46
162 273 66
162 274 52
162 275 150
162 277 19
162 278 122
162 279 62
163 280 59
163 281 89
163 282 63
163 283 146
163 285 111
163 286 107
164 292 62
164 293 87
164 39 17
164 295 80
164 289 31
164 288 68
164 294 45
164 291 111
165 297 72
165 298 81
165 299 35
165 300 69
165 301 139
165 302 25
166 304 74
166 305 78
166 306 56
166 308 39
166 309 138
166 310 20
166 311 128
167 312 22
167 313 58
167 314 139
167 315 107
167 317 127
167 318 152
167 319 136
168 258 75
168 259 70
168 260 47
168 261 41
168 262 21
168 263 132
169 266 97
169 267 30
169 268 47
169 270 70
169 269 37
169 265 40
169 271 92
170 272 111
170 273 120
170 274 127
170 275 150
170 276 111
170 279 34
171 280 109
171 281 125
171 283 42
171 284 94
171 285 61
171 286 92
171 287 42
172 288 63
172 289 131
172 290 132
172 291 115
172 292 32
172 293 152
172 294 49
172 44 70
172 46 103
172 47 150
173 299 35
173 296 81
173 300 15
173 301 30
173 46 128
173 47 133
173 303 113
173 298 144
174 304 98
174 305 50
174 307 37
174 309 68
174 310 109
174 311 60
175 312 76
175 313 87
175 318 132
175 319 52
176 256 118
176 257 125
176 259 83
176 263 46
177 264 91
177 266 111
177 267 97
177 269 121
177 270 64
177 271 33
178 278 23
178 279 144
178 274 79
178 273 115
178 277 75
179 280 103
179 281 43
179 282 123
179 283 11
179 284 13
179 285 60
179 286 68
179 287 132
180 288 72
180 289 59
180 291 22
180 292 155
180 293 21
180 294 135
180 295 38
181 301 109
181 302 68
182 306 89
182 307 41
182 308 19
182 309 142
182 310 110
182 311 153
183 312 15
183 313 18
183 314 40
183 315 149
183 316 112
183 317 131
183 318 105
184 256 75
184 257 55
184 258 14
184 260 96
184 261 151
184 262 141
184 263 58
184 57 61
184 58 11
184 60 113
184 61 152
184 62 138
184 63 36
185 264 117
185 265 52
185 267 108
185 268 152
185 269 54
185 270 147
185 271 43
185 57 30
185 58 70
185 62 140
185 63 15
186 272 128
186 274 109
186 275 101
186 276 152
186 277 17
186 278 85
186 279 46
186 56 22
186 57 113
186 61 61
186 62 19
187 282 28
187 284 86
187 285 105
187 287 89
187 280 14
187 286 123
187 281 74
187 56 141
187 57 137
187 58 35
187 59 10
187 60 95
187 61 36
187 62 96
187 63 155
188 288 143
188 290 128
188 291 39
188 292 89
188 293 83
188 57 16
188 59 76
188 60 21
188 61 52
188 63 114
189 296 124
189 297 80
189 298 60
189 299 11
189 300 26
189 302 98
189 303 55
189 56 144
189 57 137
189 58 85
189 60 101
189 61 27
189 62 137
189 63 79
190 305 32
190 306 23
190 56 92
190 60 80
190 62 48
190 63 50
191 316 54
191 317 27
191 318 52
191 312 81
191 313 60
191 58 133
191 315 154
191 60 139
191 314 28
191 62 96
191 319 155
192 258 97
192 259 86
192 260 128
192 261 144
192 262 68
192 263 73
193 264 107
193 265 78
193 266 96
193 267 39
193 268 98
193 269 124
193 270 20
193 271 47
194 272 120
194 273 38
194 274 12
194 276 140
194 277 120
194 279 121
195 280 108
195 281 96
195 285 23
195 286 121
195 287 152
196 288 131
196 290 94
196 291 96
196 294 64
196 292 146
196 293 99
197 296 135
197 297 19
197 299 138
197 300 120
197 301 36
197 303 58
198 304 99
198 305 38
198 307 36
198 308 61
198 309 32
198 310 85
198 311 155
199 313 27
199 314 97
199 315 141
199 316 58
199 317 31
199 318 89
199 319 154
200 256 144
200 257 43
200 258 71
200 259 73
200 260 110
200 262 53
200 263 142
201 267 132
201 264 92
201 269 53
201 265 20
201 271 22
201 266 123
202 272 126
202 273 37
202 274 52
202 275 65
202 276 94
202 277 74
202 278 80
202 279 52
203 280 16
203 281 82
203 282 70
203 283 51
203 284 107
203 285 28
203 286 67
203 287 95
204 288 121
204 289 69
204 290 135
204 291 87
204 292 122
204 293 122
204 294 99
204 295 62
205 299 92
205 296 63
205 301 96
205 300 62
205 302 122
205 297 115
205 303 43
205 298 49
206 304 129
206 305 153
206 306 126
206 307 74
206 308 82
206 309 12
206 311 48
207 312 17
207 313 30
207 314 119
207 315 72
207 316 44
207 317 30
207 318 141
207 319 133
208 256 34
208 257 94
208 258 87
208 259 64
208 260 84
208 261 63
208 262 133
208 263 18
209 264 74
209 265 124
209 266 14
209 267 47
209 268 28
209 269 30
209 270 17
209 271 17
210 272 93
210 278 67
210 279 10
210 273 35
210 274 61
210 275 53
210 276 74
210 277 115
211 280 29
211 281 67
211 282 72
211 283 153
211 284 39
211 285 11
211 286 34
211 287 26
212 288 17
212 289 62
212 290 12
212 291 86
212 292 111
212 293 124
212 294 150
212 295 145
212 80 82
212 83 154
212 84 116
212 85 142
212 86 20
212 87 109
213 296 96
213 297 86
213 298 28
213 299 135
213 300 120
213 301 43
213 302 83
213 303 148
213 80 77
213 81 41
213 82 77
213 86 60
213 87 18
214 311 117
214 306 63
214 304 51
214 305 16
214 82 69
214 307 130
214 84 17
214 85 97
214 310 94
214 87 148
214 308 123
214 309 36
215 312 107
215 313 47
215 314 121
215 315 128
215 316 92
215 317 124
215 318 58
215 319 43
216 256 14
216 257 94
216 258 83
216 259 62
216 260 94
216 261 122
216 262 107
216 263 28
216 89 122
216 90 150
216 91 152
216 92 145
216 94 65
216 95 139
217 264 148
217 265 24
217 266 86
217 267 68
217 268 51
217 269 66
217 270 84
217 271 48
217 88 143
217 89 49
217 91 149
217 92 129
217 93 93
217 95 67
218 272 151
218 273 34
218 274 94
218 275 77
218 276 49
218 277 60
218 278 95
218 279 106
218 88 13
218 89 31
218 90 103
218 91 113
218 92 120
218 93 102
218 94 120
218 95 88
219 282 65
219 284 12
219 285 27
219 287 35
219 280 46
219 283 71
219 286 22
219 281 126
219 88 11
219 89 68
219 90 36
219 91 129
219 92 35
219 93 16
219 94 24
219 95 115
220 288 72
220 289 114
220 290 107
220 291 58
220 292 139
220 293 62
220 294 126
220 295 112
220 88 98
220 90 97
220 91 40
220 92 144
220 93 105
220 94 103
220 95 103
221 296 27
221 297 108
221 298 60
221 299 111
221 300 69
221 301 146
221 302 101
221 303 104
221 88 116
221 90 42
221 91 97
221 92 40
221 93 108
221 94 47
221 95 45
222 304 10
222 305 107
222 306 46
222 307 47
222 308 151
222 309 77
222 310 125
222 311 21
222 88 73
222 89 116
222 90 34
222 93 148
222 95 109
223 315 76
223 314 153
223 316 99
223 317 41
223 318 102
223 313 118
223 312 86
223 89 141
223 90 64
223 91 145
223 92 15
223 93 68
223 94 103
223 319 102
224 256 128
224 258 66
224 262 150
224 257 94
224 259 141
224 260 133
224 263 117
224 261 18
225 264 109
225 265 19
225 266 131
225 267 96
225 268 26
225 269 153
225 270 132
225 271 69
226 272 114
226 273 35
226 274 54
226 275 130
226 276 30
226 277 111
226 278 79
226 279 17
227 280 37
227 281 118
227 282 101
227 283 39
227 284 101
227 285 128
227 286 109
227 287 151
228 288 31
228 290 72
228 289 100
228 294 23
228 291 121
228 292 106
228 295 98
228 293 107
229 296 83
229 297 44
229 298 103
229 299 52
229 300 47
229 301 125
229 302 54
229 303 38
230 304 142
230 305 60
230 306 60
230 307 102
230 308 66
230 309 101
230 310 72
230 311 55
231 312 92
231 313 50
231 314 31
231 315 148
231 316 33
231 317 100
231 318 13
231 319 96
232 256 29
232 257 94
232 258 44
232 259 68
232 260 25
232 261 62
232 262 111
232 263 39
233 267 81
233 268 101
233 269 99
233 270 86
233 271 89
233 264 81
233 265 138
233 266 85
234 272 45
234 273 77
234 274 88
234 275 71
234 276 140
234 277 76
234 278 118
234 279 29
235 280 46
235 281 142
235 282 105
235 283 11
235 284 83
235 285 55
235 286 26
235 287 140
236 288 54
236 289 92
236 290 141
236 291 103
236 292 133
236 293 87
236 294 67
236 295 131
237 299 81
237 297 126
237 300 155
237 302 89
237 296 37
237 301 77
237 303 71
237 298 67
238 304 25
238 305 89
238 306 56
238 307 94
238 308 130
238 309 142
238 310 111
238 311 72
239 312 35
239 313 30
239 314 138
239 315 75
239 316 41
239 317 50
239 318 61
239 319 45
240 256 136
240 257 133
240 258 117
240 259 90
240 260 155
240 261 147
240 262 30
240 263 91
241 264 101
241 265 42
241 266 129
241 267 80
241 268 107
241 269 87
241 270 104
241 271 125
242 272 88
242 278 139
242 273 120
242 275 124
242 279 87
242 274 139
242 276 12
242 277 95
243 280 82
243 281 10
243 282 19
243 283 114
243 284 18
243 285 152
243 286 121
243 287 59
244 288 37
244 289 13
244 290 12
244 291 111
244 292 151
244 293 36
244 294 61
244 295 104
244 112 109
244 113 69
244 114 100
244 115 68
244 116 96
245 296 139
245 297 35
245 298 54
245 299 108
245 300 20
245 301 80
245 302 127
245 303 89
245 112 130
245 113 143
245 114 82
245 115 124
245 116 41
245 117 79
245 118 113
245 119 61
246 304 145
246 310 61
246 305 145
246 307 93
246 306 12
246 113 137
246 114 85
246 115 48
246 116 78
246 117 143
246 118 63
246 311 113
246 308 35
246 309 49
247 312 131
247 313 39
247 314 147
247 315 91
247 316 14
247 317 75
247 318 62
247 319 84
248 256 37
248 257 31
248 258 63
248 259 98
248 260 25
248 261 39
248 262 50
248 263 44
248 120 85
248 121 124
248 122 11
248 123 22
248 124 11
248 125 71
248 126 121
248 127 106
249 264 121
249 265 69
249 266 85
249 267 120
249 268 66
249 269 36
249 270 67
249 271 62
249 120 87
249 121 73
249 122 95
249 124 39
249 125 65
249 126 55
249 127 63
250 272 73
250 273 153
250 274 104
250 275 42
250 276 90
250 277 92
250 278 38
250 279 17
250 120 146
250 121 58
250 122 152
250 123 89
250 125 73
250 126 111
250 127 15
251 283 26
251 285 149
251 280 45
251 286 13
251 281 78
251 120 65
251 121 135
251 122 117
251 123 57
251 284 45
251 282 122
251 126 38
251 287 101
252 288 82
252 289 91
252 290 89
252 291 47
252 292 68
252 293 93
252 294 41
252 295 140
252 120 123
252 121 15
252 122 10
252 123 151
252 125 71
252 126 142
252 127 13
253 296 14
253 297 87
253 298 153
253 299 91
253 300 152
253 301 27
253 302 128
253 303 17
253 120 33
253 121 152
253 122 122
253 123 132
253 125 130
253 126 20
254 304 36
254 305 95
254 306 81
254 307 81
254 308 46
254 309 92
254 310 109
254 311 48
254 120 117
254 121 102
254 122 67
254 123 147
254 124 108
254 125 116
254 126 34
254 127 151
255 315 90
255 314 142
255 316 28
255 317 37
255 319 114
255 318 143
255 313 110
255 312 68
255 121 23
255 122 24
255 123 69
255 124 12
255 125 97
255 126 12
255 127 84
256 272 50
257 306 23
258 300 147
259 308 88
260 289 102
261 318 148
262 269 34
263 289 89
264 282 84
265 292 71
266 315 59
267 315 34
268 309 137
269 306 116
270 301 40
271 294 17
272 309 81
273 287 142
274 298 45
275 283 142
276 300 132
277 314 33
278 279 24
279 305 47
280 285 10
281 313 124
282 298 88
283 299 18
284 318 40
285 307 53
286 308 15
287 291 17
288 319 135
289 299 76
290 299 100
291 300 131
292 294 125
293 310 54
294 315 87
295 305 83
296 307 104
297 305 62
298 315 52
299 302 26
300 306 137
301 310 119
302 312 28
303 306 125
304 309 132
305 315 87
306 307 122
307 318 128
308 316 73
309 314 94
310 319 38
311 317 93
312 316 110
313 315 97
314 100000 1450
314 100004 1450
315 100004 1450
315 100002 1450
316 100000 1450
316 100001 1450
316 100002 1450
316 100003 1450
317 100000 1450
317 100003 1450
318 100002 1450
318 100003 1450
319 100001 1450
-2 0 1450
-2 2 1450
-5 0 1450
-5 2 1450
-5 5 1450
-4 2 1450
-4 4 1450
-4 5 1450
-3 0 1450
-3 1 1450
-3 2 1450
-1 1 1450
-1 3 1450
-1 4 1450
