0 32 145
1 33 58
1 34 40
1 35 124
2 33 95
2 25 57
3 9 49
3 34 105
4 36 22
4 39 127
5 39 83
6 37 13
6 38 72
8 40 151
8 41 87
8 42 154
8 43 130
9 42 112
10 41 91
10 45 71
11 41 95
11 43 95
12 44 52
12 47 35
13 47 95
14 19 100
15 47 18
19 51 36
20 52 21
20 55 37
21 50 106
21 53 71
22 53 71
22 55 87
23 52 51
23 55 127
24 56 70
25 57 132
25 58 22
26 56 131
26 57 58
27 56 101
27 57 129
28 60 76
28 61 96
29 62 81
30 60 154
31 61 11
31 63 130
32 64 26
32 66 46
33 68 29
33 69 93
34 75 64
34 3 92
34 73 124
35 1 52
35 77 72
36 49 53
36 4 24
37 68 31
37 69 100
37 6 111
37 71 96
38 48 79
38 74 34
38 75 146
38 46 151
38 6 121
39 4 83
39 5 116
39 79 100
40 65 135
40 67 144
41 68 24
41 69 24
41 70 151
41 8 130
41 10 21
41 11 114
42 74 139
42 72 53
42 73 102
43 8 123
43 11 101
43 76 80
43 78 103
44 64 57
44 65 82
44 12 116
45 69 39
45 70 132
46 73 155
46 74 61
47 12 79
47 13 30
47 77 130
47 15 102
48 64 137
48 65 97
48 66 74
49 71 35
50 73 74
50 74 145
51 78 130
51 79 29
52 64 75
52 65 104
52 66 60
52 67 110
52 20 81
52 23 130
53 71 93
53 70 93
53 21 25
53 22 75
53 69 18
54 72 49
54 73 39
54 75 114
55 76 30
55 77 69
55 78 17
55 79 15
55 20 85
55 22 85
55 23 83
56 64 123
56 65 19
56 66 90
56 67 89
56 24 100
56 26 92
56 27 35
57 68 63
57 69 92
57 70 132
57 71 15
57 27 69
58 72 95
58 74 16
58 75 136
58 73 104
59 76 80
59 77 98
59 78 47
59 79 30
60 64 68
60 65 56
60 66 48
60 67 142
60 28 113
60 30 113
61 68 49
61 69 35
61 70 79
61 71 18
61 28 152
61 31 13
62 72 67
62 73 95
62 74 121
62 75 101
62 29 114
63 79 33
63 76 13
63 77 105
63 78 90
63 31 132
64 74 57
65 67 90
66 73 125
67 69 93
68 71 48
69 100003 1450
70 100003 1450
71 100000 1450
71 100001 1450
71 100002 1450
72 100001 1450
72 100002 1450
72 100004 1450
73 100002 1450
74 100000 1450
74 100001 1450
74 100003 1450
74 100004 1450
75 58 49
75 54 139
75 38 16
76 43 138
76 63 155
76 55 54
77 55 70
77 35 11
77 63 78
77 59 126
77 47 19
78 43 90
78 63 61
78 59 88
78 55 120
79 55 48
79 51 23
79 63 15
79 59 144
79 39 82
-1 0 1450
-1 1 1450
-1 2 1450
-5 0 1450
-5 5 1450
-4 1 1450
-4 2 1450
-4 5 1450
-3 0 1450
-3 3 1450
-3 4 1450
-2 0 1450
-2 2 1450
-2 4 1450
