0 8 95
0 9 42
1 8 94
1 9 74
2 10 142
3 10 27
3 11 81
4 12 50
4 13 75
5 13 60
6 15 33
7 14 21
7 15 104
8 16 146
8 17 99
9 18 110
9 19 140
10 16 73
10 17 87
10 2 141
10 3 66
11 19 91
11 18 55
11 3 14
12 16 142
12 17 127
12 4 68
13 18 104
13 19 64
13 4 46
13 5 113
14 100000 1450
14 100002 1450
14 100003 1450
14 100004 1450
14 16 101
14 17 63
15 18 71
15 19 55
15 100004 1450
15 6 46
15 7 67
16 100000 1450
16 100004 1450
17 100001 1450
18 100001 1450
18 100003 1450
19 100001 1450
19 100002 1450
-1 3 1450
-1 4 1450
-5 2 1450
-5 5 1450
-4 0 1450
-4 1 1450
-4 4 1450
-3 1 1450
-3 2 1450
-3 5 1450
-2 0 1450
-2 3 1450
-2 5 1450
