0 128 106
0 133 13
0 134 59
0 13 40
1 134 35
1 135 35
2 64 26
2 129 107
2 34 51
2 133 95
2 9 110
2 11 74
2 15 12
3 128 59
3 134 27
4 129 30
4 130 123
4 133 27
5 128 130
5 130 86
6 129 60
6 132 13
6 52 33
7 8 122
7 12 12
7 135 114
8 141 55
9 139 154
10 140 95
10 143 11
11 136 27
11 141 78
11 142 57
12 140 141
12 141 67
13 140 38
13 141 43
13 142 32
14 138 155
15 141 74
16 146 14
16 148 51
16 150 147
18 96 88
18 145 37
18 147 153
18 148 31
18 150 77
20 144 80
20 146 82
20 148 136
21 32 94
21 145 126
21 146 11
21 147 66
21 149 98
22 146 66
22 148 136
22 150 39
23 144 78
23 145 105
23 147 144
23 150 95
24 154 15
24 158 148
24 159 135
25 155 50
25 156 67
25 158 142
26 153 113
26 156 80
27 158 40
27 159 116
28 152 85
28 156 40
29 33 65
29 157 61
30 156 18
30 158 27
31 154 79
31 158 124
32 160 127
32 99 13
32 165 21
33 162 145
33 163 48
33 164 71
33 165 66
34 161 48
35 37 21
36 163 128
36 165 68
36 166 88
36 167 29
37 166 147
38 162 128
38 165 21
39 161 52
39 163 83
39 164 67
39 97 153
41 172 135
42 169 110
43 170 29
43 172 46
44 173 35
44 101 67
45 173 44
45 175 69
46 48 121
46 175 12
47 172 51
48 179 32
49 177 16
50 177 22
50 174 50
50 182 63
51 177 101
51 181 30
52 179 94
53 65 26
53 178 69
53 179 100
53 180 133
53 182 130
53 183 107
54 177 42
54 181 151
55 178 108
56 184 137
57 186 109
57 188 12
58 185 42
59 184 59
59 186 155
60 185 78
60 186 111
60 188 148
60 190 85
60 191 67
61 184 104
62 184 56
62 187 77
62 191 77
63 190 17
64 195 45
65 192 51
65 194 64
66 195 108
66 196 144
66 198 47
66 199 80
67 192 84
67 131 29
67 196 26
67 197 98
67 198 140
68 194 109
68 195 109
68 196 16
68 198 53
69 197 126
70 192 136
70 198 50
71 196 154
71 199 121
72 203 106
72 205 58
72 207 45
74 207 149
75 204 150
75 206 91
77 200 79
77 201 64
77 202 141
77 203 128
77 205 80
78 203 38
79 204 105
79 205 142
80 208 105
80 209 42
80 211 80
80 215 71
81 208 32
81 212 16
81 213 139
81 215 87
83 210 35
83 212 101
83 214 100
84 105 152
85 210 67
85 211 113
85 215 42
86 209 20
86 212 141
86 213 48
86 215 38
87 211 122
87 214 29
88 218 62
88 219 107
88 222 36
89 218 48
89 222 95
89 223 70
90 217 143
90 221 140
91 217 82
91 220 43
91 222 90
91 223 126
92 219 40
92 220 19
92 221 54
92 222 15
92 223 18
93 217 111
93 218 12
93 220 26
94 216 53
94 217 148
94 219 112
94 223 13
95 217 76
95 218 78
95 221 104
95 222 131
95 223 15
96 224 32
96 229 35
97 224 11
97 225 61
97 226 67
97 228 103
97 100 127
98 224 114
98 225 95
98 226 59
98 231 92
99 226 140
99 227 56
99 228 74
99 229 90
100 224 151
100 226 39
100 227 28
100 228 97
100 229 141
101 225 24
101 227 81
101 229 107
101 230 111
102 224 46
102 228 144
102 231 50
103 225 53
103 227 48
103 228 54
103 230 72
104 232 30
104 233 22
104 235 69
104 236 136
104 238 46
105 110 38
105 238 54
106 235 43
106 236 79
106 237 148
106 238 44
106 239 126
107 232 100
107 235 18
107 236 127
107 237 116
107 239 101
108 232 86
108 234 150
108 237 135
108 238 79
108 239 18
109 235 43
109 236 126
110 232 154
110 235 116
110 238 87
111 232 24
111 235 73
111 236 25
111 238 25
111 239 107
111 176 17
112 240 133
112 243 141
112 245 72
112 246 114
113 240 12
113 242 118
113 245 15
114 240 155
114 243 138
114 244 47
114 247 137
115 242 112
115 245 110
116 241 59
116 242 12
116 243 82
116 245 17
116 247 112
117 240 79
117 241 138
118 240 57
118 241 64
118 243 59
118 244 37
118 245 153
118 246 27
118 247 143
119 240 39
119 241 60
119 243 55
119 244 45
119 246 20
120 248 54
120 254 98
121 249 125
121 253 53
122 249 44
122 251 153
122 252 35
122 255 126
123 250 126
123 251 33
123 252 90
124 248 109
124 249 134
124 250 153
124 252 85
125 189 36
125 248 47
125 249 129
125 250 46
125 251 149
125 253 47
125 254 18
125 255 89
126 248 50
126 250 29
126 252 30
126 253 135
126 255 93
127 250 46
127 252 137
127 253 15
127 254 109
127 255 138
128 257 16
128 258 36
128 260 95
128 262 82
128 261 98
129 264 62
129 266 136
129 268 32
129 271 61
130 272 77
130 273 67
130 274 79
130 275 130
130 277 58
131 281 101
131 283 149
132 289 154
132 290 26
132 291 47
132 6 14
132 295 113
133 296 33
133 298 91
133 299 138
133 301 118
133 302 114
134 306 61
134 308 124
134 311 57
135 1 109
135 314 30
135 316 53
135 313 115
135 7 37
136 258 116
136 260 121
136 262 16
136 263 63
137 266 125
137 268 44
137 269 72
138 272 64
138 274 41
138 275 70
138 277 28
138 14 131
139 283 12
139 284 130
139 286 134
139 281 126
140 288 85
140 289 42
140 291 79
140 292 78
140 293 34
141 297 141
141 302 137
141 300 90
142 168 140
142 304 70
142 308 98
142 309 121
142 311 38
143 312 108
143 10 116
143 319 127
143 314 61
143 317 59
144 257 34
144 258 89
144 261 69
144 262 60
144 263 23
144 20 32
144 23 11
145 264 68
145 266 31
145 268 133
145 269 89
145 18 42
145 21 125
145 23 17
146 272 86
146 274 44
146 275 117
146 20 95
146 21 92
146 22 155
146 279 52
146 277 90
147 18 127
147 21 56
147 23 30
147 282 127
147 283 90
147 286 26
147 287 49
148 288 118
148 289 143
148 290 81
148 292 118
148 293 71
148 294 16
148 295 43
148 16 52
148 18 120
148 20 128
148 22 142
149 297 40
149 299 92
149 300 87
149 21 150
149 303 85
150 304 99
150 310 132
150 306 41
150 305 155
150 307 100
150 308 86
150 309 61
150 22 146
150 23 43
151 314 51
151 316 100
151 317 32
151 318 153
152 257 128
152 258 152
152 262 22
153 267 62
153 268 66
153 266 26
153 269 43
154 272 132
154 274 93
154 278 89
154 279 132
154 24 66
154 31 134
155 280 70
155 25 28
155 283 133
155 284 148
155 287 25
156 288 91
156 292 40
156 293 99
156 25 40
156 26 94
156 28 55
156 30 74
157 296 152
157 298 46
157 300 142
157 29 17
158 304 131
158 305 31
158 307 74
158 308 71
158 309 27
158 310 129
158 24 113
158 25 49
158 27 32
158 30 142
158 31 50
159 315 52
159 24 64
159 313 38
159 314 75
159 27 133
159 317 53
159 319 143
160 260 11
160 262 94
160 263 94
161 264 101
161 265 25
161 266 108
161 267 90
161 268 19
161 269 24
161 270 82
162 272 52
162 275 11
162 38 148
163 281 148
163 283 69
163 284 73
163 285 70
163 286 104
163 287 32
164 288 32
164 290 52
164 292 149
164 293 94
164 295 88
164 289 106
164 39 76
165 38 93
165 296 114
165 299 26
165 300 96
166 304 40
166 305 120
166 307 48
166 308 59
166 309 37
166 310 154
166 311 51
167 36 69
167 312 154
167 313 95
167 314 113
167 317 47
167 319 20
168 256 92
168 259 15
169 264 55
169 265 125
169 42 55
169 267 118
169 268 45
169 269 13
169 266 22
170 272 27
170 273 153
170 276 103
170 277 51
170 278 148
171 280 81
171 284 148
171 286 17
171 287 72
172 288 112
172 289 64
172 290 124
172 292 106
172 295 117
172 41 75
172 43 119
172 47 86
173 296 146
173 298 99
173 299 75
173 44 36
173 45 36
173 301 97
173 303 21
174 304 25
174 305 82
174 307 51
174 309 134
175 312 129
175 314 137
175 316 31
175 45 154
175 46 100
176 256 66
176 257 61
176 259 108
176 260 71
176 261 33
176 263 154
177 267 17
177 269 13
177 270 108
177 49 96
177 50 98
177 51 142
177 54 139
178 279 38
178 272 127
178 274 68
178 275 46
178 276 108
178 53 121
178 55 24
178 277 62
179 281 147
179 282 70
179 283 89
179 284 103
179 286 12
179 287 143
180 288 125
180 289 46
180 290 112
180 292 27
180 293 61
180 294 35
180 295 153
180 53 71
181 297 60
181 299 46
181 300 130
181 301 73
181 51 34
181 54 80
182 304 102
182 308 82
182 309 118
183 319 68
183 53 103
183 317 130
184 259 35
184 260 72
184 56 35
184 59 28
184 61 120
184 62 125
185 265 105
185 58 108
185 60 140
185 266 38
186 273 45
186 278 56
186 279 72
186 57 84
186 59 84
186 60 101
187 280 75
187 284 150
187 286 78
187 62 125
187 287 19
188 289 144
188 290 126
188 292 134
188 294 14
188 57 12
188 60 85
189 303 68
190 308 130
190 307 83
190 60 130
190 311 66
190 63 129
191 316 87
191 318 92
191 313 43
191 314 46
191 315 38
191 60 55
191 62 115
191 319 76
192 256 103
192 258 17
192 67 48
192 70 68
192 257 151
192 259 53
193 266 41
193 267 152
193 268 25
193 269 120
193 270 17
194 272 121
194 274 24
194 275 96
194 276 56
194 279 152
195 283 128
195 68 81
195 287 116
196 288 24
196 291 130
196 294 24
196 71 37
196 295 146
196 67 142
196 292 98
197 297 120
197 67 112
197 69 155
197 303 62
198 68 67
198 70 132
198 304 20
198 308 145
199 312 41
199 313 18
199 66 73
199 314 125
199 71 95
200 256 24
200 257 115
200 258 95
200 259 10
200 260 63
200 261 116
200 262 67
200 263 90
201 264 72
201 265 58
201 267 81
201 77 132
201 270 85
202 272 31
202 273 31
202 275 24
202 277 102
202 278 27
202 279 62
203 282 79
203 283 58
203 77 91
203 78 82
204 289 114
204 290 16
204 293 153
204 295 72
204 75 56
204 79 73
205 297 95
205 298 34
205 299 52
205 300 79
205 302 153
205 79 85
205 296 52
205 301 33
206 304 26
206 305 36
206 307 17
206 309 53
206 310 151
206 311 26
207 72 11
207 74 52
207 314 47
207 315 131
207 316 90
207 317 49
207 318 74
208 256 63
208 258 86
208 259 114
208 262 78
208 80 135
208 81 55
209 264 103
209 266 44
209 267 69
209 268 22
209 269 113
209 80 129
209 86 66
210 273 106
210 274 120
210 275 31
210 276 21
210 85 144
210 278 78
211 280 149
211 281 50
211 282 13
211 283 140
211 285 10
211 286 131
212 288 121
212 289 30
212 290 55
212 292 50
212 293 39
212 294 91
212 81 93
212 83 36
212 86 20
213 296 25
213 297 107
213 298 25
213 300 97
213 301 45
213 302 86
213 303 73
213 81 98
213 86 59
214 311 33
214 304 41
214 306 112
214 308 147
214 309 18
214 87 91
215 80 89
215 81 71
215 85 74
215 86 18
215 312 36
215 314 98
215 315 67
215 316 151
215 317 53
215 318 15
215 319 106
216 256 101
216 257 92
216 263 141
217 264 61
217 266 46
217 267 24
217 268 84
217 269 154
217 270 28
217 90 155
217 91 50
217 93 54
217 94 66
217 95 36
218 272 124
218 273 141
218 275 28
218 276 142
218 278 70
218 279 150
218 88 142
218 89 17
218 93 95
218 95 119
219 280 123
219 286 94
219 88 108
219 281 126
219 282 80
219 283 80
219 92 121
219 285 10
219 94 54
219 287 153
220 290 13
220 291 46
220 292 125
220 293 38
220 294 82
220 295 133
220 91 101
220 92 65
220 93 134
221 296 147
221 297 13
221 298 101
221 299 97
221 300 38
221 301 37
221 302 145
221 303 58
221 90 62
221 92 118
221 95 70
222 304 135
222 305 32
222 306 146
222 307 40
222 308 36
222 309 40
222 310 127
222 311 64
222 88 149
222 89 90
222 91 88
222 92 44
222 95 69
223 315 142
223 316 17
223 318 83
223 313 93
223 312 50
223 89 129
223 314 59
223 91 78
223 92 45
223 317 19
223 94 55
223 95 138
224 259 125
224 261 99
224 257 74
224 262 155
224 258 116
224 256 59
224 260 11
224 263 22
225 264 36
225 266 77
225 267 97
225 268 68
225 269 134
225 270 84
225 271 114
226 272 94
226 273 90
226 274 121
226 275 56
226 276 147
226 277 150
226 278 102
226 279 122
227 280 100
227 281 79
227 282 109
227 283 30
227 284 87
227 285 117
227 286 149
227 287 99
228 288 105
228 290 139
228 293 93
228 102 107
228 103 131
228 295 11
228 289 14
228 294 146
228 291 122
228 292 69
229 296 133
229 297 145
229 298 147
229 299 65
229 300 125
229 301 124
229 302 108
229 303 76
230 304 34
230 305 79
230 306 138
230 307 82
230 308 25
230 309 34
230 310 131
230 311 26
231 98 92
231 102 35
231 312 44
231 313 61
231 314 10
231 315 32
231 316 28
231 317 10
231 318 70
231 319 123
232 256 74
232 257 99
232 258 64
232 259 31
232 260 104
232 261 102
232 262 59
232 263 141
233 265 11
233 266 129
233 267 19
233 268 61
233 269 84
233 270 152
233 271 92
233 264 16
234 272 140
234 273 118
234 274 106
234 275 24
234 276 66
234 277 117
234 278 87
234 279 99
235 280 127
235 281 67
235 282 75
235 283 24
235 284 69
235 285 98
235 286 129
235 287 17
236 288 38
236 289 45
236 290 119
236 291 125
236 292 81
236 293 17
236 294 12
236 295 143
236 104 26
236 106 22
236 107 71
236 109 34
236 111 87
237 299 46
237 296 90
237 297 93
237 108 138
237 301 69
237 302 67
237 303 80
237 300 81
237 298 54
238 304 12
238 305 106
238 306 78
238 307 13
238 308 34
238 309 144
238 310 111
238 311 107
239 106 117
239 107 73
239 108 18
239 111 76
239 312 135
239 313 84
239 314 44
239 315 116
239 316 59
239 317 45
239 318 104
239 319 119
240 256 38
240 257 103
240 258 131
240 259 104
240 260 46
240 261 33
240 262 130
240 263 124
240 112 30
240 113 148
240 114 73
240 117 31
240 118 71
240 119 82
241 264 131
241 265 13
241 266 105
241 267 18
241 268 74
241 269 56
241 270 144
241 271 31
241 116 11
241 117 38
241 118 152
241 119 132
242 273 46
242 275 89
242 272 33
242 113 10
242 274 150
242 115 105
242 116 98
242 277 142
242 278 88
242 279 121
242 276 22
243 119 78
243 280 110
243 281 94
243 282 70
243 283 65
243 284 41
243 285 151
243 286 83
243 287 40
244 288 105
244 289 134
244 290 78
244 291 12
244 292 126
244 293 146
244 294 147
244 295 116
244 114 47
244 118 80
244 119 136
245 296 144
245 297 11
245 298 73
245 299 35
245 300 15
245 301 23
245 302 71
245 303 113
245 112 89
245 113 56
245 115 107
245 116 59
245 118 120
246 304 56
246 310 129
246 311 17
246 305 56
246 306 81
246 307 148
246 308 92
246 309 50
246 118 52
246 119 50
247 114 146
247 116 41
247 118 39
247 312 83
247 313 139
247 314 128
247 315 12
247 316 125
247 317 96
247 318 137
247 319 128
248 256 21
248 257 92
248 258 141
248 259 44
248 260 112
248 261 20
248 262 145
248 263 84
248 120 64
248 124 82
248 125 114
248 126 76
249 264 126
249 265 116
249 266 151
249 267 75
249 268 75
249 269 49
249 270 86
249 271 153
249 121 73
249 122 89
249 124 68
249 125 42
250 272 147
250 273 48
250 274 34
250 275 10
250 276 58
250 277 92
250 278 113
250 279 135
250 123 127
250 124 37
250 125 72
250 126 76
250 127 147
251 282 141
251 285 153
251 286 136
251 280 60
251 281 110
251 122 112
251 123 87
251 284 122
251 125 16
251 283 81
251 287 76
252 288 51
252 289 39
252 290 71
252 291 111
252 292 71
252 293 34
252 294 29
252 295 146
252 122 13
252 123 59
252 124 21
252 126 40
252 127 83
253 296 12
253 297 82
253 298 12
253 299 79
253 300 10
253 301 136
253 302 116
253 303 81
253 121 142
253 125 73
253 126 92
253 127 43
254 304 55
254 305 142
254 306 127
254 307 46
254 308 107
254 309 60
254 310 40
254 311 125
254 120 75
254 125 28
254 127 46
255 315 41
255 317 99
255 319 58
255 318 27
255 312 71
255 313 101
255 122 71
255 314 134
255 316 34
255 125 132
255 126 110
255 127 68
256 311 148
257 278 101
258 297 49
259 274 15
260 291 79
261 263 38
262 307 62
263 306 25
264 294 139
265 276 67
266 153 34
266 217 146
266 233 29
266 185 126
267 161 144
267 249 12
267 201 73
267 209 127
267 225 90
267 177 42
267 169 63
267 241 123
267 153 123
267 217 14
267 233 151
268 129 39
268 161 79
268 249 75
268 169 99
268 193 68
268 225 87
268 145 15
268 209 88
268 137 114
268 241 95
268 153 131
268 217 90
268 233 18
269 161 137
269 145 138
269 249 153
269 137 23
269 193 46
269 225 20
269 177 32
269 209 16
269 169 122
269 241 92
269 153 19
269 217 61
269 233 147
270 161 85
270 193 52
270 201 47
270 225 87
270 177 26
270 233 109
270 241 113
270 217 144
270 249 106
271 241 89
271 129 86
271 233 86
271 249 17
271 225 23
272 274 27
273 284 141
274 308 94
275 242 104
275 178 89
275 234 10
275 218 125
275 202 22
275 250 138
276 250 62
276 218 144
276 234 38
277 130 76
277 226 140
277 202 54
277 146 99
277 242 76
277 178 50
277 170 86
277 234 142
277 250 60
277 138 89
278 294 71
279 242 27
279 146 94
279 218 122
279 234 21
279 186 65
279 154 18
279 250 138
280 295 50
281 251 68
281 235 17
281 219 72
282 243 52
282 203 63
282 147 136
282 251 30
282 235 87
282 219 139
283 179 85
283 251 14
283 147 17
283 203 36
283 235 98
283 155 146
283 211 148
284 302 63
285 163 20
285 211 76
285 227 71
285 235 136
285 243 48
285 251 52
285 219 102
286 139 94
286 147 80
286 163 125
286 211 80
286 227 133
286 171 135
286 179 14
286 251 75
286 243 67
286 219 42
286 235 70
286 187 39
287 155 119
287 147 84
287 163 27
287 195 40
287 227 107
287 171 114
287 179 137
287 251 131
287 243 136
287 219 24
287 235 74
287 187 85
288 310 67
289 292 130
290 306 140
291 301 11
292 303 60
293 305 97
294 309 51
295 132 54
295 244 69
295 220 101
296 305 45
297 301 82
298 303 39
299 310 61
300 304 124
301 310 112
302 304 137
303 304 118
304 310 112
305 306 124
306 100002 1450
306 100003 1450
306 100004 1450
307 100000 1450
307 100002 1450
308 100004 1450
308 100001 1450
308 100000 1450
309 100003 1450
310 100002 1450
310 100001 1450
311 100003 1450
311 100001 1450
312 167 116
312 199 78
312 239 72
312 247 107
312 175 70
312 215 27
312 143 73
312 231 113
312 255 119
312 223 43
313 167 58
313 199 98
313 255 12
313 231 88
313 223 24
313 239 126
313 247 141
313 159 85
313 135 14
313 191 13
314 247 128
314 223 28
314 167 57
314 135 118
314 239 90
314 191 126
314 207 117
314 175 150
314 215 137
314 151 116
314 143 83
314 231 85
314 255 140
314 199 45
314 159 151
315 231 152
315 247 151
315 159 100
315 207 19
315 255 143
315 215 132
315 223 67
315 239 19
315 191 128
316 135 19
316 215 36
316 239 87
316 247 67
316 223 115
316 175 147
316 151 84
316 207 70
316 231 11
316 255 151
316 191 14
317 167 142
317 151 43
317 239 90
317 247 97
317 223 108
317 207 10
317 183 151
317 143 18
317 231 52
317 255 90
317 215 145
317 159 26
318 231 88
318 151 79
318 239 71
318 207 92
318 215 15
318 223 34
318 247 133
318 255 91
318 191 118
319 167 51
319 215 149
319 239 140
319 247 130
319 143 136
319 183 19
319 159 74
319 231 32
319 255 122
319 191 16
-2 0 1450
-2 3 1450
-2 5 1450
-5 0 1450
-5 4 1450
-4 0 1450
-3 4 1450
-1 0 1450
-1 2 1450
-1 4 1450
