0 8 121
0 9 108
2 10 124
3 11 85
3 6 152
4 12 42
4 13 106
5 12 17
5 7 154
6 14 94
6 15 47
7 14 99
7 15 70
8 15 58
9 19 89
10 16 15
10 17 133
10 2 91
11 19 105
11 18 96
11 3 62
12 16 47
12 17 16
12 4 86
12 5 123
13 100000 1450
13 18 52
13 19 137
13 4 145
13 100002 1450
14 100001 1450
14 100003 1450
14 16 123
14 17 59
15 100000 1450
15 100001 1450
15 18 139
15 19 22
16 100000 1450
16 100003 1450
16 100004 1450
17 100001 1450
17 100002 1450
18 100003 1450
-1 0 1450
-1 1 1450
-5 1 1450
-5 2 1450
-5 4 1450
-4 1 1450
-4 3 1450
-4 5 1450
-3 0 1450
-3 2 1450
-2 0 1450
-2 1 1450
-2 4 1450
