0 8 128
0 9 111
1 8 72
1 9 54
2 10 153
2 11 123
3 10 106
3 11 61
4 12 19
4 13 56
4 7 104
5 12 16
5 13 65
5 6 29
6 14 59
6 15 79
7 14 79
7 15 95
8 16 134
8 17 100
9 18 117
9 19 93
10 16 15
10 17 36
10 2 42
10 3 87
11 19 114
11 2 31
11 3 86
11 18 85
12 16 101
12 17 139
12 4 22
12 5 134
13 18 86
13 19 120
13 4 48
13 5 148
14 100000 1450
14 100002 1450
14 100003 1450
14 16 126
14 17 103
15 100000 1450
15 100001 1450
15 18 133
15 19 87
16 100000 1450
16 100004 1450
17 100002 1450
17 100004 1450
18 100002 1450
18 100004 1450
19 100001 1450
19 100003 1450
-1 2 1450
-1 4 1450
-5 2 1450
-5 4 1450
-5 5 1450
-4 0 1450
-4 1 1450
-4 3 1450
-3 0 1450
-3 2 1450
-3 5 1450
-2 0 1450
-2 1 1450
