0 128 92
0 129 20
0 130 80
0 131 152
0 132 124
0 133 37
0 134 155
0 135 14
0 7 79
0 78 50
0 102 93
1 128 18
1 129 58
1 130 50
1 131 111
1 132 132
1 133 147
1 134 69
1 135 92
1 72 153
1 33 23
2 128 31
2 129 85
2 130 75
2 131 78
2 132 57
2 133 41
2 134 63
2 135 153
2 36 104
2 6 34
3 128 111
3 130 127
3 132 68
3 133 126
3 134 46
3 135 10
4 128 138
4 129 11
4 130 21
4 131 21
4 132 149
4 133 139
4 135 78
4 37 147
5 128 147
5 129 143
5 130 64
5 131 128
5 132 11
5 133 17
5 134 65
5 74 48
6 128 15
6 129 128
6 130 123
6 131 19
6 132 67
6 133 149
6 134 27
6 135 132
6 40 42
7 128 100
7 130 112
7 131 43
7 132 31
7 133 14
7 134 151
7 135 48
8 136 132
8 137 141
8 138 99
8 140 30
8 142 121
8 143 36
9 136 19
9 137 44
9 138 144
9 139 102
9 140 99
9 141 27
9 142 126
9 143 129
9 10 53
10 73 107
10 138 76
10 139 40
10 141 25
10 142 58
11 136 66
11 137 41
11 138 109
11 139 112
11 140 41
11 141 29
11 142 23
11 143 40
12 32 84
12 69 119
12 136 109
12 137 83
12 138 130
12 139 134
12 140 82
12 141 77
12 142 91
12 143 111
13 35 57
13 136 97
13 137 29
13 138 93
13 139 115
13 140 98
13 141 105
13 142 127
14 66 115
14 136 76
14 137 115
14 138 16
14 139 56
14 140 92
14 141 82
15 136 146
15 137 56
15 139 150
15 140 22
15 142 131
15 143 88
16 104 111
16 144 103
16 145 49
16 147 119
16 148 22
16 149 115
17 99 135
17 144 53
17 145 61
17 147 40
17 148 117
17 149 94
17 150 132
17 151 131
18 144 131
18 145 150
18 146 71
18 147 70
18 148 121
18 149 131
18 150 64
19 67 37
19 145 58
19 146 13
19 147 86
19 148 153
19 149 76
19 150 63
20 144 38
20 145 61
20 146 75
20 147 88
20 148 34
20 149 104
20 150 63
20 151 40
21 41 44
21 144 43
21 145 108
21 146 116
21 148 87
21 149 61
21 150 101
21 151 39
22 144 147
22 145 107
22 146 91
22 147 124
22 148 41
22 149 151
22 150 114
22 151 109
23 145 72
23 146 21
23 148 19
23 149 83
23 150 61
23 151 128
24 68 92
24 38 72
24 152 84
24 153 60
24 154 33
24 155 121
24 156 52
24 157 110
24 158 68
24 159 102
25 75 149
25 152 151
25 153 147
25 155 131
25 156 100
25 157 90
25 158 70
25 159 109
26 152 20
26 153 148
26 154 40
26 156 24
26 157 16
26 158 92
26 159 15
27 34 117
27 152 105
27 153 32
27 154 129
27 155 109
27 157 59
27 158 153
27 159 60
28 153 90
28 154 116
28 155 120
28 156 134
28 157 103
28 158 25
28 159 81
29 152 152
29 153 70
29 154 14
29 155 73
29 156 87
29 157 39
29 158 80
30 152 48
30 153 27
30 154 145
30 155 108
30 156 108
30 157 46
30 158 120
31 79 81
31 152 137
31 154 50
31 155 89
31 156 69
31 157 106
31 159 153
32 161 147
32 162 63
32 163 35
32 164 70
32 165 62
33 160 23
33 161 100
33 162 129
33 164 107
33 165 27
33 166 67
33 167 22
34 160 102
34 161 99
34 162 98
34 163 128
34 165 90
34 166 127
34 167 31
35 160 112
35 162 111
35 163 130
35 164 85
35 165 135
35 166 35
35 167 59
36 160 44
36 161 72
36 162 68
36 164 52
36 165 31
36 166 35
36 167 124
37 160 12
37 161 25
37 162 42
37 163 42
37 164 16
37 165 65
37 166 146
37 167 57
37 110 153
38 160 146
38 161 12
38 162 137
38 163 131
38 164 126
38 165 33
38 166 155
38 167 49
39 160 128
39 161 85
39 162 152
39 163 23
39 166 18
39 167 118
40 168 16
40 169 73
40 170 53
40 171 119
40 172 148
40 174 29
40 175 36
41 65 153
41 169 62
41 170 44
41 172 69
41 173 36
41 175 73
41 76 54
42 171 79
42 172 44
42 175 48
43 168 76
43 169 76
43 172 11
43 173 81
43 175 132
44 168 141
44 169 107
44 170 143
44 171 115
44 172 135
44 174 102
45 168 90
45 170 31
45 171 72
45 172 134
45 173 18
45 174 13
45 175 111
46 168 100
46 169 38
46 170 13
46 171 150
46 173 72
46 174 125
46 175 85
47 169 48
47 170 53
47 172 138
47 173 22
47 174 34
47 175 146
48 70 141
48 176 53
48 178 56
48 179 46
48 182 127
48 183 98
49 176 96
49 177 95
49 180 146
49 181 131
49 182 126
49 183 132
50 109 82
50 177 111
50 178 101
50 179 11
50 180 82
50 181 68
50 183 125
51 176 72
51 177 74
51 179 111
51 180 154
51 182 105
51 183 129
52 176 45
52 178 134
52 179 88
52 181 58
52 182 150
53 64 20
53 176 89
53 177 75
53 179 135
53 180 84
53 181 126
53 182 102
54 176 103
54 177 21
54 178 90
54 179 92
54 180 15
54 181 117
54 182 121
54 183 36
55 176 98
55 177 106
55 178 111
55 180 132
55 181 93
55 182 152
55 183 44
56 101 145
56 184 90
56 185 87
56 186 128
56 187 33
56 188 142
56 189 30
56 190 60
56 191 104
57 184 32
57 185 46
57 187 52
57 188 128
57 189 54
57 190 51
57 191 149
58 71 43
58 184 39
58 185 85
58 186 83
58 188 70
58 189 68
58 190 59
58 191 86
59 185 143
59 186 81
59 187 27
59 188 74
59 189 137
59 190 67
60 184 143
60 185 14
60 186 67
60 187 108
60 188 16
60 189 34
60 190 61
61 184 34
61 185 114
61 186 44
61 187 89
61 188 149
61 189 29
61 190 54
61 191 26
62 186 102
62 187 124
62 188 61
62 190 115
62 191 86
63 184 26
63 185 146
63 186 78
63 187 42
63 188 13
63 189 73
63 190 20
63 191 35
64 192 123
64 193 118
64 194 11
64 196 77
64 197 69
64 198 88
64 199 75
65 193 122
65 194 118
65 195 131
65 196 38
65 198 123
65 77 115
66 192 122
66 194 40
66 197 105
66 198 34
67 192 120
67 193 121
67 195 147
67 196 24
67 198 34
68 192 63
68 97 35
68 195 142
68 196 121
68 197 82
68 198 93
68 199 81
68 106 81
69 193 106
69 194 145
69 195 107
69 196 47
69 198 30
69 199 79
70 192 153
70 193 144
70 194 148
70 195 50
70 196 43
70 197 56
70 198 81
70 199 144
71 192 31
71 193 147
71 195 119
71 196 137
71 197 112
71 199 99
72 200 71
72 201 49
72 202 89
72 203 40
72 204 23
72 205 54
72 206 60
72 207 144
73 201 78
73 202 90
73 203 93
73 205 136
73 206 120
73 207 125
74 200 135
74 201 23
74 202 53
74 203 66
74 204 58
74 205 79
74 206 32
74 207 137
75 200 111
75 201 150
75 202 104
75 204 41
75 205 123
75 206 92
75 207 12
76 201 113
76 202 56
76 203 11
76 204 137
76 205 124
76 206 103
76 207 15
77 200 145
77 201 114
77 203 21
77 204 139
77 205 124
77 206 111
77 207 121
78 200 66
78 201 127
78 202 85
78 203 149
78 204 93
78 205 65
78 206 114
78 207 136
79 200 76
79 201 49
79 203 144
79 204 26
79 205 42
79 206 61
79 207 60
80 208 96
80 209 90
80 210 112
80 211 40
80 212 19
80 213 116
80 214 56
80 215 122
81 208 55
81 209 121
81 210 143
81 211 85
81 212 108
81 213 120
81 214 27
81 215 127
82 208 155
82 209 19
82 211 60
82 212 29
82 213 154
82 214 42
82 215 155
83 107 43
83 208 56
83 209 91
83 210 55
83 211 72
83 212 131
83 213 109
83 214 41
83 215 140
84 208 82
84 209 52
84 210 141
84 211 88
84 212 21
84 213 143
84 214 48
84 215 124
85 103 81
85 208 39
85 209 150
85 210 152
85 211 66
85 212 150
85 213 136
85 214 83
85 215 139
86 98 136
86 208 13
86 209 99
86 210 99
86 211 123
86 212 26
86 213 142
86 214 84
86 215 18
87 208 113
87 209 86
87 210 32
87 211 38
87 213 86
87 214 76
88 216 145
88 217 30
88 218 45
88 219 150
88 220 40
88 221 95
88 223 26
89 216 54
89 217 145
89 218 132
89 219 37
89 221 138
89 222 104
89 223 98
90 100 20
90 216 114
90 217 15
90 218 110
90 219 145
90 220 22
90 221 73
90 222 123
90 223 106
91 216 20
91 217 69
91 218 109
91 219 14
91 220 115
91 221 91
91 222 95
91 223 136
92 217 89
92 218 131
92 219 75
92 220 152
92 221 49
92 222 49
92 223 43
93 216 13
93 217 96
93 218 18
93 219 78
93 220 57
93 221 138
93 222 20
93 223 79
94 216 64
94 217 136
94 218 10
94 219 132
94 220 153
95 96 73
95 216 62
95 217 48
95 218 93
95 219 48
95 220 129
95 221 80
95 222 144
95 223 111
96 224 88
96 225 137
96 226 107
96 227 45
96 229 112
96 230 40
96 231 151
97 225 127
97 226 114
97 227 74
97 228 84
97 229 20
97 230 147
97 231 154
98 224 104
98 225 125
98 226 81
98 227 67
98 228 73
98 229 93
98 230 124
98 231 96
99 224 151
99 226 149
99 227 25
99 228 154
99 229 149
99 231 29
100 224 70
100 225 52
100 226 77
100 227 11
100 228 66
100 229 52
100 230 88
100 231 90
101 224 118
101 226 118
101 227 81
101 228 121
101 229 96
101 230 39
101 231 115
102 224 95
102 225 58
102 226 48
102 227 79
102 228 75
102 229 48
102 230 115
102 231 114
102 105 63
103 224 37
103 226 79
103 227 143
103 228 51
103 230 41
103 231 155
104 232 119
104 233 91
104 234 100
104 235 98
104 237 140
104 238 135
104 239 65
105 233 63
105 234 41
105 235 94
105 236 28
105 237 86
105 239 79
105 108 139
105 111 130
106 232 79
106 233 131
106 234 148
106 236 149
106 237 154
106 238 51
106 239 35
107 232 90
107 234 101
107 235 48
107 236 101
107 237 57
107 238 22
107 239 139
108 233 16
108 234 148
108 235 126
108 236 54
108 237 124
108 238 98
108 239 72
109 232 16
109 233 125
109 234 133
109 235 138
109 236 131
109 237 127
109 239 34
110 232 53
110 233 72
110 234 99
110 235 22
110 237 59
110 238 124
110 239 109
111 233 136
111 234 87
111 235 61
111 237 72
111 239 106
112 241 47
112 242 59
112 243 102
112 244 128
112 245 43
112 246 104
112 247 136
113 240 33
113 241 80
113 242 93
113 243 138
113 244 48
113 245 99
113 246 53
113 247 66
114 240 36
114 241 37
114 242 110
114 243 74
114 244 97
114 246 43
114 247 38
115 240 13
115 241 25
115 243 134
115 244 154
115 245 107
115 246 13
115 247 121
116 242 62
116 243 133
116 244 46
116 245 89
116 246 50
116 247 126
117 240 100
117 241 20
117 242 147
117 243 74
117 244 109
117 245 108
117 246 69
117 247 24
118 240 63
118 241 24
118 242 139
118 243 43
118 244 23
118 245 148
118 246 107
118 247 33
119 240 135
119 241 119
119 242 117
119 243 124
119 244 80
119 245 129
119 246 136
120 248 65
120 249 152
120 250 12
120 251 44
120 252 131
120 253 117
120 254 109
120 255 61
121 248 77
121 249 63
121 250 95
121 251 124
121 252 19
121 253 52
121 254 86
122 248 16
122 249 35
122 250 67
122 251 148
122 252 33
122 253 69
122 254 20
122 255 135
123 249 143
123 250 66
123 251 16
123 252 12
123 253 144
123 254 112
123 255 125
124 248 52
124 249 91
124 250 19
124 251 39
124 252 137
124 253 97
124 254 91
124 255 121
125 248 56
125 249 93
125 251 88
125 252 155
125 253 107
125 254 24
125 255 40
126 248 96
126 249 136
126 250 31
126 251 106
126 252 31
126 253 145
126 254 132
126 255 37
127 249 43
127 250 94
127 251 154
127 252 51
127 253 117
127 254 92
127 255 48
128 263 138
128 257 101
128 258 72
128 256 61
128 259 109
128 260 48
128 261 18
129 264 128
129 265 69
129 266 147
129 267 134
129 268 54
129 269 12
129 270 44
129 271 141
130 272 25
130 273 28
130 274 118
130 276 40
130 277 24
130 278 117
130 279 66
131 280 17
131 282 127
131 283 63
131 284 64
131 286 151
131 287 127
132 290 138
132 289 74
132 288 75
132 294 94
132 292 52
132 295 139
132 293 153
133 296 82
133 297 136
133 299 131
133 300 48
133 301 30
133 302 85
133 303 26
134 304 85
134 305 50
134 306 155
134 307 56
134 308 58
134 309 122
134 310 89
134 311 20
135 312 104
135 313 129
135 314 120
135 315 37
135 316 47
135 317 72
135 318 140
135 319 96
136 256 122
136 257 38
136 258 71
136 259 23
136 260 24
136 261 114
136 263 100
137 267 12
137 266 83
137 264 126
137 269 95
137 268 152
137 265 26
137 271 55
138 272 63
138 273 110
138 274 148
138 275 16
138 276 64
138 277 138
138 278 80
139 15 70
139 280 128
139 281 51
139 282 16
139 284 17
139 285 36
139 286 31
140 288 46
140 289 17
140 290 132
140 291 48
140 292 57
140 293 122
140 294 139
140 295 78
140 8 147
140 9 59
140 11 88
140 12 13
140 13 61
140 14 154
140 15 89
141 299 26
141 296 130
141 301 72
141 300 19
141 302 14
141 297 120
141 303 24
141 298 24
142 15 100
142 304 38
142 307 110
142 308 148
142 309 29
142 310 60
142 311 70
143 313 135
143 315 41
143 316 110
143 317 45
143 318 42
143 319 146
144 260 78
144 261 121
144 262 82
144 18 47
144 20 150
144 21 40
144 22 135
145 264 140
145 265 130
145 266 17
145 267 59
145 268 46
145 269 24
145 270 18
145 271 119
145 16 129
145 17 18
145 18 22
145 19 135
145 20 59
145 21 149
145 22 81
145 23 129
146 278 114
146 275 109
146 279 13
146 274 34
146 272 130
146 273 58
146 18 31
146 19 50
146 20 17
146 21 81
146 22 121
146 23 91
146 276 147
146 277 61
147 280 47
147 281 106
147 282 100
147 284 52
147 286 131
147 287 48
148 291 37
148 292 139
148 293 13
148 294 20
148 295 40
148 16 49
148 17 23
148 18 85
148 19 28
148 20 109
148 21 52
148 22 148
148 23 145
149 296 48
149 297 35
149 298 68
149 299 69
149 301 76
149 302 127
149 303 120
149 16 88
149 17 49
149 18 70
149 19 125
149 20 117
149 21 155
149 22 73
149 23 104
150 310 88
150 305 10
150 307 13
150 306 27
150 304 99
150 17 79
150 18 49
150 19 31
150 20 76
150 21 120
150 22 145
150 23 50
150 308 135
151 312 45
151 313 74
151 315 105
151 316 65
151 317 120
151 318 138
151 319 10
152 256 62
152 257 57
152 258 40
152 259 126
152 261 30
152 262 49
152 263 35
152 24 115
152 25 89
152 26 79
152 27 11
152 29 151
152 30 34
152 31 104
153 264 14
153 265 21
153 266 26
153 267 22
153 268 39
153 269 148
153 270 110
153 271 36
153 24 33
153 25 146
153 26 51
153 27 14
153 28 52
153 29 101
153 30 117
154 272 31
154 273 109
154 274 86
154 275 138
154 276 91
154 277 71
154 278 94
154 279 148
154 24 21
154 26 117
154 27 111
154 28 141
154 29 83
154 30 87
154 31 81
155 283 15
155 284 104
155 285 33
155 287 45
155 280 31
155 286 116
155 281 120
155 24 38
155 25 103
155 282 133
155 27 76
155 28 10
155 29 56
155 30 98
155 31 38
156 288 52
156 290 106
156 292 67
156 293 120
156 295 133
156 24 151
156 25 12
156 26 12
156 28 138
156 29 136
156 30 110
156 31 130
157 296 12
157 297 36
157 298 23
157 299 127
157 301 42
157 302 48
157 303 119
157 24 27
157 25 137
157 26 30
157 27 67
157 28 126
157 29 94
157 30 108
157 31 115
158 304 15
158 305 57
158 306 95
158 307 128
158 308 128
158 309 47
158 310 27
158 311 145
158 24 68
158 25 63
158 26 154
158 27 127
158 28 52
158 29 138
158 30 114
159 315 20
159 316 94
159 317 50
159 312 77
159 319 146
159 313 76
159 25 99
159 26 69
159 27 127
159 28 33
159 314 13
159 318 57
159 31 104
160 256 14
160 262 11
160 257 32
160 260 67
160 263 112
160 261 155
161 264 110
161 265 110
161 266 41
161 267 12
161 268 92
161 269 65
161 270 62
161 271 155
162 272 151
162 273 117
162 274 134
162 275 141
162 276 62
162 277 113
162 278 131
162 279 64
163 280 47
163 281 25
163 282 77
163 283 143
163 284 36
163 285 128
163 286 39
164 290 76
164 289 127
164 295 93
164 288 78
164 294 23
164 291 46
164 292 66
164 293 67
165 296 134
165 297 140
165 298 155
165 299 81
165 300 68
165 301 103
165 302 100
165 303 128
166 304 74
166 305 77
166 307 99
166 308 61
166 309 53
166 310 95
166 311 32
167 39 31
167 313 37
167 314 26
167 316 49
167 317 55
167 318 45
167 319 73
168 256 132
168 258 118
168 259 32
168 260 81
168 261 95
168 263 154
169 267 116
169 266 18
169 269 94
169 264 147
169 270 80
169 265 17
169 271 155
170 272 35
170 273 110
170 274 120
170 276 46
170 277 117
170 278 46
170 279 29
171 280 114
171 281 129
171 282 36
171 283 135
171 284 19
171 285 25
171 286 93
171 287 147
172 288 40
172 289 77
172 290 69
172 291 12
172 292 146
172 293 105
172 294 82
172 295 79
172 42 32
172 43 128
172 44 28
172 45 96
172 47 83
173 296 25
173 298 135
173 300 112
173 45 147
173 46 133
173 47 38
173 302 127
173 301 25
173 297 40
173 303 65
174 304 126
174 305 75
174 306 120
174 307 111
174 309 153
174 310 79
174 311 64
175 47 83
175 312 75
175 313 51
175 314 37
175 316 141
175 318 80
175 319 22
176 256 135
176 257 74
176 258 131
176 259 115
176 260 29
176 261 40
176 263 92
177 264 75
177 266 64
177 267 75
177 268 104
177 269 94
177 270 107
177 271 110
177 54 33
177 55 149
178 272 135
178 278 142
178 279 133
178 274 59
178 48 24
178 273 33
178 50 95
178 275 141
178 52 55
178 277 15
178 54 27
178 55 146
178 276 29
179 281 146
179 282 152
179 283 35
179 284 120
179 285 111
179 286 139
179 287 58
180 288 12
180 289 46
180 290 143
180 291 20
180 292 113
180 294 60
180 295 124
180 49 126
180 50 88
180 51 78
180 53 43
180 54 100
180 55 127
181 296 66
181 297 154
181 298 56
181 299 63
181 300 110
181 301 110
181 302 37
181 303 17
181 49 144
181 50 136
181 52 131
181 53 91
181 54 56
181 55 58
182 304 86
182 310 51
182 305 120
182 307 79
182 311 70
182 48 152
182 49 56
182 306 97
182 51 34
182 52 53
182 53 102
182 54 79
182 55 151
182 308 48
182 309 12
183 312 28
183 313 29
183 314 87
183 315 152
183 316 73
183 317 47
183 318 31
183 319 112
184 256 62
184 257 19
184 260 76
184 261 122
184 262 93
184 263 36
184 56 95
184 57 112
184 58 78
184 60 101
184 61 12
184 63 21
185 264 58
185 265 49
185 266 150
185 267 71
185 268 51
185 270 122
185 271 144
185 56 44
185 57 122
185 58 112
185 59 40
185 60 14
185 61 110
185 63 103
186 272 90
186 274 147
186 275 63
186 276 86
186 277 56
186 278 13
186 279 14
186 56 106
186 58 155
186 59 137
186 60 155
186 61 155
186 62 149
186 63 144
187 283 153
187 284 140
187 285 43
187 287 73
187 280 25
187 286 22
187 281 129
187 56 64
187 57 61
187 59 62
187 60 105
187 61 109
187 62 102
187 63 95
188 288 111
188 289 80
188 291 77
188 292 116
188 293 30
188 294 68
188 295 11
188 56 19
188 57 79
188 58 30
188 59 41
188 60 132
188 61 153
188 62 65
188 63 27
189 296 14
189 297 14
189 298 46
189 299 124
189 300 116
189 301 131
189 302 11
189 303 115
189 56 78
189 57 123
189 58 110
189 59 49
189 60 124
189 61 35
189 63 21
190 304 103
190 305 85
190 306 98
190 307 32
190 308 124
190 309 98
190 310 115
190 311 92
190 56 72
190 57 33
190 58 99
190 59 51
190 60 66
190 61 153
190 62 39
190 63 119
191 317 37
191 312 135
191 318 17
191 319 44
191 313 111
191 56 73
191 57 36
191 58 26
191 314 21
191 316 14
191 61 93
191 62 43
191 63 128
192 256 136
192 261 54
192 262 144
192 257 46
192 258 77
192 259 10
192 260 62
192 263 83
193 264 130
193 265 71
193 266 107
193 267 149
193 268 55
193 269 31
193 270 12
193 271 99
194 272 13
194 273 14
194 275 60
194 276 113
194 277 140
194 278 16
194 279 84
195 280 61
195 281 108
195 282 37
195 283 82
195 284 47
195 285 127
195 286 58
195 287 66
196 290 50
196 295 44
196 289 67
196 288 61
196 294 105
196 291 21
196 292 59
196 293 40
197 296 30
197 297 137
197 298 123
197 299 61
197 300 24
197 301 65
197 302 67
197 303 57
198 304 72
198 305 113
198 306 139
198 307 111
198 308 60
198 309 90
198 310 58
198 311 149
199 312 77
199 313 35
199 314 51
199 315 91
199 316 54
199 317 37
199 318 72
199 319 30
200 256 118
200 257 85
200 258 144
200 259 142
200 260 134
200 261 60
200 262 84
200 263 45
201 267 86
201 264 127
201 269 32
201 270 77
201 268 32
201 265 34
201 271 149
201 266 32
202 272 57
202 273 10
202 274 45
202 275 46
202 276 89
202 277 143
202 278 53
202 279 91
203 280 11
203 281 101
203 282 44
203 283 34
203 284 119
203 285 11
203 286 92
203 287 100
204 288 24
204 289 86
204 290 129
204 291 141
204 292 100
204 293 109
204 294 59
204 295 33
205 299 86
205 296 114
205 302 62
205 300 150
205 301 153
205 297 57
205 303 37
205 298 92
206 304 11
206 305 67
206 306 28
206 307 119
206 308 22
206 309 139
206 310 150
206 311 120
207 312 50
207 313 88
207 314 56
207 315 111
207 316 118
207 317 36
207 318 127
207 319 106
208 256 105
208 257 148
208 258 106
208 259 21
208 260 20
208 261 75
208 262 127
208 263 154
209 264 147
209 265 52
209 266 145
209 267 81
209 268 143
209 269 42
209 270 52
209 271 46
210 272 68
210 278 96
210 273 22
210 275 106
210 279 112
210 274 111
210 276 109
210 277 40
211 280 109
211 281 32
211 282 31
211 283 98
211 284 11
211 285 103
211 286 148
211 287 91
212 288 77
212 289 37
212 290 25
212 291 11
212 292 110
212 293 106
212 294 48
212 295 106
212 80 108
212 81 77
212 82 19
212 83 29
212 84 130
212 85 16
212 86 63
213 296 69
213 297 45
213 298 83
213 299 97
213 300 69
213 301 24
213 302 28
213 303 54
213 80 133
213 81 60
213 82 148
213 83 115
213 84 99
213 85 100
213 86 141
213 87 21
214 304 31
214 310 102
214 305 108
214 307 87
214 311 59
214 306 133
214 80 40
214 81 45
214 82 132
214 83 95
214 84 146
214 85 43
214 86 132
214 87 98
214 308 67
214 309 128
215 312 138
215 313 81
215 314 23
215 315 120
215 316 101
215 317 16
215 318 107
215 319 40
216 256 43
216 257 41
216 258 121
216 259 36
216 260 109
216 261 125
216 262 30
216 263 37
216 88 133
216 89 79
216 90 116
216 91 44
216 93 17
216 94 22
216 95 153
217 264 105
217 265 106
217 266 127
217 267 48
217 268 90
217 269 104
217 270 61
217 271 97
217 88 97
217 89 71
217 90 143
217 91 107
217 92 107
217 93 118
217 94 143
217 95 46
218 272 50
218 273 154
218 274 69
218 275 145
218 276 81
218 277 105
218 278 121
218 279 73
218 88 76
218 89 87
218 90 94
218 91 52
218 92 54
218 93 12
218 94 52
218 95 122
219 282 67
219 284 127
219 285 46
219 287 146
219 280 42
219 283 99
219 286 76
219 281 128
219 88 146
219 89 21
219 90 15
219 91 79
219 92 38
219 93 22
219 94 134
219 95 105
220 288 26
220 289 33
220 290 16
220 291 94
220 292 15
220 293 71
220 294 42
220 295 34
220 88 19
220 90 71
220 91 127
220 92 33
220 93 36
220 94 147
220 95 29
221 296 108
221 297 56
221 298 65
221 299 101
221 300 152
221 301 60
221 302 120
221 303 10
221 88 53
221 89 49
221 90 38
221 91 142
221 92 113
221 93 70
221 95 19
222 304 152
222 305 13
222 306 108
222 307 77
222 308 136
222 309 134
222 310 64
222 311 141
222 89 72
222 90 109
222 91 111
222 92 88
222 93 124
222 95 43
223 315 38
223 314 59
223 316 15
223 317 80
223 312 62
223 319 139
223 313 73
223 88 148
223 89 35
223 90 17
223 91 39
223 92 33
223 93 95
223 318 49
223 95 53
224 256 129
224 262 116
224 257 105
224 258 94
224 259 111
224 260 130
224 263 105
224 261 75
225 264 93
225 265 18
225 266 90
225 267 45
225 268 38
225 269 46
225 270 45
225 271 26
226 272 68
226 273 110
226 274 98
226 275 86
226 276 80
226 277 103
226 278 98
226 279 121
227 280 23
227 281 41
227 282 128
227 283 65
227 284 127
227 285 108
227 286 67
227 287 14
228 288 123
228 290 48
228 289 75
228 294 45
228 291 154
228 292 150
228 295 67
228 293 125
229 296 151
229 297 118
229 298 88
229 299 57
229 300 22
229 301 133
229 302 22
229 303 86
230 304 37
230 305 137
230 306 38
230 307 81
230 308 38
230 309 94
230 310 38
230 311 91
231 312 99
231 313 76
231 314 44
231 315 36
231 316 106
231 317 128
231 318 90
231 319 25
232 256 51
232 257 113
232 258 41
232 259 132
232 260 13
232 261 72
232 262 28
232 263 89
233 267 124
233 264 32
233 269 70
233 270 13
233 268 13
233 265 10
233 271 117
233 266 130
234 272 66
234 273 112
234 274 25
234 275 101
234 276 98
234 277 122
234 278 147
234 279 104
235 280 11
235 281 89
235 282 145
235 283 91
235 284 104
235 285 128
235 286 17
235 287 100
236 288 123
236 289 38
236 290 112
236 291 146
236 292 45
236 293 18
236 294 131
236 295 110
237 299 49
237 296 90
237 302 60
237 300 111
237 301 33
237 297 147
237 303 142
237 298 55
238 304 114
238 305 38
238 306 16
238 307 23
238 308 149
238 309 34
238 310 75
238 311 15
239 312 150
239 313 143
239 314 128
239 315 71
239 316 38
239 317 52
239 318 29
239 319 127
240 256 72
240 257 17
240 258 146
240 259 128
240 260 72
240 261 117
240 262 13
240 263 137
241 264 110
241 265 19
241 266 78
241 267 134
241 268 141
241 269 64
241 270 113
241 271 37
242 272 59
242 278 14
242 273 19
242 279 22
242 274 14
242 275 82
242 276 36
242 277 115
243 280 87
243 281 54
243 282 133
243 283 88
243 284 121
243 285 86
243 286 141
243 287 136
244 288 135
244 289 115
244 290 59
244 291 77
244 292 12
244 293 47
244 294 149
244 295 35
244 112 142
244 113 151
244 114 51
244 115 79
244 116 149
244 117 116
244 118 149
244 119 24
245 296 116
245 297 70
245 298 79
245 299 12
245 300 93
245 301 52
245 302 45
245 303 45
245 112 97
245 113 148
245 115 126
245 116 81
245 117 118
245 118 78
245 119 128
246 304 146
246 310 119
246 305 21
246 307 155
246 311 39
246 306 123
246 112 99
246 113 135
246 114 151
246 115 31
246 116 85
246 117 78
246 118 102
246 119 75
246 308 108
246 309 85
247 312 43
247 313 45
247 314 19
247 315 121
247 316 76
247 317 35
247 318 47
247 319 43
248 256 84
248 257 59
248 258 110
248 259 119
248 260 122
248 261 132
248 262 15
248 263 29
248 120 39
248 121 148
248 122 114
248 124 27
248 125 31
248 126 64
249 264 139
249 265 130
249 266 137
249 267 29
249 268 18
249 269 34
249 270 140
249 271 24
249 120 15
249 121 94
249 122 27
249 123 10
249 124 82
249 125 58
249 126 14
249 127 79
250 272 19
250 273 144
250 274 119
250 275 75
250 276 142
250 277 27
250 278 11
250 279 44
250 120 104
250 121 81
250 122 83
250 123 140
250 124 86
250 126 103
250 127 135
251 282 49
251 284 135
251 285 22
251 287 91
251 280 125
251 283 36
251 286 123
251 281 125
251 120 120
251 121 129
251 122 143
251 123 68
251 124 20
251 125 46
251 126 55
251 127 63
252 288 82
252 289 35
252 290 146
252 291 59
252 292 150
252 293 41
252 294 86
252 295 18
252 120 153
252 121 105
252 122 47
252 123 27
252 124 55
252 125 31
252 126 92
252 127 118
253 296 58
253 297 110
253 298 23
253 299 36
253 300 87
253 301 103
253 302 47
253 303 84
253 120 146
253 121 49
253 122 33
253 123 110
253 124 151
253 125 143
253 126 86
253 127 71
254 304 140
254 305 144
254 306 128
254 307 12
254 308 34
254 309 80
254 310 47
254 311 109
254 120 103
254 121 40
254 122 37
254 123 32
254 124 57
254 125 134
254 126 15
254 127 15
255 315 86
255 314 102
255 316 69
255 317 107
255 312 91
255 318 12
255 319 82
255 120 147
255 313 85
255 122 42
255 123 126
255 124 147
255 125 58
255 126 30
255 127 76
256 290 15
257 264 144
258 276 94
259 281 51
260 310 151
261 300 33
262 301 10
263 314 86
264 296 59
265 303 103
266 284 143
267 286 128
268 299 91
269 273 154
270 282 28
271 308 45
272 294 81
273 295 78
274 313 115
275 310 130
276 312 11
277 281 126
278 296 106
279 319 38
280 289 36
281 313 44
282 298 91
283 315 110
284 292 121
285 301 88
286 313 153
287 295 87
288 289 113
289 315 101
290 299 38
291 319 79
292 299 111
293 318 155
294 296 71
295 312 122
296 314 60
297 309 52
298 314 144
299 308 69
300 304 15
301 315 123
302 303 45
303 305 60
304 308 43
305 308 41
306 310 36
307 315 142
308 319 76
309 314 60
310 313 68
311 318 79
312 315 77
313 315 57
314 100001 1450
314 100004 1450
315 100003 1450
315 100002 1450
316 100000 1450
316 100003 1450
316 100004 1450
317 100000 1450
317 100003 1450
317 100002 1450
318 100002 1450
319 100001 1450
319 100004 1450
-2 1 1450
-2 3 1450
-2 4 1450
-5 0 1450
-5 2 1450
-5 5 1450
-4 0 1450
-4 2 1450
-3 0 1450
-3 3 1450
-1 1 1450
-1 2 1450
-1 3 1450
