0 32 121
0 33 45
0 34 68
0 35 136
1 33 67
1 35 44
2 32 133
2 33 55
2 34 55
2 35 58
3 32 74
3 33 100
3 34 21
3 35 145
4 36 111
4 37 149
4 38 83
4 39 17
5 36 100
5 37 147
6 36 92
6 37 52
6 38 106
6 39 144
7 36 112
7 37 129
7 38 74
7 39 25
8 40 50
8 41 77
8 43 24
9 40 127
9 41 87
9 42 132
9 43 14
10 40 137
10 41 135
10 42 93
10 43 31
11 40 112
11 41 110
11 42 40
11 43 79
12 44 131
12 46 118
12 47 19
13 44 126
13 45 35
13 46 129
14 46 119
15 44 105
15 45 82
15 47 135
16 48 47
16 49 26
16 50 57
16 51 123
17 48 115
17 50 138
17 51 18
18 48 117
18 49 98
18 50 101
19 48 88
19 50 125
19 51 86
20 52 46
20 53 132
20 54 106
20 55 134
21 52 106
21 53 98
21 54 75
21 55 136
22 52 15
22 53 80
22 54 109
22 55 73
23 52 34
23 53 146
23 54 98
23 55 12
24 56 13
24 57 43
24 58 98
24 59 144
25 56 49
25 59 146
26 56 143
26 57 55
26 58 78
26 59 120
27 56 123
27 57 15
27 58 139
27 59 153
28 60 49
28 61 95
28 62 122
28 63 23
29 60 34
29 62 118
29 63 99
30 60 73
30 61 71
30 63 83
31 60 56
31 61 102
31 62 39
31 63 154
32 64 149
32 65 80
33 68 52
33 69 40
33 70 60
33 71 147
34 72 126
34 73 39
34 74 90
34 75 10
35 76 84
35 77 132
35 78 144
35 79 105
36 64 28
36 66 80
36 67 11
36 4 30
36 5 64
36 6 144
36 7 143
37 68 96
37 69 67
37 7 83
37 71 147
37 4 101
37 70 89
37 5 32
38 73 87
38 74 24
38 75 96
39 76 27
39 77 11
39 78 62
39 79 70
40 65 92
40 67 123
40 8 148
40 9 124
40 10 57
40 11 31
41 68 122
41 69 90
41 70 12
41 71 40
41 8 19
41 9 110
41 10 64
41 11 57
42 75 76
42 72 153
42 9 25
42 10 22
42 11 38
42 73 145
42 74 21
43 76 47
43 77 37
43 78 15
43 79 58
44 64 16
44 65 98
44 66 127
44 67 61
44 12 136
44 13 92
44 15 113
45 68 22
45 69 72
45 70 139
45 71 140
45 13 106
45 15 123
46 72 130
46 73 68
46 74 60
46 75 130
46 12 36
46 13 83
46 14 133
47 79 131
47 12 68
47 77 112
47 78 57
47 15 141
48 64 139
48 65 147
48 66 48
48 67 35
48 16 148
48 17 126
48 18 15
48 19 143
49 68 75
49 69 125
49 70 145
49 71 67
49 16 21
49 18 54
50 72 63
50 73 153
50 74 25
50 75 81
50 16 65
50 17 76
50 18 125
50 19 12
51 76 152
51 77 86
51 78 14
51 79 54
51 16 123
51 17 69
51 19 25
52 64 14
52 65 101
52 66 86
52 67 48
52 20 105
52 21 99
52 22 71
52 23 21
53 68 65
53 69 74
53 70 12
53 71 152
53 20 64
53 21 37
53 22 114
53 23 100
54 72 80
54 73 153
54 74 143
54 75 115
54 20 63
54 21 96
54 22 135
54 23 135
55 76 110
55 77 22
55 78 11
55 79 104
55 20 19
55 21 150
55 22 88
55 23 106
56 64 55
56 65 30
56 66 49
56 67 15
56 24 46
56 25 62
56 26 26
56 27 95
57 68 59
57 69 121
57 70 131
57 71 63
57 24 152
57 26 138
57 27 142
58 72 70
58 73 93
58 74 117
58 75 65
58 24 37
58 26 113
58 27 115
59 76 105
59 77 12
59 78 136
59 79 103
59 24 104
59 25 77
59 26 151
59 27 11
60 64 10
60 65 61
60 66 75
60 67 134
60 28 129
60 29 110
60 30 59
60 31 133
61 68 124
61 69 136
61 70 153
61 71 82
61 28 140
61 30 86
61 31 117
62 72 35
62 73 124
62 74 53
62 75 23
62 28 41
62 29 78
62 31 58
63 76 24
63 77 139
63 78 65
63 79 48
63 28 18
63 29 147
63 30 134
63 31 11
64 73 93
65 77 42
66 76 23
67 79 147
68 77 120
69 71 73
70 76 74
71 72 143
72 73 71
73 74 75
74 100003 1450
74 100004 1450
74 100002 1450
75 100001 1450
75 100004 1450
75 100002 1450
76 100004 1450
77 100000 1450
77 100001 1450
77 100003 1450
78 100002 1450
78 100003 1450
-1 0 1450
-1 4 1450
-5 0 1450
-5 2 1450
-5 5 1450
-4 0 1450
-4 1 1450
-4 3 1450
-3 0 1450
-3 2 1450
-3 5 1450
-2 3 1450
-2 5 1450
