0 8 5
0 9 7
1 8 9
1 9 2
2 10 7
3 10 10
3 11 9
4 12 2
4 13 4
4 6 9
5 13 8
5 7 9
6 15 6
7 14 5
7 15 6
8 16 8
8 17 6
9 18 9
9 19 9
10 16 5
10 17 6
10 2 4
10 3 3
11 19 6
11 18 2
11 3 8
12 16 1
12 17 2
12 4 9
13 18 9
13 19 7
13 4 9
13 5 7
14 16 5
14 17 10
14 100002 100
15 100000 100
15 100001 100
15 100003 100
15 100004 100
15 18 9
15 19 1
16 100002 100
17 100002 100
17 100003 100
17 100004 100
18 100000 100
18 100001 100
18 100004 100
19 100000 100
19 100001 100
19 100003 100
-1 0 100
-1 1 100
-1 3 100
-5 1 100
-5 4 100
-5 5 100
-4 0 100
-4 1 100
-4 3 100
-3 2 100
-3 5 100
-2 2 100
-2 3 100
-2 5 100
