0 1 6
0 52 5
0 133 3
0 6 3
0 135 2
1 117 6
1 133 9
1 135 10
2 128 7
2 129 9
2 130 9
2 132 6
2 133 7
2 135 5
2 10 4
3 129 2
3 130 5
3 132 9
4 129 3
4 130 3
4 131 6
4 133 1
4 135 7
5 128 7
5 129 10
5 34 9
5 132 6
5 133 4
5 135 9
5 13 10
5 115 3
6 128 5
6 129 7
6 130 8
6 131 10
6 133 1
6 135 4
6 48 6
6 49 4
7 97 1
7 130 4
7 131 3
7 132 7
7 133 9
7 135 9
7 8 10
7 9 9
7 73 9
8 68 1
8 40 1
8 137 7
8 139 2
8 76 3
8 142 8
9 119 6
9 141 5
9 142 2
9 143 10
10 69 9
10 136 1
10 137 10
10 138 2
10 140 8
10 143 3
10 54 4
11 136 6
11 36 5
11 138 9
11 139 2
11 140 1
12 138 10
12 107 8
12 140 7
12 141 4
12 110 2
12 143 1
12 114 1
12 142 6
13 35 2
13 70 5
13 136 7
13 137 3
13 139 3
13 142 7
13 43 2
14 41 4
14 138 7
14 139 1
14 140 4
14 142 2
14 143 5
15 137 6
15 138 1
15 140 1
15 142 4
16 33 8
16 145 1
16 146 5
16 147 2
16 149 3
16 150 6
17 144 4
17 145 8
17 146 1
17 148 3
17 149 6
18 144 5
18 146 8
18 147 3
18 148 10
19 144 7
19 145 1
19 150 5
19 151 7
20 144 5
20 32 9
20 72 7
20 150 4
20 151 4
21 144 5
21 145 8
21 42 5
21 150 6
21 151 6
22 66 4
22 150 10
23 112 5
23 145 10
23 146 3
23 148 4
23 150 4
23 151 2
24 153 6
24 74 9
24 55 3
24 157 5
24 159 10
25 154 1
25 156 6
25 157 6
25 158 10
26 83 7
26 153 10
26 154 2
26 155 7
26 157 7
26 158 8
26 159 7
27 155 9
27 156 5
27 158 1
28 44 6
28 45 8
28 51 6
28 152 7
28 154 1
28 155 3
28 156 9
28 158 7
29 155 9
29 156 2
29 157 7
29 159 3
30 152 5
30 67 10
30 155 1
30 156 9
30 157 9
31 39 9
31 152 5
31 153 4
31 154 1
31 157 9
31 158 6
31 159 9
32 160 8
32 164 2
32 165 5
32 167 8
33 160 4
33 163 5
33 164 2
33 165 10
33 166 5
33 167 8
34 160 2
34 161 5
34 163 6
34 165 2
34 166 2
34 167 4
34 37 2
35 162 7
35 163 10
35 164 4
35 38 4
36 161 10
36 163 6
36 165 8
36 166 2
36 167 10
37 160 2
37 161 5
37 163 3
37 166 6
37 167 6
38 160 9
38 164 1
38 166 7
38 167 1
39 160 3
39 161 8
39 162 4
39 163 8
39 164 4
39 166 6
40 169 2
40 170 5
40 171 2
40 47 1
41 168 1
41 169 9
41 170 8
41 171 7
42 170 10
42 171 5
42 172 1
42 173 1
42 78 1
42 175 4
42 53 9
43 168 7
43 173 10
43 174 10
43 175 10
44 170 2
44 46 8
44 172 8
44 173 4
44 174 6
45 65 7
45 168 1
45 169 5
45 170 4
45 75 3
45 174 5
46 168 10
46 170 7
46 171 4
46 172 7
46 173 10
46 174 5
46 175 7
47 168 8
47 171 4
47 172 2
47 173 8
47 175 7
48 177 8
48 179 1
48 180 8
48 85 1
48 182 10
48 183 4
49 50 4
49 87 7
49 179 10
49 181 5
49 183 10
50 176 9
50 177 10
50 178 5
50 179 2
50 180 8
50 182 9
51 98 8
51 176 3
51 177 1
51 180 5
51 182 9
51 183 2
52 176 2
52 179 6
53 179 3
53 180 6
53 181 8
53 183 9
54 177 9
54 178 6
54 180 7
54 183 9
55 96 9
55 71 6
55 176 9
55 177 3
55 178 1
55 179 1
55 180 3
55 181 10
56 186 5
56 187 5
56 189 3
56 190 3
57 184 7
57 185 4
57 186 3
57 187 5
57 188 4
57 189 1
58 79 7
58 81 4
58 86 2
58 184 4
58 185 6
58 187 10
58 189 2
58 191 4
59 64 9
59 187 8
59 188 9
60 100 10
60 82 9
60 116 10
60 184 7
60 187 9
60 188 5
60 189 7
60 190 9
60 191 1
61 184 1
61 186 5
61 187 2
61 188 8
61 189 7
62 184 3
62 185 6
62 186 10
62 187 9
62 189 9
62 190 7
62 191 8
63 184 2
63 185 10
63 187 1
63 188 4
63 189 6
63 190 9
64 193 3
64 195 10
64 196 8
64 197 9
64 198 5
64 199 9
65 192 3
65 195 6
65 198 4
65 199 4
66 193 7
66 194 5
66 195 4
66 197 8
66 198 7
67 103 1
67 194 6
67 195 1
67 197 7
67 199 10
68 194 9
68 196 10
68 198 3
68 199 5
69 84 7
69 196 8
69 197 10
69 109 5
70 77 1
70 196 2
70 197 8
70 198 10
70 199 7
71 192 3
71 194 5
71 196 1
71 197 6
71 198 7
71 199 10
71 102 3
72 201 4
72 202 4
72 203 2
72 206 4
72 207 1
73 200 10
73 201 3
73 205 4
73 206 1
73 207 6
73 80 6
74 200 3
74 201 8
74 202 7
74 203 4
74 204 10
74 205 7
74 206 1
74 207 3
75 200 6
75 202 8
75 205 5
75 206 6
75 207 7
76 201 1
76 202 5
76 203 7
76 204 4
76 205 7
76 206 9
76 207 6
77 200 6
77 201 3
77 202 1
77 203 10
77 205 6
77 206 2
77 207 9
77 105 8
78 204 2
78 205 9
78 207 5
79 201 4
79 202 10
79 203 2
79 204 5
79 206 10
79 207 3
80 208 10
80 209 4
80 210 5
80 211 4
80 212 8
80 213 7
80 215 2
81 208 8
81 209 3
81 211 9
81 213 5
82 209 8
82 211 10
82 213 7
82 214 1
83 209 2
83 212 2
83 113 1
83 118 3
83 215 5
84 208 6
84 210 4
84 212 6
84 214 2
84 215 7
85 208 4
85 209 3
85 210 6
85 212 6
85 214 3
85 215 4
86 208 9
86 209 3
86 210 4
86 211 10
86 212 8
86 213 2
87 209 1
87 210 2
87 211 10
87 212 10
87 213 7
87 214 1
87 215 6
88 101 4
88 217 7
88 218 2
88 219 2
88 220 7
88 221 1
88 222 4
89 216 8
89 217 2
89 218 2
89 219 10
89 222 8
89 223 2
90 216 1
90 218 6
90 219 5
90 220 8
90 221 9
90 222 9
90 223 8
91 216 10
91 217 8
91 218 9
91 219 7
91 220 4
91 221 3
91 223 6
92 216 1
92 217 4
92 218 7
92 219 2
92 220 10
92 221 3
92 223 8
93 99 7
93 134 9
93 217 7
93 218 2
93 219 9
93 220 5
93 221 4
93 222 3
93 223 10
94 216 8
94 218 10
94 219 8
94 220 9
94 221 10
94 223 7
95 216 6
95 217 6
95 218 6
95 219 2
95 220 8
95 221 2
95 222 6
96 224 4
96 225 2
96 228 4
96 230 7
96 231 9
97 225 1
97 226 3
97 227 8
97 229 2
97 230 2
97 231 8
98 225 6
98 226 9
98 227 4
98 228 4
98 229 7
98 230 8
99 224 4
99 226 10
99 227 7
99 228 2
99 229 5
99 231 9
99 111 3
100 224 6
100 225 6
100 226 9
100 227 2
100 228 2
100 229 6
100 230 2
101 224 5
101 225 10
101 226 4
101 227 1
101 228 7
101 229 2
101 230 8
101 231 8
102 224 4
102 225 3
102 226 5
102 227 5
102 228 5
102 229 8
103 224 2
103 225 8
103 226 6
103 227 3
103 228 6
103 230 6
103 231 2
104 233 10
104 234 9
104 236 5
104 237 4
105 233 5
105 234 7
105 239 2
106 232 8
106 233 1
106 235 5
106 236 9
106 237 9
106 239 7
107 232 1
107 233 5
107 234 7
107 235 6
107 237 4
107 238 2
108 234 10
108 235 5
108 236 1
108 239 8
109 232 3
109 235 2
109 237 10
109 238 5
109 239 10
110 232 5
110 238 1
110 239 5
111 232 5
111 234 9
111 235 2
111 237 3
111 238 2
111 239 6
112 240 2
112 242 8
112 244 7
112 245 4
112 246 6
113 240 10
113 241 8
113 242 10
113 243 3
113 244 7
113 245 8
113 246 1
114 240 7
114 241 7
114 243 8
114 244 6
114 245 9
114 246 9
115 240 5
115 241 4
115 242 7
115 243 6
115 244 3
115 245 8
115 246 9
115 247 4
116 240 9
116 242 7
116 243 2
116 244 7
116 245 1
116 246 2
117 240 2
117 241 6
117 242 4
117 243 7
117 245 6
117 246 1
117 247 9
118 240 8
118 241 2
118 242 6
118 245 5
118 246 3
118 247 7
119 240 7
119 241 9
119 242 8
119 243 2
119 245 1
120 248 1
120 249 5
120 250 3
120 251 4
120 252 7
120 253 8
120 254 6
121 248 4
121 249 3
121 250 10
121 251 8
121 252 8
121 253 3
121 254 7
121 255 5
122 248 10
122 249 7
122 250 9
122 251 10
122 252 10
122 253 1
122 254 8
122 255 5
123 248 10
123 250 10
123 251 1
123 252 8
123 253 1
123 254 9
123 255 7
124 248 7
124 249 4
124 254 9
124 255 2
125 248 6
125 249 3
125 250 6
125 252 2
125 253 8
125 254 8
125 255 1
126 248 9
126 249 1
126 250 2
126 251 9
126 252 8
126 253 8
126 254 1
126 255 5
127 248 10
127 249 8
127 250 9
127 252 6
127 254 3
127 255 10
128 256 7
128 257 4
128 260 6
128 263 6
128 262 10
128 258 9
128 261 4
129 264 5
129 265 6
129 267 3
129 269 8
129 270 1
129 271 2
130 272 10
130 273 3
130 274 2
130 275 8
130 276 2
130 277 5
130 278 4
131 280 8
131 281 5
131 282 2
131 284 8
131 285 1
131 287 5
132 288 9
132 289 8
132 292 1
132 7 10
132 295 3
132 290 5
132 291 2
132 293 2
133 296 2
133 298 1
133 299 4
133 300 2
133 301 8
133 302 5
134 304 5
134 305 6
134 306 9
134 307 7
134 308 6
134 309 7
134 311 1
135 312 4
135 313 5
135 314 3
135 315 1
135 316 1
135 317 7
135 319 9
136 256 3
136 257 7
136 258 7
136 259 2
136 260 3
136 261 4
136 262 6
136 263 5
137 265 6
137 267 3
137 270 1
137 264 1
137 271 9
138 272 8
138 273 4
138 274 2
138 275 4
138 278 5
139 280 9
139 281 9
139 282 8
139 283 7
139 285 2
139 286 10
139 287 2
140 288 5
140 289 10
140 290 5
140 291 4
140 292 4
140 293 7
140 294 10
140 295 4
140 11 4
140 12 7
140 14 10
140 15 8
141 301 10
141 302 8
141 297 1
142 304 2
142 305 8
142 307 10
142 308 2
142 309 9
142 310 2
142 311 8
143 312 7
143 313 6
143 314 9
143 316 6
143 318 1
143 319 1
144 256 9
144 260 3
144 261 8
144 262 1
144 263 8
145 266 1
145 268 3
145 269 7
145 270 2
145 271 7
146 273 4
146 274 6
146 275 7
146 276 1
146 278 8
147 281 10
147 282 6
147 283 4
147 284 10
147 286 8
147 287 3
148 288 8
148 289 4
148 290 2
148 292 8
148 293 4
148 294 7
148 295 6
148 17 6
148 18 6
148 23 2
149 296 5
149 298 5
149 299 10
149 300 2
149 301 7
149 302 3
149 16 1
149 17 9
150 304 10
150 310 1
150 307 5
150 311 1
150 305 4
150 306 6
150 19 2
150 20 3
150 21 7
150 22 1
150 23 8
150 308 7
150 309 5
151 21 1
151 23 4
151 316 9
151 318 8
152 256 5
152 257 6
152 258 2
152 259 9
152 260 3
152 261 7
152 262 9
152 263 4
152 30 7
152 31 6
153 264 7
153 265 1
153 266 6
153 268 1
153 271 8
154 272 10
154 273 7
154 274 8
154 276 9
154 277 4
154 278 9
154 25 1
154 26 10
154 28 3
154 31 2
155 282 9
155 285 3
155 286 4
155 280 1
155 27 6
155 28 5
155 29 6
155 30 1
155 287 8
156 288 2
156 289 1
156 290 1
156 291 6
156 292 8
156 294 2
156 295 4
156 25 1
156 27 1
156 28 4
156 29 5
156 30 8
157 297 6
157 298 9
157 299 10
157 300 6
157 301 10
157 303 9
157 24 8
157 25 1
157 26 8
157 29 1
157 30 5
157 31 9
158 305 1
158 307 9
158 309 1
158 310 10
158 25 2
158 26 2
158 27 10
158 28 8
158 31 10
159 317 5
159 312 2
159 319 1
159 24 6
159 313 1
159 26 5
159 315 2
159 316 9
159 29 5
159 31 3
160 262 7
160 257 5
160 258 8
160 263 3
160 261 8
161 264 3
161 265 4
161 266 1
161 267 3
161 268 10
161 271 10
162 272 4
162 273 6
162 274 9
162 275 3
162 277 5
162 278 10
162 279 9
163 280 4
163 281 2
163 282 6
163 283 4
163 285 10
163 286 5
164 292 5
164 293 10
164 295 8
164 289 5
164 288 3
164 294 8
164 291 1
165 297 2
165 298 8
165 299 3
165 300 9
165 301 4
165 302 5
166 304 8
166 305 5
166 306 1
166 308 5
166 309 6
166 310 1
166 311 9
167 312 4
167 313 9
167 314 2
167 315 7
167 317 6
167 318 7
167 319 1
168 258 5
168 259 1
168 260 7
168 261 2
168 262 2
168 263 2
169 266 1
169 267 10
169 268 4
169 270 2
169 269 10
169 265 8
169 271 4
170 272 2
170 273 2
170 274 4
170 275 6
170 276 7
170 279 4
171 280 6
171 281 2
171 283 7
171 284 10
171 285 8
171 286 6
171 287 8
172 288 4
172 289 9
172 290 9
172 291 9
172 292 7
172 293 4
172 294 6
173 299 5
173 296 2
173 300 2
173 301 10
173 303 3
173 298 10
174 304 8
174 305 10
174 307 10
174 309 8
174 310 2
174 311 6
175 312 10
175 313 7
175 318 4
175 319 1
176 256 6
176 257 7
176 259 7
176 263 5
177 264 9
177 266 3
177 267 4
177 269 3
177 270 6
177 271 2
178 278 3
178 279 5
178 274 4
178 273 1
178 277 5
179 280 9
179 281 3
179 282 3
179 283 3
179 284 2
179 285 9
179 286 2
179 287 6
180 288 10
180 289 2
180 291 9
180 292 6
180 293 6
180 294 7
180 295 10
181 301 9
181 302 10
182 306 10
182 307 1
182 308 9
182 309 4
182 310 10
182 311 1
183 312 3
183 313 8
183 314 7
183 315 7
183 316 1
183 317 7
183 318 7
184 256 6
184 257 1
184 258 8
184 260 8
184 261 1
184 262 7
184 263 2
185 264 4
185 265 1
185 267 6
185 268 8
185 269 10
185 270 1
185 271 7
185 57 10
185 58 2
185 62 7
185 63 3
186 272 10
186 274 9
186 275 9
186 276 7
186 277 10
186 278 10
186 279 1
186 56 8
186 57 9
186 61 7
186 62 4
187 282 9
187 284 1
187 285 5
187 287 1
187 280 9
187 286 7
187 281 2
187 56 7
187 57 3
187 58 8
187 59 5
187 60 7
187 61 6
187 62 2
187 63 1
188 288 7
188 290 10
188 291 6
188 292 9
188 293 10
188 57 7
188 59 9
188 60 5
188 61 4
188 63 1
189 296 3
189 297 7
189 298 8
189 299 3
189 300 7
189 302 5
189 303 7
189 56 9
189 57 8
189 58 2
189 60 1
189 61 10
189 62 4
189 63 10
190 305 1
190 306 2
190 56 6
190 60 1
190 62 2
190 63 1
191 316 8
191 317 5
191 318 10
191 312 4
191 313 10
191 315 10
191 60 8
191 314 1
191 62 8
191 319 9
192 258 3
192 259 1
192 260 5
192 261 5
192 262 4
192 263 4
193 264 7
193 265 9
193 266 3
193 267 3
193 268 7
193 269 9
193 270 8
193 271 1
194 272 6
194 273 9
194 274 1
194 276 1
194 277 7
194 279 8
195 280 5
195 281 6
195 285 3
195 286 9
195 287 8
196 288 7
196 290 3
196 291 9
196 294 1
196 292 9
196 293 3
197 296 5
197 297 8
197 299 4
197 300 4
197 301 7
197 303 10
198 304 4
198 305 7
198 307 7
198 308 9
198 309 10
198 310 10
198 311 1
199 313 5
199 314 2
199 315 9
199 316 7
199 317 9
199 318 4
199 319 10
200 256 1
200 257 4
200 258 5
200 259 3
200 260 1
200 262 1
200 263 7
201 267 4
201 264 1
201 269 1
201 265 7
201 271 8
201 266 9
202 272 3
202 273 7
202 274 6
202 275 6
202 276 5
202 277 8
202 278 3
202 279 7
203 280 2
203 281 8
203 282 5
203 283 4
203 284 2
203 285 1
203 286 8
203 287 3
204 288 2
204 289 5
204 290 6
204 291 6
204 292 7
204 293 8
204 294 5
204 295 1
205 299 2
205 296 7
205 301 6
205 300 6
205 302 2
205 297 9
205 303 1
205 298 10
206 304 8
206 305 4
206 306 8
206 307 1
206 308 3
206 309 8
206 311 9
207 312 3
207 313 10
207 314 9
207 315 6
207 316 9
207 317 5
207 318 2
207 319 1
208 256 1
208 257 9
208 258 3
208 259 7
208 260 3
208 261 6
208 262 4
208 263 1
209 264 5
209 265 4
209 266 6
209 267 7
209 268 5
209 269 5
209 270 9
209 271 1
210 272 4
210 278 10
210 279 5
210 273 5
210 274 3
210 275 5
210 276 6
210 277 1
211 280 6
211 281 10
211 282 6
211 283 3
211 284 7
211 285 10
211 286 7
211 287 8
212 288 10
212 289 10
212 290 9
212 291 3
212 292 9
212 293 8
212 294 1
212 295 10
213 296 2
213 297 10
213 298 4
213 299 8
213 300 3
213 301 4
213 302 6
213 303 4
214 311 9
214 306 1
214 304 7
214 305 9
214 307 5
214 310 10
214 308 6
214 309 8
215 312 8
215 313 10
215 314 9
215 315 6
215 316 10
215 317 5
215 318 2
215 319 6
216 256 1
216 257 5
216 258 5
216 259 4
216 260 1
216 261 4
216 262 7
216 263 8
216 89 5
216 90 10
216 91 5
216 92 10
216 94 10
216 95 5
217 264 8
217 265 1
217 266 5
217 267 5
217 268 1
217 269 7
217 270 2
217 271 2
217 88 7
217 89 5
217 91 5
217 92 4
217 93 5
217 95 8
218 272 9
218 273 1
218 274 9
218 275 8
218 276 1
218 277 4
218 278 10
218 279 5
218 88 4
218 89 7
218 90 10
218 91 6
218 92 5
218 93 4
218 94 7
218 95 9
219 282 3
219 284 8
219 285 1
219 287 2
219 280 4
219 283 7
219 286 1
219 281 2
219 88 8
219 89 8
219 90 1
219 91 7
219 92 6
219 93 8
219 94 4
219 95 8
220 288 4
220 289 8
220 290 3
220 291 6
220 292 4
220 293 4
220 294 8
220 295 5
220 88 5
220 90 10
220 91 6
220 92 10
220 93 5
220 94 9
220 95 4
221 296 9
221 297 4
221 298 2
221 299 5
221 300 3
221 301 6
221 302 3
221 303 3
221 88 4
221 90 10
221 91 5
221 92 8
221 93 5
221 94 2
221 95 7
222 304 7
222 305 8
222 306 9
222 307 9
222 308 1
222 309 10
222 310 3
222 311 7
222 88 4
222 89 2
222 90 5
222 93 10
222 95 7
223 315 4
223 314 7
223 316 7
223 317 5
223 318 6
223 313 7
223 312 1
223 89 7
223 90 2
223 91 6
223 92 6
223 93 1
223 94 9
223 319 7
224 256 8
224 258 1
224 262 2
224 257 3
224 259 6
224 260 10
224 263 10
224 261 4
225 264 9
225 265 9
225 266 1
225 267 3
225 268 6
225 269 2
225 270 7
225 271 3
226 272 7
226 273 10
226 274 4
226 275 9
226 276 3
226 277 2
226 278 6
226 279 6
227 280 3
227 281 6
227 282 2
227 283 6
227 284 4
227 285 8
227 286 1
227 287 9
228 288 10
228 290 3
228 289 3
228 294 10
228 291 2
228 292 3
228 295 5
228 293 6
229 296 6
229 297 7
229 298 10
229 299 2
229 300 7
229 301 5
229 302 9
229 303 10
230 304 9
230 305 3
230 306 7
230 307 6
230 308 1
230 309 6
230 310 6
230 311 4
231 312 5
231 313 8
231 314 4
231 315 1
231 316 10
231 317 9
231 318 9
231 319 9
232 256 10
232 257 10
232 258 10
232 259 7
232 260 10
232 261 9
232 262 6
232 263 7
233 267 2
233 268 6
233 269 2
233 270 4
233 271 1
233 264 3
233 265 9
233 266 5
234 272 2
234 273 6
234 274 9
234 275 9
234 276 7
234 277 6
234 278 5
234 279 7
235 280 6
235 281 9
235 282 2
235 283 6
235 284 8
235 285 6
235 286 7
235 287 6
236 288 6
236 289 5
236 290 10
236 291 3
236 292 1
236 293 8
236 294 8
236 295 6
236 104 5
236 106 10
236 108 2
237 299 10
237 297 7
237 300 2
237 302 9
237 296 6
237 301 7
237 303 6
237 298 9
238 304 1
238 305 3
238 306 1
238 307 6
238 308 2
238 309 10
238 310 7
238 311 4
239 312 1
239 313 2
239 314 1
239 315 1
239 316 2
239 317 1
239 318 3
239 319 6
240 256 2
240 257 1
240 258 4
240 259 5
240 260 8
240 261 8
240 262 7
240 263 4
241 264 5
241 265 3
241 266 3
241 267 5
241 268 7
241 269 10
241 270 9
241 271 5
242 272 2
242 278 3
242 273 2
242 275 6
242 279 2
242 274 5
242 276 1
242 277 1
243 280 2
243 281 1
243 282 9
243 283 3
243 284 6
243 285 3
243 286 3
243 287 9
244 288 8
244 289 7
244 290 10
244 291 10
244 292 6
244 293 1
244 294 10
244 295 4
245 296 8
245 297 7
245 298 3
245 299 6
245 300 6
245 301 6
245 302 2
245 303 8
246 304 8
246 310 5
246 305 4
246 307 6
246 306 7
246 311 2
246 308 9
246 309 7
247 312 1
247 313 1
247 314 4
247 315 6
247 316 10
247 317 9
247 318 6
247 319 9
248 256 2
248 257 8
248 258 3
248 259 3
248 260 7
248 261 4
248 262 10
248 263 5
248 120 8
248 121 10
248 122 6
248 123 4
248 124 6
248 125 4
248 126 4
248 127 10
249 264 5
249 265 6
249 266 2
249 267 2
249 268 5
249 269 2
249 270 5
249 271 8
249 120 10
249 121 4
249 122 4
249 124 6
249 125 1
249 126 4
249 127 5
250 272 9
250 273 6
250 274 3
250 275 1
250 276 3
250 277 6
250 278 7
250 279 10
250 120 9
250 121 2
250 122 2
250 123 5
250 125 9
250 126 9
250 127 7
251 283 1
251 285 8
251 280 1
251 286 9
251 281 7
251 120 4
251 121 9
251 122 2
251 123 6
251 284 5
251 282 10
251 126 6
251 287 3
252 288 3
252 289 10
252 290 7
252 291 4
252 292 4
252 293 2
252 294 2
252 295 7
252 120 3
252 121 6
252 122 5
252 123 3
252 125 5
252 126 2
252 127 8
253 296 5
253 297 5
253 298 2
253 299 9
253 300 7
253 301 8
253 302 5
253 303 8
253 120 5
253 121 8
253 122 4
253 123 10
253 125 6
253 126 10
254 304 8
254 305 2
254 306 4
254 307 6
254 308 4
254 309 6
254 310 2
254 311 2
254 120 2
254 121 8
254 122 9
254 123 9
254 124 7
254 125 8
254 126 2
254 127 9
255 315 3
255 314 8
255 316 2
255 317 1
255 319 1
255 318 10
255 313 1
255 312 8
255 121 2
255 122 8
255 123 3
255 124 4
255 125 2
255 126 7
255 127 2
256 262 8
257 291 3
258 261 7
259 310 10
260 280 5
261 316 1
262 271 10
263 268 1
264 308 7
265 294 9
266 316 1
267 291 5
268 279 10
269 315 5
270 319 9
271 285 6
272 308 5
273 317 1
274 295 4
275 302 1
276 283 4
277 301 10
278 293 6
279 299 9
280 297 2
281 301 6
282 306 8
283 317 3
284 293 3
285 294 2
286 311 7
287 300 7
288 294 2
289 304 7
290 306 7
291 292 10
292 300 5
293 308 9
294 295 5
295 314 6
296 311 1
297 308 5
298 314 1
299 312 7
300 318 5
301 307 5
302 314 2
303 313 6
304 317 5
305 311 8
306 314 10
307 314 3
308 311 9
309 314 5
310 316 8
311 314 7
312 317 3
313 314 9
314 100000 100
314 100002 100
315 316 10
316 100001 100
316 100002 100
317 100000 100
317 100001 100
317 100003 100
317 100004 100
318 100003 100
318 100004 100
319 100002 100
319 100003 100
319 100004 100
-2 2 100
-2 3 100
-2 4 100
-5 0 100
-5 2 100
-4 0 100
-4 3 100
-4 5 100
-3 0 100
-3 2 100
-1 0 100
-1 5 100
