0 128 2
0 129 4
0 130 3
0 131 3
0 132 1
0 133 1
0 134 3
0 135 3
1 128 5
1 129 2
1 130 3
1 131 3
1 132 1
1 133 1
1 134 1
1 135 3
2 128 5
2 129 5
2 130 1
2 131 2
2 132 2
2 133 5
2 134 4
2 135 4
3 128 5
3 129 4
3 130 1
3 131 5
3 132 4
3 133 3
3 134 5
3 135 2
4 128 1
4 129 3
4 130 2
4 131 5
4 132 2
4 133 3
4 134 5
4 135 1
5 128 3
5 129 1
5 130 2
5 131 5
5 132 4
5 133 3
5 134 1
5 135 2
6 128 5
6 129 4
6 130 3
6 131 5
6 132 3
6 133 3
6 134 5
6 135 3
7 128 5
7 129 1
7 130 5
7 131 1
7 132 5
7 133 2
7 134 1
7 135 2
8 136 5
8 137 5
8 138 3
8 139 4
8 140 2
8 141 3
8 142 2
8 143 1
9 136 4
9 137 3
9 138 3
9 139 1
9 140 4
9 141 1
9 142 2
9 143 2
10 136 2
10 137 1
10 138 1
10 139 5
10 140 4
10 141 5
10 142 2
10 143 5
11 136 1
11 137 5
11 138 4
11 139 3
11 140 5
11 141 4
11 142 1
11 143 2
12 136 2
12 137 3
12 138 5
12 139 1
12 140 2
12 141 4
12 142 1
12 143 2
13 136 3
13 137 3
13 138 5
13 139 1
13 140 1
13 141 4
13 142 5
13 143 4
14 136 4
14 137 1
14 138 1
14 139 3
14 140 4
14 141 2
14 142 1
14 143 4
15 136 1
15 137 2
15 138 4
15 139 3
15 140 1
15 141 3
15 142 2
15 143 2
16 144 3
16 145 4
16 146 2
16 147 3
16 148 1
16 149 2
16 150 4
16 151 4
17 144 2
17 145 2
17 146 4
17 147 5
17 148 5
17 149 5
17 150 3
17 151 3
18 144 1
18 145 1
18 146 4
18 147 3
18 148 2
18 149 3
18 150 1
18 151 1
19 144 3
19 145 4
19 146 3
19 147 4
19 148 3
19 149 3
19 150 4
19 151 4
20 144 3
20 145 5
20 146 5
20 147 5
20 148 1
20 149 4
20 150 2
20 151 4
21 144 1
21 145 1
21 146 1
21 147 1
21 148 2
21 149 1
21 150 3
21 151 4
22 144 2
22 145 1
22 146 1
22 147 1
22 148 2
22 149 3
22 150 3
22 151 4
23 144 2
23 145 3
23 146 5
23 147 2
23 148 3
23 149 4
23 150 2
23 151 4
24 152 4
24 153 2
24 154 1
24 155 3
24 156 4
24 157 4
24 158 3
24 159 2
25 152 3
25 153 1
25 154 3
25 155 4
25 156 4
25 157 1
25 158 2
25 159 2
26 152 4
26 153 3
26 154 1
26 155 3
26 156 2
26 157 1
26 158 5
26 159 5
27 152 5
27 153 2
27 154 1
27 155 1
27 156 5
27 157 1
27 158 4
27 159 2
28 152 1
28 153 1
28 154 1
28 155 3
28 156 2
28 157 3
28 158 1
28 159 1
29 152 5
29 153 4
29 154 1
29 155 5
29 156 3
29 157 5
29 158 3
29 159 5
30 152 4
30 153 1
30 154 4
30 155 3
30 156 3
30 157 2
30 158 4
30 159 2
31 152 4
31 153 3
31 154 4
31 155 4
31 156 3
31 157 4
31 158 3
31 159 3
32 160 5
32 161 1
32 162 2
32 163 3
32 164 1
32 165 5
32 166 3
32 167 2
33 160 3
33 161 4
33 162 3
33 163 5
33 164 5
33 165 1
33 166 4
33 167 1
34 160 4
34 161 5
34 162 2
34 163 1
34 164 1
34 165 5
34 166 2
34 167 2
35 160 5
35 161 1
35 162 2
35 163 3
35 164 3
35 165 5
35 166 1
35 167 4
36 160 5
36 161 4
36 162 1
36 163 3
36 164 4
36 165 4
36 166 1
36 167 2
37 160 5
37 161 4
37 162 5
37 163 1
37 164 5
37 165 2
37 166 1
37 167 1
38 160 1
38 161 2
38 162 3
38 163 5
38 164 4
38 165 3
38 166 5
38 167 5
39 160 3
39 161 3
39 162 1
39 163 3
39 164 2
39 165 4
39 166 2
39 167 4
40 168 1
40 169 5
40 170 4
40 171 2
40 172 3
40 173 5
40 174 3
40 175 1
41 168 2
41 169 3
41 170 1
41 171 3
41 172 1
41 173 3
41 174 2
41 175 4
42 168 4
42 169 1
42 170 2
42 171 3
42 172 1
42 173 3
42 174 2
42 175 5
43 168 5
43 169 2
43 170 1
43 171 1
43 172 4
43 173 3
43 174 1
43 175 1
44 168 4
44 169 4
44 170 2
44 171 4
44 172 5
44 173 3
44 174 2
44 175 2
45 168 3
45 169 5
45 170 2
45 171 1
45 172 2
45 173 1
45 174 3
45 175 3
46 168 5
46 169 2
46 170 5
46 171 5
46 172 2
46 173 3
46 174 3
46 175 4
47 168 5
47 169 5
47 170 2
47 171 4
47 172 5
47 173 5
47 174 5
47 175 3
48 176 3
48 177 3
48 178 2
48 179 5
48 180 4
48 181 1
48 182 2
48 183 4
49 176 2
49 177 5
49 178 1
49 179 2
49 180 4
49 181 3
49 182 5
49 183 4
50 176 2
50 177 4
50 178 4
50 179 5
50 180 4
50 181 5
50 182 1
50 183 3
51 176 3
51 177 2
51 178 3
51 179 2
51 180 5
51 181 4
51 182 5
51 183 5
52 176 5
52 177 5
52 178 3
52 179 1
52 180 2
52 181 3
52 182 1
52 183 5
53 176 5
53 177 1
53 178 3
53 179 4
53 180 5
53 181 2
53 182 5
53 183 1
54 176 5
54 177 3
54 178 2
54 179 1
54 180 3
54 181 2
54 182 5
54 183 1
55 176 4
55 177 1
55 178 1
55 179 5
55 180 4
55 181 2
55 182 2
55 183 3
56 184 3
56 185 5
56 186 3
56 187 2
56 188 2
56 189 5
56 190 1
56 191 1
57 184 1
57 185 5
57 186 4
57 187 4
57 188 1
57 189 2
57 190 5
57 191 3
58 184 4
58 185 4
58 186 5
58 187 4
58 188 3
58 189 5
58 190 4
58 191 3
59 184 1
59 185 4
59 186 4
59 187 1
59 188 2
59 189 1
59 190 5
59 191 4
60 184 2
60 185 3
60 186 1
60 187 4
60 188 5
60 189 2
60 190 1
60 191 3
61 184 2
61 185 3
61 186 2
61 187 2
61 188 4
61 189 2
61 190 1
61 191 2
62 184 3
62 185 5
62 186 3
62 187 1
62 188 1
62 189 3
62 190 2
62 191 4
63 184 4
63 185 3
63 186 3
63 187 3
63 188 1
63 189 1
63 190 4
63 191 1
64 192 1
64 193 5
64 194 3
64 195 4
64 196 5
64 197 3
64 198 5
64 199 3
65 192 5
65 193 2
65 194 1
65 195 1
65 196 4
65 197 4
65 198 3
65 199 2
66 192 1
66 193 2
66 194 5
66 195 2
66 196 4
66 197 5
66 198 5
66 199 5
67 192 4
67 193 2
67 194 1
67 195 1
67 196 1
67 197 2
67 198 2
67 199 3
68 192 4
68 193 4
68 194 3
68 195 5
68 196 5
68 197 2
68 198 2
68 199 2
69 192 5
69 193 2
69 194 2
69 195 1
69 196 2
69 197 3
69 198 1
69 199 4
70 192 2
70 193 2
70 194 5
70 195 1
70 196 4
70 197 2
70 198 2
70 199 3
71 192 1
71 193 1
71 194 5
71 195 3
71 196 4
71 197 3
71 198 5
71 199 1
72 200 3
72 201 5
72 202 2
72 203 5
72 204 3
72 205 3
72 206 5
72 207 2
73 200 1
73 201 5
73 202 4
73 203 4
73 204 3
73 205 5
73 206 5
73 207 4
74 200 1
74 201 3
74 202 1
74 203 1
74 204 1
74 205 5
74 206 3
74 207 3
75 200 2
75 201 5
75 202 3
75 203 3
75 204 2
75 205 3
75 206 5
75 207 5
76 200 4
76 201 4
76 202 4
76 203 5
76 204 5
76 205 2
76 206 1
76 207 4
77 200 3
77 201 5
77 202 1
77 203 3
77 204 2
77 205 3
77 206 2
77 207 2
78 200 2
78 201 1
78 202 1
78 203 5
78 204 5
78 205 1
78 206 1
78 207 1
79 200 1
79 201 4
79 202 1
79 203 4
79 204 2
79 205 3
79 206 5
79 207 3
80 208 4
80 209 2
80 210 3
80 211 2
80 212 2
80 213 4
80 214 5
80 215 5
81 208 3
81 209 3
81 210 2
81 211 5
81 212 1
81 213 2
81 214 5
81 215 5
82 208 5
82 209 3
82 210 5
82 211 4
82 212 5
82 213 1
82 214 4
82 215 5
83 208 4
83 209 4
83 210 2
83 211 4
83 212 5
83 213 2
83 214 5
83 215 5
84 208 5
84 209 5
84 210 4
84 211 3
84 212 2
84 213 2
84 214 2
84 215 3
85 208 5
85 209 2
85 210 4
85 211 5
85 212 4
85 213 5
85 214 1
85 215 3
86 208 5
86 209 2
86 210 5
86 211 1
86 212 2
86 213 5
86 214 1
86 215 3
87 208 4
87 209 1
87 210 2
87 211 5
87 212 3
87 213 3
87 214 4
87 215 2
88 216 1
88 217 3
88 218 2
88 219 3
88 220 5
88 221 4
88 222 3
88 223 3
89 216 4
89 217 3
89 218 5
89 219 3
89 220 1
89 221 5
89 222 2
89 223 3
90 216 5
90 217 4
90 218 4
90 219 3
90 220 5
90 221 5
90 222 5
90 223 1
91 216 1
91 217 3
91 218 2
91 219 4
91 220 3
91 221 3
91 222 3
91 223 2
92 216 3
92 217 3
92 218 5
92 219 5
92 220 1
92 221 3
92 222 2
92 223 5
93 216 1
93 217 5
93 218 4
93 219 1
93 220 1
93 221 2
93 222 3
93 223 4
94 216 2
94 217 5
94 218 1
94 219 1
94 220 3
94 221 3
94 222 1
94 223 4
95 216 3
95 217 3
95 218 5
95 219 2
95 220 3
95 221 5
95 222 3
95 223 2
96 224 5
96 225 5
96 226 3
96 227 4
96 228 4
96 229 3
96 230 1
96 231 4
97 224 5
97 225 3
97 226 3
97 227 5
97 228 2
97 229 4
97 230 4
97 231 3
98 224 5
98 225 1
98 226 2
98 227 4
98 228 3
98 229 5
98 230 2
98 231 3
99 224 5
99 225 4
99 226 2
99 227 4
99 228 4
99 229 3
99 230 2
99 231 1
100 224 4
100 225 3
100 226 4
100 227 2
100 228 1
100 229 2
100 230 3
100 231 1
101 224 5
101 225 3
101 226 5
101 227 5
101 228 2
101 229 1
101 230 2
101 231 4
102 224 4
102 225 3
102 226 5
102 227 1
102 228 2
102 229 5
102 230 1
102 231 5
103 224 3
103 225 1
103 226 5
103 227 4
103 228 5
103 229 3
103 230 5
103 231 2
104 232 4
104 233 4
104 234 4
104 235 5
104 236 3
104 237 3
104 238 2
104 239 2
105 232 5
105 233 3
105 234 5
105 235 5
105 236 3
105 237 3
105 238 2
105 239 1
106 232 1
106 233 3
106 234 1
106 235 1
106 236 3
106 237 3
106 238 3
106 239 3
107 232 3
107 233 3
107 234 3
107 235 5
107 236 3
107 237 2
107 238 5
107 239 1
108 232 5
108 233 2
108 234 1
108 235 1
108 236 4
108 237 2
108 238 5
108 239 4
109 232 5
109 233 3
109 234 2
109 235 5
109 236 1
109 237 3
109 238 1
109 239 3
110 232 4
110 233 4
110 234 4
110 235 3
110 236 2
110 237 5
110 238 2
110 239 4
111 232 3
111 233 2
111 234 4
111 235 5
111 236 2
111 237 1
111 238 5
111 239 1
112 240 1
112 241 3
112 242 1
112 243 1
112 244 4
112 245 3
112 246 5
112 247 3
113 240 5
113 241 3
113 242 1
113 243 5
113 244 4
113 245 2
113 246 1
113 247 5
114 240 3
114 241 5
114 242 4
114 243 2
114 244 1
114 245 1
114 246 4
114 247 2
115 240 5
115 241 4
115 242 3
115 243 2
115 244 3
115 245 4
115 246 2
115 247 1
116 240 4
116 241 1
116 242 5
116 243 3
116 244 4
116 245 5
116 246 1
116 247 1
117 240 4
117 241 5
117 242 5
117 243 2
117 244 2
117 245 1
117 246 4
117 247 4
118 240 2
118 241 3
118 242 4
118 243 1
118 244 5
118 245 5
118 246 2
118 247 4
119 240 4
119 241 5
119 242 5
119 243 4
119 244 1
119 245 3
119 246 3
119 247 5
120 248 1
120 249 1
120 250 4
120 251 3
120 252 2
120 253 1
120 254 3
120 255 1
121 248 4
121 249 4
121 250 2
121 251 1
121 252 5
121 253 4
121 254 5
121 255 3
122 248 5
122 249 5
122 250 3
122 251 3
122 252 4
122 253 5
122 254 5
122 255 2
123 248 3
123 249 2
123 250 1
123 251 1
123 252 4
123 253 3
123 254 1
123 255 5
124 248 5
124 249 4
124 250 4
124 251 1
124 252 5
124 253 5
124 254 3
124 255 5
125 248 4
125 249 4
125 250 1
125 251 4
125 252 3
125 253 1
125 254 4
125 255 2
126 248 3
126 249 1
126 250 3
126 251 4
126 252 3
126 253 4
126 254 2
126 255 4
127 248 2
127 249 5
127 250 4
127 251 4
127 252 3
127 253 3
127 254 2
127 255 3
128 262 5
128 257 3
128 258 2
128 256 2
128 259 2
128 260 1
128 263 4
128 261 5
129 264 5
129 265 3
129 266 1
129 267 4
129 268 2
129 269 2
129 270 1
129 271 2
130 1 1
130 2 5
130 3 4
130 4 1
130 5 4
130 6 4
130 7 5
130 272 1
130 273 2
130 274 2
130 275 4
130 276 2
130 277 3
130 278 2
130 279 1
131 3 1
131 4 4
131 5 2
131 6 5
131 7 4
131 280 1
131 281 1
131 282 4
131 283 4
131 284 1
131 285 3
131 286 1
131 287 3
132 3 3
132 4 5
132 5 4
132 6 3
132 7 3
132 290 2
132 289 3
132 288 3
132 294 4
132 291 2
132 292 2
132 295 5
132 293 1
133 3 1
133 4 4
133 5 3
133 6 5
133 7 2
133 296 1
133 297 4
133 298 2
133 299 1
133 300 2
133 301 2
133 302 4
133 303 1
134 6 4
134 7 1
134 304 4
134 305 5
134 306 3
134 307 3
134 308 1
134 309 4
134 310 2
134 311 4
135 7 2
135 312 5
135 313 5
135 314 4
135 315 3
135 316 5
135 317 1
135 318 5
135 319 3
136 256 4
136 257 1
136 258 5
136 259 3
136 260 4
136 261 5
136 262 1
136 263 3
137 267 1
137 8 2
137 9 4
137 10 3
137 11 2
137 12 3
137 13 5
137 14 2
137 15 4
137 264 2
137 269 3
137 270 1
137 268 4
137 265 2
137 271 1
137 266 1
138 8 5
138 9 2
138 10 2
138 11 5
138 12 1
138 13 2
138 14 4
138 15 1
138 272 2
138 273 4
138 274 3
138 275 3
138 276 2
138 277 3
138 278 1
138 279 1
139 11 4
139 12 5
139 13 1
139 14 4
139 15 4
139 280 5
139 281 5
139 282 2
139 283 5
139 284 1
139 285 4
139 286 1
139 287 1
140 288 3
140 289 3
140 290 5
140 291 3
140 292 5
140 293 4
140 294 4
140 295 4
140 8 2
140 9 1
140 10 1
140 11 2
140 12 2
140 13 5
140 14 2
140 15 1
141 299 2
141 9 4
141 10 1
141 11 4
141 12 2
141 13 2
141 14 4
141 15 2
141 296 2
141 302 4
141 300 2
141 301 5
141 297 4
141 303 3
141 298 2
142 14 5
142 15 4
142 304 4
142 305 3
142 306 2
142 307 4
142 308 1
142 309 1
142 310 1
142 311 1
143 14 3
143 15 1
143 312 2
143 313 1
143 314 2
143 315 4
143 316 1
143 317 2
143 318 4
143 319 1
144 256 5
144 257 1
144 258 5
144 259 3
144 260 1
144 261 2
144 262 1
144 263 2
144 16 1
144 17 4
144 18 4
144 19 5
144 20 2
144 21 3
144 22 2
144 23 4
145 264 1
145 265 3
145 266 2
145 267 2
145 268 3
145 269 4
145 270 1
145 271 5
145 16 5
145 17 4
145 18 3
145 19 5
145 20 3
145 21 4
145 22 2
145 23 5
146 272 4
146 278 1
146 273 4
146 275 4
146 279 4
146 274 5
146 16 3
146 17 2
146 18 3
146 19 2
146 20 3
146 21 4
146 22 1
146 23 5
146 276 4
146 277 1
147 20 3
147 21 5
147 22 1
147 23 1
147 280 2
147 281 2
147 282 5
147 283 5
147 284 4
147 285 2
147 286 3
147 287 4
148 288 5
148 289 2
148 290 4
148 291 4
148 292 2
148 293 3
148 294 1
148 295 2
148 16 4
148 17 2
148 18 5
148 19 3
148 20 5
148 21 4
148 22 3
148 23 1
149 296 3
149 297 2
149 298 3
149 299 1
149 300 3
149 301 5
149 302 1
149 303 1
149 16 5
149 17 3
149 18 2
149 19 4
149 20 1
149 21 2
149 22 2
149 23 4
150 304 2
150 310 4
150 305 4
150 307 5
150 311 4
150 306 2
150 16 1
150 17 3
150 18 1
150 19 3
150 20 4
150 21 1
150 22 2
150 23 1
150 308 2
150 309 4
151 22 3
151 23 4
151 312 2
151 313 2
151 314 5
151 315 1
151 316 1
151 317 5
151 318 3
151 319 5
152 256 2
152 257 1
152 258 2
152 259 2
152 260 5
152 261 5
152 262 5
152 263 1
152 24 5
152 25 2
152 26 4
152 27 3
152 28 2
152 29 1
152 30 1
152 31 3
153 264 4
153 265 5
153 266 5
153 267 3
153 268 5
153 269 3
153 270 4
153 271 5
153 24 1
153 25 5
153 26 1
153 27 2
153 28 3
153 29 1
153 30 3
153 31 1
154 272 5
154 273 2
154 274 1
154 275 5
154 276 2
154 277 5
154 278 1
154 279 1
154 24 3
154 25 4
154 26 4
154 27 4
154 28 2
154 29 2
154 30 4
154 31 4
155 282 5
155 284 1
155 285 3
155 287 2
155 280 3
155 283 5
155 286 2
155 281 4
155 24 5
155 25 3
155 26 4
155 27 3
155 28 2
155 29 4
155 30 1
155 31 1
156 288 4
156 289 5
156 290 5
156 291 2
156 292 5
156 293 2
156 294 1
156 295 5
156 24 3
156 25 4
156 26 1
156 27 3
156 28 5
156 29 1
156 30 1
156 31 1
157 296 3
157 297 5
157 298 3
157 299 3
157 300 5
157 301 2
157 302 4
157 303 1
157 24 5
157 25 3
157 26 3
157 27 1
157 28 2
157 29 1
157 30 5
157 31 5
158 304 3
158 305 3
158 306 2
158 307 4
158 308 4
158 309 1
158 310 2
158 311 1
158 24 3
158 25 3
158 26 3
158 27 1
158 28 5
158 29 3
158 30 3
158 31 2
159 315 4
159 314 4
159 316 4
159 317 3
159 312 4
159 318 2
159 319 3
159 313 3
159 24 1
159 25 3
159 26 3
159 27 1
159 28 4
159 29 2
159 30 4
159 31 2
160 262 5
160 257 2
160 258 3
160 256 3
160 259 3
160 260 5
160 263 5
160 261 2
161 264 1
161 265 2
161 266 2
161 267 5
161 268 2
161 269 4
161 270 3
161 271 1
162 32 2
162 33 4
162 34 1
162 35 1
162 36 5
162 37 5
162 38 1
162 39 1
162 272 1
162 273 5
162 274 2
162 275 5
162 276 2
162 277 5
162 278 4
162 279 2
163 36 2
163 37 3
163 38 4
163 39 2
163 280 2
163 281 4
163 282 5
163 283 4
163 284 5
163 285 1
163 286 3
163 287 1
164 35 4
164 36 1
164 37 3
164 38 3
164 39 5
164 290 2
164 289 5
164 288 1
164 294 5
164 291 1
164 292 3
164 295 4
164 293 1
165 35 5
165 36 4
165 37 3
165 38 4
165 39 4
165 296 2
165 297 3
165 298 2
165 299 4
165 300 4
165 301 4
165 302 5
165 303 3
166 38 5
166 39 3
166 304 3
166 305 2
166 306 2
166 307 3
166 308 4
166 309 3
166 310 2
166 311 4
167 39 1
167 312 1
167 313 1
167 314 4
167 315 5
167 316 1
167 317 1
167 318 4
167 319 1
168 256 4
168 257 2
168 258 4
168 259 5
168 260 2
168 261 4
168 262 5
168 263 4
169 267 4
169 40 5
169 41 4
169 42 3
169 43 1
169 44 5
169 45 1
169 46 2
169 47 5
169 264 2
169 269 2
169 270 1
169 268 3
169 265 1
169 271 5
169 266 4
170 40 4
170 41 1
170 42 1
170 43 5
170 44 5
170 45 1
170 46 1
170 47 4
170 272 5
170 273 4
170 274 2
170 275 4
170 276 2
170 277 2
170 278 4
170 279 4
171 43 2
171 44 4
171 45 3
171 46 3
171 47 4
171 280 5
171 281 5
171 282 2
171 283 4
171 284 5
171 285 4
171 286 4
171 287 3
172 288 5
172 289 1
172 290 2
172 291 2
172 292 3
172 293 2
172 294 2
172 295 2
172 40 5
172 41 4
172 42 5
172 43 1
172 44 5
172 45 5
172 46 2
172 47 3
173 299 3
173 41 5
173 42 5
173 43 2
173 44 4
173 45 3
173 46 4
173 47 5
173 296 1
173 302 1
173 300 3
173 301 4
173 297 4
173 303 1
173 298 2
174 46 2
174 47 4
174 304 2
174 305 3
174 306 2
174 307 3
174 308 2
174 309 2
174 310 1
174 311 4
175 46 3
175 47 2
175 312 2
175 313 2
175 314 5
175 315 1
175 316 1
175 317 2
175 318 2
175 319 3
176 256 3
176 257 1
176 258 5
176 259 1
176 260 1
176 261 5
176 262 4
176 263 2
176 48 2
176 49 3
176 50 2
176 51 1
176 52 2
176 53 1
176 54 3
176 55 4
177 264 4
177 265 5
177 266 3
177 267 1
177 268 2
177 269 4
177 270 3
177 271 4
177 48 1
177 49 3
177 50 2
177 51 4
177 52 5
177 53 4
177 54 4
177 55 5
178 272 4
178 278 4
178 273 3
178 275 2
178 279 5
178 274 3
178 48 3
178 49 4
178 50 2
178 51 4
178 52 2
178 53 2
178 54 5
178 55 4
178 276 4
178 277 2
179 52 1
179 53 5
179 54 4
179 55 1
179 280 2
179 281 5
179 282 2
179 283 2
179 284 3
179 285 4
179 286 2
179 287 5
180 288 3
180 289 3
180 290 1
180 291 2
180 292 1
180 293 5
180 294 1
180 295 2
180 48 4
180 49 3
180 50 3
180 51 3
180 52 3
180 53 4
180 54 3
180 55 5
181 296 2
181 297 2
181 298 1
181 299 2
181 300 1
181 301 2
181 302 4
181 303 5
181 48 4
181 49 5
181 50 5
181 51 5
181 52 1
181 53 3
181 54 2
181 55 3
182 304 5
182 310 5
182 305 3
182 307 4
182 311 4
182 306 3
182 48 5
182 49 1
182 50 5
182 51 1
182 52 4
182 53 3
182 54 2
182 55 1
182 308 4
182 309 3
183 54 1
183 55 1
183 312 2
183 313 4
183 314 4
183 315 5
183 316 1
183 317 1
183 318 5
183 319 4
184 256 5
184 257 1
184 258 1
184 259 3
184 260 1
184 261 3
184 262 2
184 263 2
184 56 4
184 57 1
184 58 1
184 59 3
184 60 1
184 61 2
184 62 3
184 63 5
185 264 3
185 265 3
185 266 3
185 267 2
185 268 5
185 269 3
185 270 3
185 271 2
185 56 4
185 57 4
185 58 4
185 59 4
185 60 4
185 61 4
185 62 3
185 63 1
186 272 4
186 273 5
186 274 5
186 275 4
186 276 5
186 277 3
186 278 3
186 279 5
186 56 1
186 57 4
186 58 5
186 59 4
186 60 1
186 61 3
186 62 4
186 63 2
187 282 4
187 284 5
187 285 5
187 287 1
187 280 3
187 283 2
187 286 1
187 281 5
187 56 3
187 57 5
187 58 4
187 59 3
187 60 1
187 61 1
187 62 4
187 63 1
188 288 4
188 289 1
188 290 2
188 291 1
188 292 2
188 293 3
188 294 1
188 295 5
188 56 5
188 57 1
188 58 4
188 59 5
188 60 2
188 61 1
188 62 3
188 63 1
189 296 2
189 297 2
189 298 1
189 299 4
189 300 4
189 301 1
189 302 2
189 303 1
189 56 4
189 57 1
189 58 1
189 59 5
189 60 1
189 61 2
189 62 4
189 63 5
190 304 5
190 305 3
190 306 4
190 307 2
190 308 4
190 309 3
190 310 1
190 311 1
190 56 2
190 57 2
190 58 3
190 59 2
190 60 2
190 61 5
190 62 1
190 63 1
191 315 4
191 314 2
191 316 3
191 317 5
191 312 1
191 318 3
191 319 2
191 313 2
191 56 5
191 57 3
191 58 4
191 59 1
191 60 2
191 61 4
191 62 2
191 63 1
192 262 3
192 257 3
192 258 1
192 256 4
192 259 1
192 260 5
192 263 2
192 261 4
193 264 3
193 265 3
193 266 1
193 267 3
193 268 3
193 269 4
193 270 3
193 271 3
194 64 4
194 65 5
194 66 5
194 67 2
194 68 3
194 69 5
194 70 5
194 71 4
194 272 1
194 273 1
194 274 1
194 275 1
194 276 2
194 277 3
194 278 2
194 279 2
195 68 5
195 69 4
195 70 5
195 71 5
195 280 1
195 281 1
195 282 5
195 283 5
195 284 1
195 285 5
195 286 4
195 287 4
196 67 4
196 68 3
196 69 3
196 70 4
196 71 5
196 290 3
196 289 1
196 288 3
196 294 1
196 291 2
196 292 2
196 295 3
196 293 1
197 68 1
197 69 1
197 70 2
197 71 4
197 296 2
197 297 4
197 298 2
197 299 4
197 300 1
197 301 4
197 302 5
197 303 1
198 70 3
198 71 4
198 304 2
198 305 2
198 306 2
198 307 1
198 308 2
198 309 1
198 310 1
198 311 1
199 70 3
199 71 1
199 312 1
199 313 5
199 314 3
199 315 1
199 316 4
199 317 4
199 318 3
199 319 4
200 256 4
200 257 4
200 258 5
200 259 4
200 260 2
200 261 2
200 262 1
200 263 5
201 267 2
201 72 5
201 73 4
201 74 5
201 75 3
201 76 5
201 77 3
201 78 5
201 79 3
201 264 1
201 269 5
201 270 2
201 268 2
201 265 4
201 271 3
201 266 3
202 72 2
202 73 3
202 74 1
202 75 4
202 76 1
202 77 4
202 78 1
202 79 3
202 272 2
202 273 3
202 274 4
202 275 3
202 276 2
202 277 2
202 278 5
202 279 5
203 75 5
203 76 5
203 77 5
203 78 2
203 79 5
203 280 3
203 281 2
203 282 2
203 283 5
203 284 4
203 285 5
203 286 2
203 287 5
204 288 3
204 289 2
204 290 3
204 291 3
204 292 1
204 293 5
204 294 2
204 295 4
204 72 1
204 73 3
204 74 3
204 75 4
204 76 1
204 77 2
204 78 1
204 79 4
205 299 3
205 73 1
205 74 5
205 75 3
205 76 1
205 77 1
205 78 5
205 79 1
205 296 4
205 302 2
205 300 3
205 301 4
205 297 1
205 303 1
205 298 5
206 78 4
206 79 2
206 304 5
206 305 1
206 306 3
206 307 3
206 308 2
206 309 2
206 310 5
206 311 4
207 78 1
207 79 2
207 312 1
207 313 4
207 314 4
207 315 4
207 316 5
207 317 2
207 318 3
207 319 1
208 256 4
208 257 3
208 258 3
208 259 3
208 260 2
208 261 2
208 262 5
208 263 2
208 80 2
208 81 4
208 82 5
208 83 4
208 84 1
208 85 3
208 86 4
208 87 3
209 264 3
209 265 5
209 266 2
209 267 3
209 268 3
209 269 1
209 270 5
209 271 3
209 80 1
209 81 5
209 82 1
209 83 5
209 84 3
209 85 2
209 86 1
209 87 1
210 272 5
210 278 3
210 273 4
210 275 5
210 279 4
210 274 2
210 80 3
210 81 5
210 82 5
210 83 5
210 84 3
210 85 5
210 86 3
210 87 3
210 276 5
210 277 1
211 83 1
211 84 4
211 85 5
211 86 1
211 87 5
211 280 2
211 281 3
211 282 5
211 283 2
211 284 4
211 285 2
211 286 2
211 287 1
212 288 4
212 289 5
212 290 5
212 291 3
212 292 5
212 293 4
212 294 2
212 295 3
212 80 1
212 81 5
212 82 5
212 83 3
212 84 5
212 85 5
212 86 5
212 87 3
213 296 1
213 297 4
213 298 4
213 299 3
213 300 2
213 301 3
213 302 3
213 303 1
213 80 4
213 81 4
213 82 1
213 83 2
213 84 2
213 85 5
213 86 1
213 87 4
214 304 5
214 310 3
214 305 2
214 307 2
214 311 2
214 306 5
214 80 3
214 81 4
214 82 4
214 83 3
214 84 4
214 85 1
214 86 5
214 87 2
214 308 4
214 309 3
215 86 3
215 87 1
215 312 3
215 313 1
215 314 2
215 315 2
215 316 5
215 317 4
215 318 1
215 319 5
216 256 4
216 257 5
216 258 3
216 259 2
216 260 2
216 261 1
216 262 3
216 263 3
216 88 3
216 89 3
216 90 5
216 91 2
216 92 1
216 93 5
216 94 1
216 95 5
217 264 2
217 265 4
217 266 1
217 267 2
217 268 5
217 269 4
217 270 3
217 271 5
217 88 1
217 89 3
217 90 5
217 91 5
217 92 3
217 93 3
217 94 3
217 95 4
218 272 2
218 273 4
218 274 5
218 275 1
218 276 2
218 277 1
218 278 3
218 279 5
218 88 3
218 89 2
218 90 5
218 91 4
218 92 5
218 93 1
218 94 3
218 95 2
219 282 1
219 284 4
219 285 4
219 287 5
219 280 2
219 283 4
219 286 3
219 281 5
219 88 3
219 89 1
219 90 4
219 91 4
219 92 3
219 93 5
219 94 4
219 95 4
220 288 5
220 289 3
220 290 2
220 291 5
220 292 2
220 293 1
220 294 5
220 295 1
220 88 3
220 89 3
220 90 1
220 91 2
220 92 2
220 93 4
220 94 4
220 95 2
221 296 5
221 297 5
221 298 3
221 299 4
221 300 3
221 301 5
221 302 4
221 303 3
221 88 2
221 89 1
221 90 5
221 91 1
221 92 4
221 93 2
221 94 2
221 95 1
222 304 3
222 305 1
222 306 2
222 307 2
222 308 4
222 309 1
222 310 4
222 311 1
222 88 4
222 89 3
222 90 5
222 91 5
222 92 3
222 93 3
222 94 1
222 95 4
223 315 2
223 314 1
223 316 2
223 317 5
223 312 3
223 318 3
223 319 2
223 313 1
223 88 4
223 89 4
223 90 4
223 91 4
223 92 2
223 93 2
223 94 3
223 95 4
224 262 4
224 257 4
224 258 3
224 256 2
224 259 2
224 260 4
224 263 3
224 261 4
225 264 5
225 265 2
225 266 3
225 267 1
225 268 2
225 269 3
225 270 1
225 271 4
226 96 4
226 97 3
226 98 4
226 99 2
226 100 3
226 101 2
226 102 4
226 103 4
226 272 2
226 273 5
226 274 5
226 275 2
226 276 3
226 277 3
226 278 4
226 279 3
227 99 4
227 100 4
227 101 2
227 102 3
227 103 1
227 280 3
227 281 1
227 282 3
227 283 1
227 284 2
227 285 1
227 286 3
227 287 3
228 99 4
228 100 4
228 101 3
228 102 4
228 103 2
228 290 1
228 289 4
228 288 5
228 294 5
228 291 1
228 292 2
228 295 4
228 293 4
229 100 2
229 101 3
229 102 2
229 103 2
229 296 3
229 297 5
229 298 1
229 299 1
229 300 1
229 301 1
229 302 1
229 303 5
230 102 4
230 103 3
230 304 5
230 305 4
230 306 1
230 307 5
230 308 3
230 309 2
230 310 3
230 311 3
231 102 3
231 103 2
231 312 5
231 313 1
231 314 3
231 315 1
231 316 3
231 317 3
231 318 2
231 319 2
232 256 5
232 257 1
232 258 2
232 259 3
232 260 4
232 261 4
232 262 3
232 263 3
233 267 1
233 104 3
233 105 3
233 106 5
233 107 2
233 108 2
233 109 2
233 110 1
233 111 3
233 264 5
233 269 5
233 270 4
233 268 4
233 265 2
233 271 2
233 266 2
234 104 4
234 105 3
234 106 2
234 107 2
234 108 2
234 109 4
234 110 4
234 111 5
234 272 4
234 273 4
234 274 3
234 275 5
234 276 4
234 277 5
234 278 5
234 279 1
235 107 2
235 108 4
235 109 1
235 110 3
235 111 5
235 280 5
235 281 5
235 282 3
235 283 1
235 284 1
235 285 3
235 286 3
235 287 3
236 288 3
236 289 3
236 290 1
236 291 5
236 292 5
236 293 4
236 294 3
236 295 4
236 104 4
236 105 3
236 106 1
236 107 2
236 108 3
236 109 3
236 110 1
236 111 1
237 299 2
237 105 5
237 106 5
237 107 2
237 108 1
237 109 4
237 110 4
237 111 2
237 296 5
237 302 2
237 300 1
237 301 2
237 297 3
237 303 5
237 298 4
238 110 1
238 111 1
238 304 3
238 305 1
238 306 5
238 307 2
238 308 5
238 309 2
238 310 3
238 311 1
239 111 3
239 312 3
239 313 3
239 314 5
239 315 4
239 316 3
239 317 4
239 318 4
239 319 5
240 256 3
240 257 2
240 258 5
240 259 4
240 260 3
240 261 1
240 262 4
240 263 5
240 112 1
240 113 3
240 114 3
240 115 1
240 116 1
240 117 3
240 118 5
240 119 3
241 264 2
241 265 1
241 266 1
241 267 3
241 268 2
241 269 3
241 270 2
241 271 4
241 112 1
241 113 4
241 114 2
241 115 4
241 116 5
241 117 2
241 118 5
241 119 4
242 272 3
242 278 3
242 273 5
242 275 3
242 279 2
242 274 2
242 112 3
242 113 2
242 114 3
242 115 3
242 116 4
242 117 4
242 118 1
242 119 3
242 276 5
242 277 3
243 115 1
243 116 3
243 117 4
243 118 3
243 119 2
243 280 1
243 281 3
243 282 4
243 283 4
243 284 5
243 285 1
243 286 5
243 287 3
244 288 4
244 289 5
244 290 2
244 291 2
244 292 3
244 293 2
244 294 4
244 295 1
244 112 3
244 113 3
244 114 5
244 115 5
244 116 5
244 117 5
244 118 3
244 119 3
245 296 1
245 297 3
245 298 1
245 299 1
245 300 5
245 301 4
245 302 1
245 303 3
245 112 3
245 113 4
245 114 4
245 115 2
245 116 3
245 117 5
245 118 4
245 119 1
246 304 1
246 310 1
246 305 1
246 307 1
246 311 3
246 306 4
246 112 5
246 113 3
246 114 3
246 115 2
246 116 2
246 117 3
246 118 2
246 119 2
246 308 3
246 309 4
247 119 3
247 312 3
247 313 1
247 314 4
247 315 2
247 316 3
247 317 4
247 318 3
247 319 5
248 256 2
248 257 3
248 258 2
248 259 2
248 260 3
248 261 4
248 262 2
248 263 2
248 120 3
248 121 4
248 122 5
248 123 3
248 124 2
248 125 4
248 126 5
248 127 5
249 264 3
249 265 1
249 266 3
249 267 4
249 268 1
249 269 2
249 270 2
249 271 4
249 120 4
249 121 4
249 122 1
249 123 3
249 124 2
249 125 1
249 126 4
249 127 5
250 272 2
250 273 3
250 274 1
250 275 2
250 276 2
250 277 5
250 278 5
250 279 3
250 120 3
250 121 2
250 122 1
250 123 4
250 124 3
250 125 5
250 126 4
250 127 4
251 282 2
251 284 5
251 285 5
251 287 4
251 280 5
251 283 4
251 286 2
251 281 4
251 120 5
251 121 5
251 122 3
251 123 3
251 124 2
251 125 2
251 126 2
251 127 4
252 288 3
252 289 3
252 290 4
252 291 3
252 292 2
252 293 4
252 294 5
252 295 3
252 120 1
252 121 4
252 122 4
252 123 3
252 124 1
252 125 3
252 126 1
252 127 2
253 296 1
253 297 3
253 298 2
253 299 5
253 300 4
253 301 2
253 302 1
253 303 4
253 120 5
253 121 4
253 122 2
253 123 4
253 124 1
253 125 1
253 126 4
253 127 5
254 304 3
254 305 3
254 306 5
254 307 1
254 308 4
254 309 4
254 310 2
254 311 3
254 120 5
254 121 4
254 122 2
254 123 2
254 124 4
254 125 4
254 126 5
254 127 5
255 315 4
255 314 1
255 316 5
255 317 2
255 312 2
255 318 2
255 319 1
255 313 1
255 120 1
255 121 1
255 122 3
255 123 4
255 124 4
255 125 1
255 126 5
255 127 4
256 263 3
257 308 4
258 314 4
259 318 1
260 282 5
261 286 2
262 299 4
263 280 4
264 299 4
265 309 2
266 278 3
267 269 4
268 129 1
268 217 1
268 161 4
268 249 3
268 169 3
268 193 3
268 225 4
268 177 1
268 145 4
268 209 2
268 137 4
268 241 5
268 153 5
268 201 4
268 233 5
268 185 4
269 209 5
269 137 2
269 241 1
269 153 1
269 201 3
269 233 1
269 185 4
270 129 5
270 217 1
270 161 2
270 249 5
270 169 1
270 193 2
270 225 2
270 177 4
270 145 2
270 209 5
270 137 3
270 241 5
270 153 3
270 201 2
270 233 5
270 185 5
271 129 3
271 217 4
271 161 1
271 249 2
271 169 1
271 193 5
271 225 1
271 177 4
271 145 3
271 209 5
271 137 1
271 241 2
271 153 3
271 201 3
271 233 3
271 185 5
272 130 1
272 242 2
272 178 5
272 194 1
272 210 2
272 170 1
272 162 4
272 226 4
272 146 5
272 250 2
272 186 4
272 202 4
272 218 1
272 154 4
272 138 4
272 234 5
273 130 5
273 242 1
273 178 5
273 194 1
273 210 3
273 170 1
273 162 2
273 226 3
273 146 4
273 250 3
273 186 3
273 202 1
273 218 3
273 154 4
273 138 1
273 234 2
274 130 1
274 242 2
274 178 1
274 194 1
274 210 5
274 170 4
274 162 5
274 226 4
274 146 2
274 250 1
274 186 5
274 202 2
274 218 5
274 154 2
274 138 3
274 234 2
275 130 2
275 242 5
275 178 5
275 194 5
275 210 2
275 170 4
275 162 1
275 226 1
275 146 5
275 250 4
275 186 1
275 202 4
275 218 3
275 154 4
275 138 2
275 234 3
276 130 2
276 242 3
276 178 1
276 194 3
276 210 5
276 170 5
276 162 3
276 226 2
276 146 1
276 250 5
276 186 4
276 202 5
276 218 4
276 154 2
276 138 4
276 234 3
277 130 5
277 242 5
277 178 5
277 194 3
277 210 3
277 170 5
277 162 4
277 226 3
277 146 1
277 250 2
277 186 4
277 202 3
277 218 3
277 154 1
277 138 1
277 234 3
278 242 1
278 178 1
278 194 2
278 210 1
278 170 4
278 162 1
278 226 1
278 146 2
278 250 4
278 186 2
278 202 1
278 218 3
278 154 5
278 138 5
278 234 5
279 130 5
279 242 5
279 178 1
279 194 5
279 210 1
279 170 4
279 162 5
279 226 5
279 146 4
279 250 3
279 186 2
279 202 1
279 218 4
279 154 5
279 138 3
279 234 3
280 290 1
281 163 5
281 147 5
281 179 4
281 195 3
281 227 1
281 243 4
281 171 2
281 219 2
281 131 5
281 139 2
281 187 4
281 203 4
281 235 3
281 251 2
281 155 2
281 211 3
282 291 2
283 163 2
283 147 3
283 179 5
283 195 4
283 227 2
283 243 2
283 171 2
283 219 5
283 131 5
283 139 2
283 187 5
283 203 3
283 235 3
283 251 4
283 155 1
283 211 5
284 227 4
284 243 3
284 171 3
284 219 1
284 131 1
284 139 5
284 187 3
284 203 2
284 235 1
284 251 2
284 155 2
284 211 3
285 163 5
285 147 3
285 179 5
285 195 1
285 227 3
285 243 3
285 171 4
285 219 1
285 131 3
285 139 2
285 187 2
285 203 4
285 235 3
285 251 3
285 155 2
285 211 3
286 318 3
287 163 2
287 147 4
287 179 1
287 195 3
287 227 5
287 243 5
287 171 2
287 219 3
287 131 3
287 139 2
287 187 4
287 203 5
287 235 1
287 251 1
287 155 1
287 211 4
288 297 3
289 236 4
289 252 2
289 180 4
289 164 3
289 204 1
289 172 1
289 212 4
289 140 5
289 228 1
289 244 1
289 188 3
289 148 2
289 196 5
289 132 5
289 220 4
289 156 5
290 291 1
291 310 5
292 236 1
292 252 3
292 180 5
292 164 5
292 204 3
292 172 4
292 212 2
292 140 3
292 228 5
292 244 4
292 188 4
292 148 3
292 196 4
292 132 4
292 220 5
292 156 1
293 236 1
293 252 4
293 180 4
293 164 5
293 204 2
293 172 2
293 212 2
293 140 2
293 228 4
293 244 4
293 188 2
293 148 3
293 196 2
293 132 3
293 220 3
293 156 4
294 236 5
294 252 1
294 180 2
294 164 2
294 204 3
294 172 4
294 212 1
294 140 3
294 228 2
294 244 4
294 188 3
294 148 1
294 196 2
294 132 4
294 220 2
294 156 2
295 236 4
295 252 4
295 180 2
295 164 3
295 204 1
295 172 5
295 212 2
295 140 5
295 228 3
295 244 4
295 188 5
295 148 4
295 196 1
295 132 5
295 220 1
295 156 3
296 310 1
297 300 3
298 253 4
298 181 5
298 197 4
298 229 3
298 133 1
298 213 1
298 173 1
298 141 3
298 245 4
298 189 3
298 205 4
298 237 5
298 149 1
298 221 3
298 157 3
298 165 4
299 315 1
300 133 5
300 213 5
300 173 1
300 141 4
300 245 3
300 189 3
300 205 1
300 237 3
300 149 4
300 221 1
300 157 4
300 165 1
301 253 3
301 181 4
301 197 3
301 229 3
301 133 3
301 213 5
301 173 5
301 141 5
301 245 5
301 189 1
301 205 1
301 237 1
301 149 3
301 221 5
301 157 5
301 165 2
302 253 4
302 181 5
302 197 3
302 229 1
302 133 2
302 213 1
302 173 4
302 141 2
302 245 3
302 189 2
302 205 4
302 237 3
302 149 5
302 221 5
302 157 2
302 165 2
303 253 3
303 181 5
303 197 5
303 229 4
303 133 3
303 213 4
303 173 4
303 141 2
303 245 1
303 189 1
303 205 2
303 237 3
303 149 2
303 221 1
303 157 2
303 165 4
304 312 1
305 254 2
305 158 2
305 182 1
306 198 5
306 214 1
306 134 2
306 166 1
306 238 3
306 246 5
306 174 3
306 190 4
306 206 1
306 222 2
306 142 4
306 150 3
306 230 3
306 254 1
306 158 1
306 182 5
307 198 3
307 214 4
307 134 2
307 166 3
307 238 4
307 246 3
307 174 3
307 190 4
307 206 3
307 222 5
307 142 1
307 150 5
307 230 2
307 254 5
307 158 2
307 182 3
308 313 4
309 317 3
310 311 4
311 313 5
312 314 5
313 317 5
314 100001 50
314 100002 50
315 100001 50
315 100003 50
315 100002 50
315 100004 50
316 100001 50
316 191 3
316 207 2
316 175 2
316 255 4
316 215 4
316 151 5
316 100004 50
316 143 3
316 231 2
316 183 1
316 199 2
316 159 5
317 100000 50
318 100000 50
318 100002 50
318 100004 50
319 247 1
319 223 2
319 167 3
319 135 5
319 239 5
319 191 4
319 207 4
319 175 1
319 255 1
319 215 3
319 151 3
319 143 3
319 231 1
319 183 2
319 199 3
319 159 3
-2 1 50
-2 5 50
-5 1 50
-5 4 50
-4 2 50
-4 4 50
-3 2 50
-3 4 50
-1 1 50
-1 2 50
