0 128 1
0 129 4
0 130 4
0 131 6
0 132 10
0 133 7
0 134 8
0 135 2
0 105 2
0 6 7
1 128 4
1 129 3
1 130 3
1 131 2
1 132 2
1 133 6
1 134 9
1 135 1
1 99 3
2 128 10
2 129 7
2 130 4
2 131 3
2 132 8
2 133 8
2 134 6
2 135 3
2 75 3
3 128 5
3 129 10
3 130 7
3 131 4
3 132 7
3 133 10
3 134 10
3 135 5
3 40 8
3 33 3
4 128 10
4 129 8
4 130 8
4 131 1
4 132 5
4 133 5
4 134 6
4 135 1
4 72 2
4 7 9
5 128 9
5 129 3
5 130 5
5 131 8
5 132 9
5 133 7
5 134 8
5 135 5
5 39 2
6 128 10
6 129 2
6 130 7
6 131 7
6 132 1
6 133 1
6 134 2
6 135 3
7 128 4
7 129 10
7 130 9
7 131 4
7 132 1
7 133 6
7 134 10
7 135 10
8 67 4
8 136 8
8 137 5
8 138 2
8 139 2
8 140 6
8 141 8
8 142 8
8 143 10
9 96 6
9 65 3
9 136 4
9 137 4
9 138 3
9 139 4
9 140 2
9 141 8
9 142 3
9 143 4
10 136 9
10 137 3
10 138 5
10 139 9
10 140 1
10 141 7
10 142 1
10 143 8
11 136 8
11 137 8
11 138 8
11 139 1
11 140 4
11 141 7
11 142 4
11 143 2
12 136 9
12 137 1
12 138 1
12 139 5
12 140 6
12 141 1
12 142 8
12 143 9
13 136 10
13 137 7
13 138 2
13 139 3
13 140 7
13 141 2
13 142 1
13 143 3
14 136 2
14 137 2
14 138 8
14 139 2
14 140 6
14 141 7
14 142 6
14 143 8
15 35 6
15 136 1
15 137 2
15 138 7
15 139 4
15 140 4
15 141 1
15 142 8
15 143 10
15 78 8
16 69 5
16 144 8
16 145 1
16 146 2
16 147 3
16 148 1
16 149 10
16 150 8
16 151 7
17 36 10
17 144 1
17 145 4
17 146 10
17 147 8
17 148 10
17 149 7
17 150 3
17 151 7
18 144 9
18 145 2
18 146 8
18 147 10
18 148 4
18 149 2
18 150 10
18 151 3
19 144 8
19 145 6
19 146 2
19 147 2
19 148 10
19 149 6
19 150 9
19 151 7
20 37 10
20 79 4
20 144 7
20 145 7
20 146 8
20 147 10
20 148 6
20 149 9
20 150 4
20 151 7
21 144 5
21 145 8
21 146 1
21 147 8
21 148 6
21 149 4
21 150 4
21 151 10
22 144 8
22 145 2
22 146 2
22 147 1
22 148 5
22 149 6
22 150 8
22 151 2
23 144 3
23 145 8
23 146 6
23 147 1
23 148 9
23 149 7
23 150 2
23 151 7
24 111 1
24 152 6
24 153 4
24 154 5
24 155 2
24 156 9
24 157 6
24 158 1
24 159 8
25 152 3
25 153 9
25 154 4
25 155 10
25 156 4
25 157 4
25 158 1
25 159 9
26 32 3
26 38 3
26 41 8
26 77 5
26 152 9
26 153 5
26 154 5
26 155 7
26 156 5
26 157 3
26 158 4
26 159 1
27 68 3
27 152 9
27 153 4
27 154 7
27 155 10
27 156 6
27 157 2
27 158 6
27 159 2
28 152 10
28 153 3
28 154 3
28 155 4
28 156 9
28 157 10
28 158 6
28 159 2
29 152 1
29 153 9
29 154 4
29 155 5
29 156 10
29 157 6
29 158 5
29 159 6
30 104 4
30 152 5
30 153 2
30 154 9
30 155 3
30 156 5
30 157 9
30 158 7
30 159 10
31 152 9
31 153 5
31 154 8
31 155 1
31 156 2
31 157 4
31 158 7
31 159 6
32 160 1
32 161 8
32 162 1
32 163 2
32 164 1
32 165 5
32 166 2
32 167 5
32 34 5
33 160 3
33 161 2
33 162 1
33 163 10
33 164 1
33 165 7
33 166 8
33 167 6
33 64 8
33 71 6
34 160 7
34 161 3
34 162 1
34 163 9
34 164 8
34 165 5
34 166 5
34 167 1
34 76 6
34 66 9
35 160 2
35 161 6
35 162 8
35 163 3
35 164 10
35 165 1
35 166 2
35 167 10
36 160 8
36 161 4
36 162 3
36 163 2
36 164 5
36 165 10
36 166 9
36 167 2
37 160 4
37 161 9
37 162 4
37 163 6
37 164 9
37 165 4
37 166 6
37 167 5
38 160 7
38 161 3
38 162 6
38 163 6
38 164 3
38 165 4
38 166 4
38 167 2
38 103 6
39 160 8
39 161 1
39 162 2
39 163 8
39 164 9
39 165 2
39 166 5
39 167 5
40 168 7
40 169 1
40 170 3
40 171 4
40 172 7
40 173 5
40 174 8
40 175 7
41 168 7
41 169 1
41 170 3
41 171 2
41 172 5
41 173 6
41 174 4
41 175 8
41 73 1
42 97 10
42 168 10
42 169 6
42 170 5
42 171 3
42 172 3
42 173 9
42 174 3
42 175 5
42 106 2
43 168 2
43 169 8
43 170 4
43 171 10
43 172 2
43 173 5
43 174 8
43 175 8
44 168 1
44 169 2
44 170 3
44 171 2
44 172 6
44 173 10
44 174 2
44 175 3
45 107 10
45 168 3
45 169 4
45 170 9
45 171 3
45 172 10
45 173 4
45 174 1
45 175 2
46 168 10
46 169 1
46 170 3
46 171 1
46 172 2
46 173 8
46 174 1
46 175 9
47 168 3
47 169 9
47 170 10
47 171 5
47 172 10
47 173 2
47 174 10
47 175 6
48 70 8
48 108 6
48 176 4
48 177 7
48 178 9
48 179 6
48 180 3
48 181 5
48 182 7
48 183 7
49 176 8
49 177 4
49 178 8
49 179 4
49 180 2
49 181 8
49 182 8
49 183 8
50 176 9
50 177 10
50 178 2
50 179 6
50 180 10
50 181 9
50 182 3
50 183 9
51 176 4
51 177 1
51 178 8
51 179 10
51 180 10
51 181 1
51 182 9
51 183 1
52 102 5
52 176 9
52 177 2
52 178 7
52 179 2
52 180 5
52 181 8
52 182 3
52 183 10
53 176 3
53 177 10
53 178 7
53 179 9
53 180 8
53 181 10
53 182 9
53 183 8
54 176 10
54 177 6
54 178 4
54 179 8
54 180 7
54 181 2
54 182 9
54 183 4
55 176 7
55 177 10
55 178 1
55 179 1
55 180 5
55 181 2
55 182 9
55 183 1
56 184 8
56 185 2
56 186 5
56 187 5
56 188 9
56 189 2
56 190 2
56 191 7
57 184 2
57 185 3
57 186 1
57 187 10
57 188 9
57 189 7
57 190 8
57 191 9
58 184 10
58 185 6
58 186 10
58 187 2
58 188 2
58 189 7
58 190 9
58 191 6
59 184 3
59 185 5
59 186 5
59 187 2
59 188 4
59 189 7
59 190 7
59 191 1
60 184 1
60 185 10
60 186 3
60 187 3
60 188 6
60 189 3
60 190 1
60 191 4
61 74 7
61 184 7
61 185 5
61 186 10
61 187 7
61 188 9
61 189 2
61 190 4
61 191 8
62 184 10
62 185 1
62 186 7
62 187 5
62 188 6
62 189 2
62 190 8
62 191 2
63 184 10
63 185 10
63 186 4
63 187 3
63 188 2
63 189 10
63 190 1
63 191 4
64 192 2
64 193 8
64 194 4
64 195 5
64 196 6
64 197 9
64 198 6
64 199 8
65 192 4
65 193 3
65 194 9
65 195 8
65 196 3
65 197 9
65 198 10
65 199 10
66 192 3
66 193 3
66 194 2
66 195 2
66 196 9
66 197 10
66 198 2
66 199 4
67 192 7
67 193 10
67 194 9
67 195 2
67 196 1
67 197 2
67 198 4
67 199 3
68 192 5
68 193 1
68 194 6
68 195 4
68 196 6
68 197 3
68 198 2
68 199 8
69 192 3
69 193 3
69 194 3
69 195 6
69 196 1
69 197 6
69 198 9
69 199 1
70 192 7
70 193 9
70 194 7
70 195 10
70 196 9
70 197 8
70 198 1
70 199 5
70 110 3
71 192 10
71 193 7
71 194 2
71 195 9
71 196 10
71 197 5
71 198 6
71 199 6
71 98 6
72 200 4
72 201 7
72 202 7
72 203 3
72 204 3
72 205 7
72 206 6
72 207 3
73 200 7
73 201 8
73 202 1
73 203 6
73 204 8
73 205 6
73 206 5
73 207 1
74 200 4
74 201 2
74 202 8
74 203 7
74 204 10
74 205 10
74 206 5
74 207 9
75 200 7
75 201 10
75 202 2
75 203 4
75 204 5
75 205 7
75 206 8
75 207 9
76 200 9
76 201 5
76 202 6
76 203 7
76 204 1
76 205 9
76 206 4
76 207 1
77 200 5
77 201 9
77 202 7
77 203 2
77 204 8
77 205 7
77 206 7
77 207 4
78 200 2
78 201 8
78 202 3
78 203 2
78 204 8
78 205 2
78 206 2
78 207 2
79 200 9
79 201 5
79 202 6
79 203 6
79 204 1
79 205 4
79 206 1
79 207 4
80 208 6
80 209 5
80 210 6
80 211 4
80 212 7
80 213 2
80 214 8
80 215 9
81 208 8
81 209 4
81 210 1
81 211 6
81 212 4
81 213 9
81 214 2
81 215 9
82 208 6
82 209 5
82 210 1
82 211 9
82 212 5
82 213 2
82 214 8
82 215 8
83 208 8
83 209 1
83 210 1
83 211 2
83 212 1
83 213 9
83 214 5
83 215 2
84 109 6
84 208 7
84 209 6
84 210 6
84 211 4
84 212 7
84 213 5
84 214 3
84 215 5
85 101 4
85 208 10
85 209 2
85 210 3
85 211 10
85 212 2
85 213 9
85 214 2
85 215 1
86 208 3
86 209 9
86 210 6
86 211 6
86 212 7
86 213 8
86 214 4
86 215 3
87 208 9
87 209 8
87 210 2
87 211 10
87 212 9
87 213 9
87 214 8
87 215 5
88 216 10
88 217 6
88 218 2
88 219 4
88 220 4
88 221 8
88 222 5
88 223 6
89 216 5
89 217 9
89 218 9
89 219 2
89 220 3
89 221 5
89 222 9
89 223 9
90 216 9
90 217 9
90 218 7
90 219 8
90 220 6
90 221 10
90 222 6
90 223 5
91 216 4
91 217 1
91 218 6
91 219 8
91 220 9
91 221 10
91 222 7
91 223 3
92 216 8
92 217 6
92 218 10
92 219 6
92 220 5
92 221 7
92 222 5
92 223 8
93 216 6
93 217 5
93 218 5
93 219 5
93 220 7
93 221 5
93 222 7
93 223 1
94 100 5
94 216 3
94 217 1
94 218 5
94 219 2
94 220 2
94 221 3
94 222 7
94 223 9
95 216 9
95 217 7
95 218 1
95 219 9
95 220 8
95 221 7
95 222 9
95 223 2
96 224 8
96 225 4
96 226 3
96 227 1
96 228 8
96 229 10
96 230 1
96 231 6
97 224 5
97 225 4
97 226 10
97 227 7
97 228 4
97 229 2
97 230 10
97 231 6
98 224 9
98 225 4
98 226 2
98 227 2
98 228 7
98 229 2
98 230 7
98 231 9
99 224 9
99 225 2
99 226 6
99 227 10
99 228 9
99 229 6
99 230 1
99 231 1
100 224 8
100 225 1
100 226 2
100 227 7
100 228 3
100 229 7
100 230 10
100 231 9
101 224 4
101 225 2
101 226 8
101 227 4
101 228 8
101 229 8
101 230 3
101 231 6
102 224 8
102 225 1
102 226 5
102 227 10
102 228 5
102 229 8
102 230 8
102 231 2
103 224 6
103 225 2
103 226 2
103 227 4
103 228 7
103 229 4
103 230 3
103 231 3
104 232 8
104 233 4
104 234 7
104 235 4
104 236 5
104 237 7
104 238 4
104 239 1
105 232 3
105 233 9
105 234 10
105 235 8
105 236 4
105 237 8
105 238 3
105 239 1
106 232 5
106 233 7
106 234 9
106 235 9
106 236 8
106 237 4
106 238 1
106 239 7
107 232 1
107 233 3
107 234 3
107 235 9
107 236 6
107 237 9
107 238 7
107 239 3
108 232 1
108 233 3
108 234 8
108 235 3
108 236 3
108 237 5
108 238 3
108 239 1
109 232 7
109 233 10
109 234 1
109 235 3
109 236 5
109 237 9
109 238 4
109 239 8
110 232 10
110 233 7
110 234 7
110 235 6
110 236 2
110 237 3
110 238 10
110 239 2
111 232 5
111 233 5
111 234 6
111 235 7
111 236 8
111 237 9
111 238 4
111 239 8
112 240 7
112 241 4
112 242 3
112 243 4
112 244 3
112 245 6
112 246 2
112 247 10
113 240 8
113 241 1
113 242 7
113 243 4
113 244 8
113 245 5
113 246 3
113 247 9
114 240 1
114 241 1
114 242 9
114 243 1
114 244 6
114 245 3
114 246 5
114 247 2
115 240 10
115 241 10
115 242 1
115 243 1
115 244 1
115 245 5
115 246 7
115 247 2
116 240 5
116 241 5
116 242 2
116 243 1
116 244 1
116 245 2
116 246 8
116 247 2
117 240 5
117 241 6
117 242 4
117 243 8
117 244 10
117 245 8
117 246 2
117 247 8
118 240 3
118 241 8
118 242 7
118 243 5
118 244 4
118 245 8
118 246 8
118 247 2
119 240 1
119 241 6
119 242 6
119 243 6
119 244 9
119 245 2
119 246 3
119 247 4
120 248 8
120 249 1
120 250 6
120 251 2
120 252 6
120 253 10
120 254 6
120 255 4
121 248 7
121 249 4
121 250 1
121 251 8
121 252 6
121 253 8
121 254 1
121 255 3
122 248 7
122 249 7
122 250 1
122 251 10
122 252 9
122 253 6
122 254 4
122 255 9
123 248 10
123 249 6
123 250 5
123 251 8
123 252 2
123 253 2
123 254 3
123 255 7
124 248 1
124 249 8
124 250 9
124 251 1
124 252 1
124 253 9
124 254 6
124 255 5
125 248 8
125 249 1
125 250 10
125 251 1
125 252 1
125 253 1
125 254 7
125 255 2
126 248 4
126 249 4
126 250 3
126 251 10
126 252 2
126 253 2
126 254 7
126 255 4
127 248 7
127 249 3
127 250 3
127 251 10
127 252 10
127 253 5
127 254 10
127 255 9
128 262 3
128 257 3
128 258 2
128 256 4
128 259 6
128 260 10
128 263 7
128 261 4
129 264 8
129 265 1
129 266 8
129 267 1
129 268 6
129 269 6
129 270 5
129 271 4
130 272 6
130 273 3
130 274 2
130 275 4
130 276 4
130 277 1
130 278 5
130 279 10
131 280 3
131 281 4
131 282 5
131 283 1
131 284 1
131 285 2
131 286 6
131 287 2
132 290 5
132 289 1
132 288 3
132 294 6
132 291 2
132 292 8
132 295 1
132 293 7
133 296 1
133 297 6
133 298 3
133 299 1
133 300 5
133 301 1
133 302 2
133 303 2
134 304 10
134 305 6
134 306 6
134 307 4
134 308 6
134 309 9
134 310 9
134 311 2
135 312 5
135 313 5
135 314 10
135 315 3
135 316 1
135 317 7
135 318 8
135 319 4
136 256 1
136 257 8
136 258 7
136 259 10
136 260 6
136 261 1
136 262 8
136 263 7
137 267 6
137 264 1
137 269 9
137 270 10
137 268 2
137 265 6
137 271 5
137 266 10
138 272 4
138 273 1
138 274 10
138 275 2
138 276 7
138 277 1
138 278 7
138 279 2
139 280 4
139 281 4
139 282 8
139 283 8
139 284 5
139 285 10
139 286 9
139 287 1
140 288 9
140 289 6
140 290 2
140 291 3
140 292 5
140 293 8
140 294 3
140 295 5
140 8 3
140 9 6
140 10 8
140 11 2
140 12 3
140 13 10
140 14 9
140 15 5
141 299 6
141 10 2
141 11 7
141 12 3
141 13 2
141 14 10
141 15 10
141 296 5
141 302 5
141 300 3
141 301 10
141 297 5
141 303 8
141 298 5
142 304 5
142 305 2
142 306 1
142 307 4
142 308 6
142 309 10
142 310 7
142 311 7
143 312 10
143 313 6
143 314 5
143 315 3
143 316 7
143 317 4
143 318 8
143 319 9
144 256 10
144 257 9
144 258 3
144 259 5
144 260 3
144 261 7
144 262 2
144 263 8
145 264 3
145 265 10
145 266 7
145 267 10
145 268 8
145 269 7
145 270 5
145 271 7
146 272 1
146 278 3
146 273 8
146 275 5
146 279 9
146 274 1
146 276 6
146 277 3
147 280 9
147 281 2
147 282 6
147 283 7
147 284 1
147 285 8
147 286 6
147 287 5
148 288 7
148 289 8
148 290 6
148 291 2
148 292 7
148 293 3
148 294 4
148 295 8
148 16 6
148 17 8
148 18 3
148 19 2
148 20 2
148 21 10
148 22 2
148 23 5
149 296 4
149 297 10
149 298 9
149 299 1
149 300 4
149 301 4
149 302 3
149 303 9
149 16 4
149 17 2
149 18 5
149 19 1
149 20 10
149 21 1
149 22 5
149 23 10
150 304 5
150 310 1
150 305 7
150 307 7
150 311 6
150 306 6
150 17 2
150 18 6
150 19 7
150 20 10
150 21 8
150 22 8
150 23 3
150 308 6
150 309 5
151 312 2
151 313 1
151 314 10
151 315 7
151 316 5
151 317 7
151 318 4
151 319 4
152 256 7
152 257 2
152 258 9
152 259 9
152 260 3
152 261 1
152 262 5
152 263 10
152 24 7
152 25 7
152 26 7
152 27 8
152 28 10
152 29 4
152 30 7
152 31 1
153 264 6
153 265 1
153 266 5
153 267 1
153 268 5
153 269 1
153 270 9
153 271 5
153 24 2
153 25 6
153 26 7
153 27 1
153 28 10
153 29 4
153 30 2
153 31 7
154 272 10
154 273 3
154 274 4
154 275 5
154 276 7
154 277 1
154 278 4
154 279 9
154 24 10
154 25 8
154 26 2
154 27 7
154 28 6
154 29 4
154 30 2
154 31 7
155 282 2
155 284 6
155 285 9
155 287 7
155 280 3
155 283 4
155 286 8
155 281 4
155 24 8
155 25 4
155 26 7
155 27 9
155 28 6
155 29 10
155 30 6
155 31 6
156 288 1
156 289 8
156 290 2
156 291 5
156 292 6
156 293 1
156 294 8
156 295 9
156 24 10
156 25 9
156 26 4
156 27 1
156 28 3
156 29 2
156 30 2
156 31 9
157 296 2
157 297 4
157 298 1
157 299 1
157 300 6
157 301 9
157 302 5
157 303 8
157 24 9
157 25 6
157 26 8
157 27 6
157 28 2
157 29 7
157 30 7
157 31 2
158 304 4
158 305 3
158 306 10
158 307 8
158 308 6
158 309 9
158 310 1
158 311 2
158 24 6
158 25 1
158 26 4
158 27 10
158 28 6
158 29 4
158 30 5
158 31 10
159 315 7
159 314 9
159 316 5
159 317 3
159 312 8
159 318 2
159 319 9
159 313 7
159 24 9
159 25 8
159 26 9
159 27 2
159 28 7
159 29 7
159 30 2
159 31 9
160 262 4
160 257 5
160 258 8
160 256 8
160 259 10
160 260 1
160 263 7
160 261 4
161 264 2
161 265 8
161 266 10
161 267 4
161 268 7
161 269 1
161 270 1
161 271 2
162 272 9
162 273 2
162 274 2
162 275 7
162 276 5
162 277 7
162 278 9
162 279 5
163 280 5
163 281 5
163 282 5
163 283 8
163 284 6
163 285 7
163 286 2
163 287 9
164 290 4
164 289 5
164 288 4
164 294 1
164 291 1
164 292 9
164 295 10
164 293 9
165 296 3
165 297 9
165 298 1
165 299 6
165 300 1
165 301 2
165 302 3
165 303 10
166 304 6
166 305 5
166 306 10
166 307 10
166 308 6
166 309 6
166 310 8
166 311 7
167 312 4
167 313 10
167 314 2
167 315 3
167 316 4
167 317 5
167 318 4
167 319 7
168 256 5
168 257 7
168 258 4
168 259 8
168 260 10
168 261 7
168 262 4
168 263 5
169 267 9
169 264 3
169 269 1
169 270 8
169 268 6
169 265 10
169 271 2
169 266 6
170 272 1
170 273 3
170 274 8
170 275 4
170 276 3
170 277 3
170 278 4
170 279 8
171 280 7
171 281 2
171 282 8
171 283 5
171 284 8
171 285 4
171 286 7
171 287 1
172 288 8
172 289 2
172 290 3
172 291 10
172 292 8
172 293 6
172 294 2
172 295 7
172 46 6
172 47 1
173 299 4
173 42 4
173 43 9
173 44 9
173 45 6
173 46 1
173 47 8
173 296 3
173 302 9
173 300 1
173 301 3
173 297 1
173 303 5
173 298 9
174 304 8
174 305 4
174 306 3
174 307 1
174 308 5
174 309 1
174 310 10
174 311 2
175 312 1
175 313 8
175 314 5
175 315 3
175 316 4
175 317 4
175 318 5
175 319 9
176 256 6
176 257 1
176 258 9
176 259 6
176 260 9
176 261 4
176 262 7
176 263 2
177 264 4
177 265 5
177 266 3
177 267 2
177 268 3
177 269 4
177 270 2
177 271 7
178 272 9
178 278 6
178 273 1
178 275 5
178 279 10
178 274 5
178 276 10
178 277 6
179 280 4
179 281 3
179 282 9
179 283 1
179 284 8
179 285 4
179 286 4
179 287 9
180 288 4
180 289 5
180 290 9
180 291 5
180 292 6
180 293 4
180 294 3
180 295 8
180 49 6
180 50 9
180 51 1
180 52 3
180 53 6
180 54 9
180 55 3
181 296 1
181 297 4
181 298 6
181 299 10
181 300 6
181 301 6
181 302 7
181 303 9
181 48 9
181 49 5
181 50 5
181 51 5
181 52 3
181 53 1
181 54 5
181 55 8
182 304 1
182 310 7
182 305 4
182 307 10
182 311 1
182 306 10
182 49 7
182 50 3
182 51 9
182 52 10
182 53 4
182 54 9
182 55 2
182 308 2
182 309 8
183 312 7
183 313 10
183 314 7
183 315 1
183 316 10
183 317 3
183 318 1
183 319 8
184 256 5
184 257 6
184 258 8
184 259 7
184 260 2
184 261 3
184 262 7
184 263 5
184 56 4
184 57 7
184 58 3
184 59 4
184 60 1
184 61 4
184 62 3
184 63 3
185 264 7
185 265 5
185 266 10
185 267 7
185 268 8
185 269 9
185 270 2
185 271 7
185 56 2
185 57 4
185 58 4
185 59 6
185 60 10
185 61 7
185 62 5
185 63 9
186 272 10
186 273 7
186 274 6
186 275 5
186 276 2
186 277 6
186 278 7
186 279 2
186 56 3
186 57 2
186 58 5
186 59 1
186 60 6
186 61 9
186 62 7
186 63 10
187 282 2
187 284 9
187 285 1
187 287 2
187 280 5
187 283 10
187 286 5
187 281 1
187 56 1
187 57 3
187 58 2
187 59 5
187 60 2
187 61 8
187 62 9
187 63 3
188 288 6
188 289 7
188 290 10
188 291 4
188 292 10
188 293 3
188 294 1
188 295 7
188 56 3
188 57 6
188 58 10
188 59 8
188 60 1
188 61 9
188 62 6
188 63 7
189 296 10
189 297 9
189 298 1
189 299 3
189 300 1
189 301 4
189 302 8
189 303 4
189 56 1
189 57 8
189 58 2
189 59 8
189 60 2
189 61 5
189 62 1
189 63 5
190 304 5
190 305 10
190 306 1
190 307 9
190 308 2
190 309 4
190 310 5
190 311 7
190 56 7
190 57 9
190 58 10
190 59 4
190 60 3
190 61 4
190 62 2
190 63 3
191 315 8
191 314 9
191 316 4
191 317 10
191 312 9
191 318 9
191 319 7
191 313 5
191 56 8
191 57 4
191 58 6
191 59 5
191 60 7
191 61 5
191 62 4
191 63 5
192 262 3
192 257 5
192 258 7
192 256 1
192 259 5
192 260 6
192 263 4
192 261 4
193 264 2
193 265 2
193 266 7
193 267 7
193 268 5
193 269 7
193 270 7
193 271 8
194 272 10
194 273 6
194 274 9
194 275 2
194 276 9
194 277 1
194 278 2
194 279 2
195 280 7
195 281 5
195 282 3
195 283 8
195 284 10
195 285 6
195 286 3
195 287 8
196 290 3
196 289 8
196 288 8
196 294 4
196 291 4
196 292 8
196 295 8
196 293 10
197 296 3
197 297 6
197 298 9
197 299 9
197 300 7
197 301 9
197 302 10
197 303 10
198 304 2
198 305 4
198 306 2
198 307 8
198 308 9
198 309 10
198 310 9
198 311 6
199 312 3
199 313 7
199 314 7
199 315 7
199 316 6
199 317 10
199 318 4
199 319 8
200 256 4
200 257 3
200 258 9
200 259 9
200 260 7
200 261 5
200 262 7
200 263 4
201 267 7
201 264 8
201 269 9
201 270 5
201 268 9
201 265 4
201 271 3
201 266 9
202 272 5
202 273 7
202 274 6
202 275 9
202 276 4
202 277 2
202 278 10
202 279 6
203 280 2
203 281 3
203 282 9
203 283 4
203 284 10
203 285 2
203 286 4
203 287 2
204 288 6
204 289 7
204 290 5
204 291 8
204 292 9
204 293 3
204 294 6
204 295 6
205 299 5
205 296 4
205 302 10
205 300 8
205 301 10
205 297 8
205 303 2
205 298 10
206 304 9
206 305 1
206 306 3
206 307 9
206 308 4
206 309 9
206 310 3
206 311 3
207 312 9
207 313 4
207 314 8
207 315 10
207 316 2
207 317 4
207 318 3
207 319 10
208 256 8
208 257 7
208 258 3
208 259 4
208 260 7
208 261 4
208 262 8
208 263 3
209 264 10
209 265 3
209 266 1
209 267 1
209 268 2
209 269 8
209 270 8
209 271 6
210 272 6
210 278 8
210 273 4
210 275 9
210 279 6
210 274 10
210 276 4
210 277 1
211 280 9
211 281 6
211 282 9
211 283 7
211 284 6
211 285 10
211 286 7
211 287 10
212 288 8
212 289 6
212 290 9
212 291 6
212 292 7
212 293 9
212 294 2
212 295 6
212 80 4
212 81 8
212 82 2
212 83 6
212 84 2
212 85 1
212 86 4
212 87 1
213 296 5
213 297 4
213 298 1
213 299 2
213 300 7
213 301 8
213 302 2
213 303 1
213 80 1
213 81 5
213 82 10
213 83 6
213 84 9
213 85 10
213 86 4
213 87 8
214 304 2
214 310 5
214 305 5
214 307 1
214 311 2
214 306 8
214 80 1
214 81 10
214 82 4
214 83 3
214 84 8
214 85 8
214 86 2
214 87 10
214 308 6
214 309 5
215 312 4
215 313 4
215 314 3
215 315 2
215 316 4
215 317 5
215 318 5
215 319 7
216 256 7
216 257 7
216 258 10
216 259 10
216 260 10
216 261 5
216 262 2
216 263 9
216 88 1
216 89 3
216 90 8
216 91 4
216 92 4
216 93 9
216 94 7
216 95 10
217 264 9
217 265 4
217 266 4
217 267 1
217 268 4
217 269 1
217 270 8
217 271 5
217 88 3
217 89 4
217 90 3
217 91 3
217 92 3
217 93 3
217 94 2
217 95 2
218 272 10
218 273 6
218 274 3
218 275 6
218 276 9
218 277 8
218 278 10
218 279 6
218 88 9
218 89 2
218 90 9
218 91 4
218 92 6
218 93 7
218 94 1
218 95 5
219 282 1
219 284 6
219 285 10
219 287 6
219 280 7
219 283 6
219 286 2
219 281 8
219 88 2
219 89 10
219 90 6
219 91 7
219 92 4
219 93 2
219 94 2
219 95 10
220 288 5
220 289 4
220 290 6
220 291 9
220 292 4
220 293 7
220 294 4
220 295 1
220 88 2
220 89 2
220 90 10
220 91 9
220 92 10
220 93 4
220 94 6
220 95 9
221 296 7
221 297 4
221 298 10
221 299 10
221 300 9
221 301 10
221 302 4
221 303 9
221 88 5
221 89 6
221 90 3
221 91 3
221 92 4
221 93 3
221 94 3
221 95 1
222 304 4
222 305 4
222 306 3
222 307 3
222 308 9
222 309 4
222 310 8
222 311 7
222 88 4
222 89 7
222 90 9
222 91 10
222 92 3
222 93 2
222 94 10
222 95 7
223 315 2
223 314 5
223 316 4
223 317 9
223 312 2
223 318 7
223 319 4
223 313 8
223 88 5
223 89 8
223 90 9
223 91 10
223 92 10
223 93 1
223 94 6
223 95 1
224 262 10
224 257 2
224 258 8
224 256 4
224 259 1
224 260 1
224 263 1
224 261 5
225 264 7
225 265 1
225 266 1
225 267 10
225 268 8
225 269 7
225 270 5
225 271 5
226 272 1
226 273 10
226 274 10
226 275 6
226 276 9
226 277 8
226 278 7
226 279 5
227 280 9
227 281 9
227 282 6
227 283 5
227 284 4
227 285 10
227 286 10
227 287 10
228 290 1
228 289 4
228 288 5
228 294 7
228 291 1
228 292 7
228 295 2
228 293 9
229 296 4
229 297 7
229 298 4
229 299 10
229 300 5
229 301 8
229 302 7
229 303 3
230 304 3
230 305 2
230 306 1
230 307 6
230 308 2
230 309 4
230 310 10
230 311 8
231 312 7
231 313 10
231 314 3
231 315 1
231 316 2
231 317 3
231 318 10
231 319 8
232 256 7
232 257 2
232 258 2
232 259 4
232 260 8
232 261 8
232 262 5
232 263 1
233 267 1
233 264 9
233 269 1
233 270 10
233 268 1
233 265 1
233 271 6
233 266 6
234 272 5
234 273 3
234 274 2
234 275 4
234 276 8
234 277 4
234 278 2
234 279 8
235 280 7
235 281 1
235 282 3
235 283 9
235 284 10
235 285 4
235 286 3
235 287 8
236 288 3
236 289 7
236 290 4
236 291 2
236 292 3
236 293 1
236 294 7
236 295 1
237 299 4
237 296 10
237 302 3
237 300 8
237 301 10
237 297 3
237 303 1
237 298 1
238 304 5
238 305 8
238 306 9
238 307 5
238 308 10
238 309 7
238 310 2
238 311 6
239 312 10
239 313 8
239 314 6
239 315 2
239 316 6
239 317 1
239 318 10
239 319 2
240 256 7
240 257 8
240 258 6
240 259 10
240 260 2
240 261 1
240 262 10
240 263 5
241 264 3
241 265 3
241 266 3
241 267 9
241 268 10
241 269 2
241 270 10
241 271 6
242 272 10
242 278 5
242 273 4
242 275 7
242 279 7
242 274 5
242 276 4
242 277 6
243 280 8
243 281 1
243 282 6
243 283 4
243 284 8
243 285 2
243 286 7
243 287 4
244 288 4
244 289 6
244 290 9
244 291 3
244 292 1
244 293 5
244 294 1
244 295 10
244 112 2
244 113 8
244 114 10
244 115 6
244 116 6
244 117 3
244 118 5
244 119 4
245 296 4
245 297 10
245 298 4
245 299 10
245 300 8
245 301 2
245 302 8
245 303 9
245 112 3
245 113 10
245 114 2
245 115 2
245 116 6
245 117 10
245 118 3
245 119 7
246 304 6
246 310 6
246 305 10
246 307 6
246 311 7
246 306 3
246 113 1
246 114 2
246 115 7
246 116 5
246 117 6
246 118 3
246 119 5
246 308 2
246 309 10
247 312 8
247 313 10
247 314 4
247 315 6
247 316 7
247 317 5
247 318 2
247 319 7
248 256 4
248 257 10
248 258 5
248 259 4
248 260 2
248 261 6
248 262 2
248 263 2
248 120 8
248 121 4
248 122 6
248 123 1
248 124 5
248 125 3
248 126 1
248 127 10
249 264 6
249 265 5
249 266 3
249 267 9
249 268 8
249 269 1
249 270 3
249 271 4
249 120 1
249 121 10
249 122 1
249 123 8
249 124 6
249 125 10
249 126 9
249 127 8
250 272 3
250 273 5
250 274 3
250 275 8
250 276 1
250 277 6
250 278 1
250 279 3
250 120 9
250 121 3
250 122 3
250 123 9
250 124 8
250 125 6
250 126 4
250 127 8
251 282 3
251 284 5
251 285 6
251 287 3
251 280 8
251 283 10
251 286 3
251 281 6
251 120 2
251 121 10
251 122 2
251 123 9
251 124 7
251 125 9
251 126 5
251 127 5
252 288 1
252 289 3
252 290 7
252 291 2
252 292 1
252 293 9
252 294 2
252 295 4
252 120 1
252 121 2
252 122 5
252 123 9
252 124 2
252 125 4
252 126 1
252 127 7
253 296 4
253 297 8
253 298 9
253 299 10
253 300 7
253 301 7
253 302 1
253 303 4
253 120 6
253 121 5
253 122 8
253 123 3
253 124 1
253 125 3
253 126 10
253 127 10
254 304 1
254 305 4
254 306 10
254 307 7
254 308 10
254 309 5
254 310 2
254 311 1
254 120 9
254 121 1
254 122 10
254 123 4
254 124 6
254 125 8
254 126 10
254 127 9
255 315 7
255 314 6
255 316 2
255 317 6
255 312 4
255 318 3
255 319 9
255 313 6
255 120 5
255 121 6
255 122 6
255 123 10
255 124 6
255 125 2
255 126 7
255 127 6
256 271 10
257 316 3
258 262 2
259 270 4
260 312 3
261 305 9
262 315 9
263 272 8
264 269 7
265 268 4
266 298 3
267 305 6
268 313 4
269 314 10
270 278 10
271 312 5
272 300 2
273 283 3
274 294 1
275 318 1
276 298 7
277 287 8
278 288 8
279 290 3
280 298 4
281 313 9
282 303 3
283 311 2
284 306 10
285 294 5
286 309 9
287 300 3
288 303 4
289 316 8
290 310 9
291 298 6
292 319 10
293 319 2
294 318 2
295 300 1
296 319 5
297 303 9
298 303 6
299 306 3
300 310 7
301 317 6
302 313 9
303 307 6
304 308 4
305 316 7
306 313 8
307 315 10
308 314 10
309 314 4
310 316 1
311 315 3
312 313 7
313 315 4
314 100000 100
314 100003 100
314 100004 100
315 100001 100
315 100002 100
315 100004 100
316 100001 100
317 100000 100
317 100002 100
318 319 6
319 100001 100
319 100003 100
-2 2 100
-2 3 100
-5 0 100
-5 1 100
-4 1 100
-4 5 100
-3 0 100
-3 4 100
-1 2 100
-1 3 100
