0 8 10
0 9 2
1 8 7
1 9 9
2 10 3
2 11 9
2 6 1
2 7 10
3 10 1
3 11 7
4 12 10
4 13 2
5 12 6
5 13 6
6 14 6
6 15 3
7 14 4
7 15 4
8 16 2
8 17 3
9 18 10
9 19 1
10 16 1
10 17 1
10 2 2
10 3 7
11 19 10
11 2 4
11 3 7
11 18 3
12 16 3
12 17 3
12 4 7
12 5 2
13 18 9
13 19 9
13 4 4
13 5 3
14 100000 100
14 100003 100
14 16 5
14 17 8
15 100000 100
15 100002 100
15 100004 100
15 18 1
15 19 4
16 100001 100
17 100002 100
17 100004 100
18 100003 100
19 100001 100
19 100003 100
-1 3 100
-1 4 100
-1 5 100
-5 4 100
-5 5 100
-4 2 100
-4 4 100
-4 5 100
-3 1 100
-3 5 100
-2 0 100
-2 2 100
