0 32 1
0 33 2
0 34 3
0 35 4
1 33 1
1 10 2
1 35 2
2 32 4
2 33 4
2 34 1
2 35 2
2 6 5
2 7 2
2 11 3
3 32 3
3 33 4
3 34 5
3 35 2
3 8 1
4 36 3
4 37 4
4 38 1
4 39 5
5 36 4
5 37 2
6 36 3
6 37 4
6 38 5
6 39 4
7 9 4
7 36 5
7 37 4
7 38 2
7 39 2
8 40 5
8 41 3
8 43 4
9 40 2
9 41 1
9 42 5
9 43 1
10 40 4
10 41 2
10 42 2
10 43 4
11 40 3
11 41 1
11 42 4
11 43 3
12 44 3
12 46 4
12 47 3
13 44 4
13 45 5
13 46 4
14 46 3
15 44 4
15 45 1
15 47 1
16 48 4
16 49 1
16 50 4
16 51 5
17 48 3
17 50 4
17 51 3
18 48 1
18 49 5
18 50 4
19 48 5
19 50 4
19 51 3
20 52 4
20 53 1
20 54 2
20 55 4
21 52 2
21 53 3
21 54 5
21 55 3
22 52 1
22 53 4
22 54 3
22 55 3
23 52 3
23 53 4
23 54 2
23 55 3
24 56 3
24 57 5
24 58 4
24 59 1
25 56 3
25 59 5
26 56 3
26 57 4
26 58 3
26 59 5
27 56 2
27 57 2
27 58 5
27 59 2
28 60 4
28 61 4
28 62 5
28 63 5
29 60 4
29 62 3
29 63 4
30 60 1
30 61 5
30 63 2
31 60 2
31 61 3
31 62 4
31 63 1
32 64 1
32 65 1
33 68 3
33 69 1
33 70 2
33 71 4
34 72 4
34 73 1
34 74 3
34 75 1
35 76 3
35 77 5
35 78 1
35 79 4
36 64 5
36 66 4
36 67 3
37 68 5
37 69 2
37 71 3
37 70 4
38 73 3
38 74 2
38 75 5
39 76 5
39 77 5
39 78 3
39 79 5
40 65 2
40 67 5
41 68 3
41 69 4
41 70 3
41 71 1
42 75 2
42 72 1
42 73 2
42 74 5
43 76 4
43 77 2
43 78 3
43 79 5
44 64 3
44 65 2
44 66 3
44 67 1
44 12 5
44 13 1
44 15 3
45 68 4
45 69 1
45 70 3
45 71 4
45 13 3
45 15 2
46 72 2
46 73 2
46 74 5
46 75 2
46 12 1
46 13 5
46 14 3
47 79 5
47 77 4
47 78 2
47 15 1
48 64 3
48 65 3
48 66 3
48 67 5
48 16 2
48 17 3
48 18 5
48 19 4
49 68 3
49 69 4
49 70 2
49 71 5
49 16 4
49 18 1
50 72 5
50 73 4
50 74 5
50 75 5
50 16 3
50 17 4
50 18 4
50 19 4
51 76 5
51 77 3
51 78 2
51 79 1
51 16 4
51 17 4
51 19 4
52 64 2
52 65 3
52 66 4
52 67 4
52 20 1
52 21 3
52 22 2
52 23 3
53 68 1
53 69 1
53 70 5
53 71 4
53 20 4
53 21 5
53 22 2
53 23 4
54 72 3
54 73 2
54 74 5
54 75 3
54 20 2
54 21 1
54 22 3
54 23 4
55 76 4
55 77 2
55 78 5
55 79 1
55 20 5
55 21 5
55 22 1
55 23 3
56 64 3
56 65 5
56 66 4
56 67 1
56 24 2
56 25 4
56 26 3
56 27 5
57 68 1
57 69 1
57 70 4
57 71 2
57 24 5
57 26 1
57 27 4
58 72 2
58 73 2
58 74 2
58 75 2
58 24 1
58 26 1
58 27 2
59 76 2
59 77 1
59 78 3
59 79 4
59 24 4
59 25 1
59 26 1
59 27 3
60 64 5
60 65 1
60 66 4
60 67 2
60 28 1
60 29 2
60 30 1
60 31 4
61 68 1
61 69 4
61 70 2
61 71 4
61 28 5
61 30 3
61 31 3
62 72 1
62 73 1
62 74 4
62 75 4
62 28 3
62 29 2
62 31 1
63 76 4
63 77 5
63 78 4
63 79 2
63 28 4
63 29 5
63 30 4
63 31 5
64 67 1
65 77 5
66 69 5
67 79 3
68 70 1
69 78 4
70 76 1
71 78 2
72 76 3
73 75 3
74 100004 50
75 100000 50
75 100001 50
75 100004 50
76 100000 50
76 100002 50
76 100003 50
77 100000 50
77 100002 50
77 100003 50
78 100002 50
78 100004 50
79 100003 50
-1 0 50
-1 1 50
-1 2 50
-5 2 50
-5 3 50
-4 2 50
-4 5 50
-3 3 50
-3 4 50
-3 5 50
-2 2 50
-2 3 50
-2 5 50
