0 128 1
0 129 4
0 130 1
0 131 5
0 132 5
0 133 4
0 134 1
0 135 1
1 128 5
1 129 5
1 130 5
1 131 5
1 132 2
1 133 4
1 134 2
1 135 2
2 128 5
2 129 5
2 130 1
2 131 3
2 132 2
2 133 5
2 134 1
2 135 4
2 10 1
3 128 2
3 33 4
3 130 5
3 132 3
3 133 1
3 134 1
3 135 5
3 37 5
4 128 4
4 129 2
4 130 1
4 131 1
4 132 1
4 133 2
4 6 3
4 135 3
4 7 4
5 128 4
5 129 5
5 130 4
5 131 5
5 132 5
5 133 4
5 134 1
6 128 4
6 129 5
6 130 2
6 131 2
6 132 4
6 133 5
6 134 2
6 135 3
7 128 4
7 130 1
7 131 3
7 132 5
7 133 1
7 134 3
7 135 4
8 99 2
8 136 2
8 137 3
8 138 1
8 140 1
8 142 5
8 143 5
9 136 1
9 137 1
9 138 1
9 139 2
9 140 4
9 141 3
9 142 5
9 143 5
10 73 5
10 138 5
10 139 5
10 141 4
10 142 2
11 136 2
11 137 2
11 138 1
11 139 4
11 140 3
11 141 1
11 142 2
11 143 2
12 136 5
12 137 1
12 138 3
12 139 3
12 140 2
12 141 3
12 142 5
12 143 2
13 136 5
13 137 4
13 138 4
13 139 2
13 140 2
13 141 2
13 142 4
14 136 2
14 137 1
14 138 1
14 139 4
14 140 3
14 141 5
15 136 2
15 137 4
15 139 5
15 140 2
15 142 5
15 143 3
16 97 5
16 144 4
16 145 5
16 147 4
16 148 4
16 149 5
17 32 5
17 34 3
17 35 4
17 38 1
17 144 5
17 145 2
17 147 2
17 148 1
17 149 1
17 150 5
17 151 3
18 69 2
18 144 1
18 145 3
18 146 2
18 147 1
18 148 4
18 149 3
18 150 2
19 145 2
19 146 4
19 147 1
19 148 1
19 149 3
19 150 5
20 144 5
20 145 2
20 146 3
20 147 5
20 148 5
20 149 4
20 150 1
20 151 2
21 144 1
21 145 4
21 146 3
21 148 1
21 149 2
21 150 2
21 151 2
22 144 1
22 145 4
22 146 5
22 147 5
22 148 3
22 149 2
22 150 2
22 151 3
23 145 5
23 146 2
23 148 2
23 149 4
23 150 3
23 151 2
24 101 2
24 152 5
24 153 5
24 154 1
24 155 3
24 156 2
24 157 3
24 158 4
24 159 5
25 152 4
25 153 4
25 155 4
25 156 4
25 157 1
25 158 4
25 159 3
26 36 5
26 152 2
26 153 5
26 154 1
26 156 2
26 157 5
26 158 2
26 159 2
27 152 4
27 153 1
27 154 2
27 155 1
27 157 3
27 158 3
27 159 3
28 153 1
28 154 4
28 155 3
28 156 4
28 157 5
28 158 1
28 159 1
29 152 1
29 153 4
29 154 5
29 155 2
29 156 5
29 157 3
29 158 3
30 152 2
30 153 4
30 154 5
30 155 1
30 156 5
30 157 3
30 158 2
31 71 1
31 152 2
31 154 1
31 155 2
31 156 1
31 157 2
31 159 3
32 161 3
32 162 4
32 163 5
32 164 4
32 165 2
33 160 2
33 161 1
33 162 3
33 164 3
33 165 3
33 166 4
33 167 5
33 104 3
34 160 1
34 161 4
34 162 2
34 163 2
34 165 3
34 166 3
34 167 3
34 98 1
35 160 3
35 162 1
35 163 4
35 164 1
35 165 4
35 166 3
35 167 2
35 67 2
36 160 4
36 161 5
36 162 5
36 164 2
36 165 5
36 166 3
36 167 5
37 160 1
37 161 4
37 162 3
37 163 4
37 164 3
37 165 1
37 166 2
37 167 1
38 160 4
38 161 3
38 162 1
38 163 4
38 164 5
38 165 1
38 166 5
38 167 5
38 103 2
39 160 2
39 161 1
39 162 4
39 163 1
39 166 2
39 167 4
40 168 5
40 169 4
40 170 4
40 171 1
40 172 2
40 174 5
40 175 2
41 169 2
41 170 4
41 172 5
41 173 3
41 175 5
42 171 4
42 172 2
42 175 4
43 168 5
43 169 5
43 172 1
43 173 1
43 175 4
44 168 5
44 169 5
44 170 4
44 171 1
44 172 2
44 174 1
45 168 4
45 170 4
45 171 2
45 172 3
45 173 3
45 174 2
45 175 4
46 64 1
46 168 3
46 169 4
46 170 3
46 171 4
46 173 3
46 174 4
46 175 1
47 169 2
47 170 3
47 172 2
47 173 5
47 174 5
47 175 5
48 176 5
48 178 4
48 179 1
48 182 1
48 183 1
49 176 4
49 177 1
49 180 3
49 181 3
49 182 2
49 183 4
50 177 2
50 178 3
50 179 4
50 180 1
50 181 1
50 183 3
51 66 5
51 176 4
51 177 3
51 179 1
51 180 5
51 182 3
51 183 2
52 176 1
52 178 4
52 179 2
52 181 5
52 182 4
53 176 2
53 177 5
53 179 5
53 180 3
53 181 3
53 182 2
54 176 5
54 177 3
54 178 5
54 179 3
54 180 2
54 181 5
54 182 3
54 183 2
55 176 4
55 177 4
55 178 1
55 180 3
55 181 4
55 182 2
55 183 1
56 184 1
56 185 5
56 186 2
56 187 5
56 188 2
56 189 3
56 190 4
56 191 2
57 65 1
57 184 1
57 185 4
57 187 1
57 188 2
57 189 3
57 190 4
57 191 3
58 184 1
58 185 5
58 186 2
58 188 1
58 189 4
58 190 2
58 191 5
59 70 2
59 185 5
59 186 2
59 187 3
59 188 2
59 189 2
59 190 2
60 184 5
60 185 2
60 186 4
60 187 5
60 188 4
60 189 5
60 190 3
61 68 3
61 184 1
61 185 4
61 186 2
61 187 1
61 188 2
61 189 2
61 190 5
61 191 1
62 186 3
62 187 1
62 188 2
62 190 5
62 191 4
63 96 1
63 184 2
63 185 1
63 186 2
63 187 4
63 188 3
63 189 1
63 190 3
63 191 1
64 192 5
64 193 2
64 194 3
64 196 4
64 197 4
64 198 1
64 199 1
65 193 5
65 194 2
65 195 4
65 196 2
65 198 5
66 192 2
66 194 2
66 197 5
66 198 5
67 192 1
67 193 3
67 195 5
67 196 1
67 198 3
68 192 2
68 195 3
68 196 5
68 197 3
68 198 4
68 199 3
69 193 1
69 194 2
69 195 2
69 196 2
69 198 3
69 199 1
70 192 3
70 193 4
70 194 4
70 195 5
70 196 4
70 197 1
70 198 3
70 199 5
71 192 5
71 193 3
71 195 3
71 196 5
71 197 4
71 199 4
72 200 2
72 201 4
72 202 1
72 203 5
72 204 2
72 205 1
72 206 3
72 207 2
73 201 4
73 202 1
73 203 3
73 205 5
73 206 3
73 207 4
74 200 3
74 201 1
74 202 1
74 203 1
74 204 3
74 205 1
74 206 2
74 207 4
75 200 5
75 201 1
75 202 5
75 204 4
75 205 1
75 206 1
75 207 2
76 201 3
76 202 3
76 203 2
76 204 4
76 205 4
76 206 3
76 207 4
77 100 2
77 200 2
77 201 4
77 203 3
77 204 5
77 205 1
77 206 3
77 207 4
78 200 2
78 201 5
78 202 4
78 203 1
78 204 4
78 205 3
78 206 1
78 207 2
79 200 4
79 201 3
79 203 2
79 204 5
79 205 3
79 206 2
79 207 3
80 208 1
80 209 1
80 210 5
80 211 3
80 212 4
80 213 3
80 214 5
80 215 4
81 208 4
81 209 3
81 210 3
81 211 3
81 212 5
81 213 3
81 214 2
81 215 1
82 208 3
82 209 1
82 211 2
82 212 1
82 213 3
82 214 1
82 215 2
83 102 4
83 208 5
83 209 2
83 210 2
83 211 3
83 212 1
83 213 5
83 214 1
83 215 4
84 208 4
84 209 1
84 210 3
84 211 2
84 212 5
84 213 3
84 214 3
84 215 1
85 208 4
85 209 4
85 210 4
85 211 5
85 212 3
85 213 2
85 214 4
85 215 2
86 208 4
86 209 2
86 210 5
86 211 3
86 212 1
86 213 4
86 214 3
86 215 4
87 208 4
87 209 3
87 210 2
87 211 4
87 213 2
87 214 5
88 216 3
88 217 4
88 218 5
88 219 2
88 220 2
88 221 3
88 223 5
89 216 2
89 217 3
89 218 5
89 219 2
89 221 5
89 222 4
89 223 2
90 216 3
90 217 2
90 218 2
90 219 5
90 220 1
90 221 3
90 222 3
90 223 4
91 216 1
91 217 1
91 218 5
91 219 1
91 220 3
91 221 4
91 222 3
91 223 3
92 217 2
92 218 4
92 219 5
92 220 3
92 221 1
92 222 5
92 223 1
93 216 5
93 217 2
93 218 2
93 219 3
93 220 5
93 221 5
93 222 5
93 223 3
94 216 5
94 217 3
94 218 3
94 219 5
94 220 5
95 216 2
95 217 5
95 218 2
95 219 3
95 220 3
95 221 2
95 222 3
95 223 2
96 224 1
96 225 2
96 226 1
96 227 4
96 229 1
96 230 2
96 231 3
97 225 2
97 226 5
97 227 2
97 228 3
97 229 2
97 230 5
97 231 2
98 224 2
98 225 4
98 226 5
98 227 2
98 228 1
98 229 4
98 230 1
98 231 4
99 224 1
99 226 3
99 227 5
99 228 4
99 229 2
99 231 1
100 224 4
100 225 2
100 226 2
100 227 2
100 228 3
100 229 3
100 230 3
100 231 3
101 224 2
101 226 2
101 227 1
101 228 4
101 229 5
101 230 3
101 231 3
102 224 4
102 225 5
102 226 5
102 227 4
102 228 2
102 229 3
102 230 3
102 231 5
103 224 1
103 226 5
103 227 2
103 228 1
103 230 2
103 231 4
104 232 3
104 233 3
104 234 2
104 235 2
104 237 4
104 238 4
104 239 1
105 233 3
105 234 4
105 235 3
105 236 1
105 237 4
105 239 1
106 232 4
106 233 2
106 234 1
106 236 3
106 237 2
106 238 3
106 239 5
107 232 4
107 234 5
107 235 3
107 236 2
107 237 3
107 238 3
107 239 4
108 233 4
108 234 4
108 235 1
108 236 2
108 237 1
108 238 3
108 239 3
109 232 1
109 233 2
109 234 2
109 235 5
109 236 5
109 237 2
109 239 5
110 232 1
110 233 3
110 234 4
110 235 4
110 237 2
110 238 3
110 239 2
111 233 1
111 234 5
111 235 5
111 237 2
111 239 5
112 241 5
112 242 2
112 243 4
112 244 3
112 245 1
112 246 3
112 247 3
113 240 2
113 241 5
113 242 1
113 243 2
113 244 4
113 245 2
113 246 5
113 247 5
114 240 2
114 241 4
114 242 3
114 243 4
114 244 2
114 246 5
114 247 2
115 240 5
115 241 1
115 243 1
115 244 2
115 245 4
115 246 4
115 247 3
116 242 3
116 243 4
116 244 3
116 245 1
116 246 4
116 247 3
117 240 3
117 241 3
117 242 1
117 243 5
117 244 5
117 245 1
117 246 3
117 247 3
118 240 2
118 241 1
118 242 4
118 243 5
118 244 4
118 245 2
118 246 3
118 247 4
119 240 4
119 241 4
119 242 4
119 243 3
119 244 4
119 245 1
119 246 1
120 248 4
120 249 2
120 250 5
120 251 2
120 252 3
120 253 1
120 254 5
120 255 2
121 248 4
121 249 5
121 250 4
121 251 2
121 252 2
121 253 5
121 254 1
122 248 2
122 249 1
122 250 3
122 251 5
122 252 2
122 253 3
122 254 3
122 255 4
123 249 2
123 250 3
123 251 3
123 252 1
123 253 3
123 254 1
123 255 5
124 248 5
124 249 2
124 250 5
124 251 1
124 252 5
124 253 2
124 254 1
124 255 1
125 248 2
125 249 4
125 251 1
125 252 1
125 253 4
125 254 3
125 255 4
126 248 2
126 249 3
126 250 3
126 251 2
126 252 5
126 253 1
126 254 5
126 255 3
127 249 3
127 250 5
127 251 4
127 252 4
127 253 5
127 254 1
127 255 5
128 263 1
128 257 4
128 258 2
128 256 4
128 259 3
128 260 2
128 261 5
129 264 4
129 265 2
129 266 4
129 267 3
129 268 5
129 269 4
129 270 5
129 271 4
130 272 1
130 273 3
130 274 1
130 276 1
130 277 4
130 278 4
130 279 4
131 280 5
131 282 5
131 283 1
131 284 2
131 286 4
131 287 2
132 290 3
132 289 3
132 288 4
132 294 2
132 292 1
132 295 3
132 293 1
133 296 3
133 297 3
133 299 3
133 300 1
133 301 5
133 302 2
133 303 5
134 304 1
134 305 5
134 306 5
134 307 5
134 308 5
134 309 1
134 310 4
134 311 4
135 312 5
135 313 3
135 314 5
135 315 5
135 316 4
135 317 1
135 318 5
135 319 1
136 256 2
136 257 4
136 258 5
136 259 5
136 260 2
136 261 1
136 263 5
137 267 3
137 266 2
137 264 4
137 269 5
137 268 3
137 265 1
137 271 5
138 272 4
138 273 5
138 274 5
138 275 1
138 276 3
138 277 4
138 278 1
139 280 1
139 281 5
139 282 5
139 284 4
139 285 2
139 286 5
140 288 3
140 289 5
140 290 5
140 291 2
140 292 3
140 293 5
140 294 5
140 295 2
140 8 4
140 9 2
140 11 2
140 12 2
140 13 4
140 14 2
140 15 4
141 299 1
141 296 5
141 11 2
141 12 4
141 13 4
141 14 5
141 301 4
141 300 5
141 302 4
141 297 3
141 303 5
141 298 2
142 15 3
142 304 5
142 307 5
142 308 4
142 309 5
142 310 4
142 311 4
143 313 3
143 315 1
143 316 5
143 317 5
143 318 5
143 319 3
144 260 5
144 261 2
144 262 3
145 264 5
145 265 4
145 266 4
145 267 4
145 268 4
145 269 5
145 270 4
145 271 3
146 278 1
146 275 4
146 279 2
146 274 4
146 272 3
146 273 2
146 276 5
146 277 3
147 280 3
147 281 5
147 282 4
147 284 5
147 286 1
147 287 3
148 291 5
148 292 4
148 293 4
148 294 2
148 295 3
148 16 4
148 17 5
148 18 1
148 19 3
148 20 4
148 21 2
148 22 4
148 23 4
149 296 1
149 297 1
149 298 2
149 299 1
149 301 2
149 302 1
149 303 4
149 16 5
149 17 5
149 18 1
149 19 4
149 20 4
149 21 2
149 22 1
149 23 5
150 310 1
150 305 2
150 307 5
150 306 1
150 304 5
150 17 4
150 18 4
150 19 3
150 20 1
150 21 4
150 22 5
150 23 2
150 308 3
151 312 5
151 313 3
151 315 3
151 316 5
151 317 2
151 318 3
151 319 1
152 256 4
152 257 2
152 258 2
152 259 5
152 261 1
152 262 4
152 263 1
152 24 1
152 25 5
152 26 2
152 27 1
152 29 1
152 30 5
152 31 3
153 264 2
153 265 2
153 266 2
153 267 1
153 268 1
153 269 3
153 270 3
153 271 3
153 24 4
153 25 5
153 26 5
153 27 1
153 28 3
153 29 1
153 30 2
154 272 2
154 273 1
154 274 1
154 275 5
154 276 2
154 277 4
154 278 5
154 279 3
154 24 2
154 26 4
154 27 3
154 28 1
154 29 2
154 30 5
154 31 1
155 283 3
155 284 3
155 285 5
155 287 3
155 280 4
155 286 2
155 281 1
155 24 1
155 25 2
155 282 1
155 27 5
155 28 3
155 29 5
155 30 2
155 31 1
156 288 2
156 290 1
156 292 1
156 293 5
156 295 1
156 24 5
156 25 4
156 26 2
156 28 3
156 29 2
156 30 2
156 31 2
157 296 1
157 297 2
157 298 1
157 299 1
157 301 2
157 302 4
157 303 5
157 24 5
157 25 1
157 26 4
157 27 5
157 28 1
157 29 3
157 30 1
157 31 5
158 304 5
158 305 4
158 306 4
158 307 5
158 308 5
158 309 2
158 310 3
158 311 4
158 24 2
158 25 3
158 26 5
158 27 4
158 28 3
158 29 5
158 30 3
159 315 2
159 316 3
159 317 4
159 312 2
159 319 3
159 313 4
159 24 1
159 25 1
159 26 2
159 27 4
159 28 2
159 314 4
159 318 2
159 31 4
160 256 5
160 262 4
160 257 3
160 260 5
160 263 5
160 261 5
161 264 2
161 265 5
161 266 5
161 267 5
161 268 1
161 269 1
161 270 4
161 271 4
162 272 5
162 273 5
162 274 3
162 275 3
162 276 4
162 277 4
162 278 4
162 279 3
163 280 3
163 281 1
163 282 3
163 283 5
163 284 2
163 285 3
163 286 3
164 290 1
164 289 1
164 295 2
164 288 5
164 294 4
164 291 4
164 292 1
164 293 4
165 296 5
165 297 2
165 298 1
165 299 5
165 300 5
165 301 4
165 302 5
165 303 4
166 304 5
166 305 1
166 307 4
166 308 1
166 309 1
166 310 1
166 311 1
167 39 1
167 313 4
167 314 5
167 316 4
167 317 2
167 318 3
167 319 1
168 256 1
168 258 5
168 259 4
168 260 4
168 261 4
168 263 5
169 267 3
169 266 3
169 269 2
169 264 1
169 270 3
169 265 3
169 271 4
170 272 5
170 273 2
170 274 3
170 276 1
170 277 4
170 278 5
170 279 2
171 280 5
171 281 3
171 282 3
171 283 5
171 284 5
171 285 2
171 286 2
171 287 3
172 288 2
172 289 5
172 290 4
172 291 5
172 292 5
172 293 1
172 294 1
172 295 4
172 40 4
172 41 4
172 42 4
172 43 1
172 44 2
172 45 4
172 47 2
173 296 1
173 298 2
173 300 2
173 45 2
173 46 2
173 47 5
173 302 4
173 301 3
173 297 4
173 303 3
174 304 5
174 305 2
174 306 2
174 307 3
174 309 2
174 310 1
174 311 4
175 47 1
175 312 5
175 313 3
175 314 1
175 316 5
175 318 1
175 319 2
176 256 3
176 257 5
176 258 5
176 259 5
176 260 3
176 261 4
176 263 5
177 264 3
177 266 5
177 267 5
177 268 1
177 269 5
177 270 2
177 271 3
178 272 5
178 278 5
178 279 4
178 274 4
178 273 3
178 275 4
178 277 1
178 276 5
179 281 2
179 282 5
179 283 1
179 284 3
179 285 3
179 286 4
179 287 2
180 288 4
180 289 1
180 290 1
180 291 3
180 292 1
180 294 1
180 295 4
180 49 3
180 50 1
180 51 5
180 53 3
180 54 1
180 55 5
181 296 2
181 297 2
181 298 4
181 299 1
181 300 3
181 301 5
181 302 2
181 303 5
181 49 1
181 50 3
181 52 4
181 53 4
181 54 2
181 55 2
182 304 4
182 310 1
182 305 3
182 307 5
182 311 5
182 48 1
182 49 3
182 306 3
182 51 4
182 52 4
182 53 2
182 54 2
182 55 3
182 308 3
182 309 1
183 312 4
183 313 1
183 314 2
183 315 1
183 316 4
183 317 1
183 318 4
183 319 1
184 256 3
184 257 2
184 260 4
184 261 1
184 262 1
184 263 1
184 56 3
184 57 4
184 58 4
184 60 4
184 61 3
184 63 2
185 264 3
185 265 3
185 266 3
185 267 4
185 268 5
185 270 5
185 271 1
185 56 1
185 57 1
185 58 2
185 59 3
185 60 1
185 61 5
185 63 5
186 272 2
186 274 2
186 275 2
186 276 1
186 277 5
186 278 1
186 279 4
186 56 1
186 58 1
186 59 1
186 60 5
186 61 1
186 62 1
186 63 5
187 283 1
187 284 5
187 285 3
187 287 3
187 280 3
187 286 3
187 281 5
187 56 5
187 57 4
187 59 4
187 60 3
187 61 1
187 62 1
187 63 2
188 288 1
188 289 4
188 291 5
188 292 5
188 293 4
188 294 5
188 295 2
188 56 4
188 57 2
188 58 1
188 59 1
188 60 1
188 61 4
188 62 1
188 63 5
189 296 2
189 297 2
189 298 2
189 299 5
189 300 1
189 301 4
189 302 1
189 303 3
189 56 5
189 57 4
189 58 3
189 59 3
189 60 2
189 61 2
189 63 3
190 304 2
190 305 4
190 306 2
190 307 2
190 308 5
190 309 4
190 310 5
190 311 5
190 56 5
190 57 5
190 58 3
190 59 3
190 60 5
190 61 3
190 62 1
190 63 2
191 317 4
191 312 5
191 318 5
191 319 1
191 313 3
191 56 2
191 57 4
191 58 5
191 314 4
191 316 2
191 61 1
191 62 3
191 63 4
192 256 3
192 261 1
192 262 1
192 257 2
192 258 2
192 259 5
192 260 1
192 263 1
193 264 2
193 265 3
193 266 2
193 267 3
193 268 5
193 269 3
193 270 1
193 271 5
194 272 2
194 273 3
194 275 4
194 276 4
194 277 5
194 278 3
194 279 3
195 280 5
195 281 1
195 282 4
195 283 5
195 284 5
195 285 4
195 286 5
195 287 4
196 290 3
196 295 2
196 289 2
196 288 5
196 294 4
196 291 2
196 292 3
196 293 4
197 296 3
197 297 1
197 298 2
197 299 4
197 300 3
197 301 3
197 302 1
197 303 5
198 304 1
198 305 3
198 306 1
198 307 2
198 308 1
198 309 3
198 310 2
198 311 4
199 312 1
199 313 5
199 314 5
199 315 1
199 316 3
199 317 5
199 318 4
199 319 5
200 256 3
200 257 3
200 258 4
200 259 2
200 260 3
200 261 3
200 262 4
200 263 4
201 267 3
201 264 4
201 269 2
201 270 2
201 268 5
201 265 5
201 271 5
201 266 5
202 272 4
202 273 4
202 274 2
202 275 4
202 276 3
202 277 2
202 278 4
202 279 2
203 280 5
203 281 3
203 282 4
203 283 5
203 284 5
203 285 2
203 286 4
203 287 3
204 288 3
204 289 4
204 290 1
204 291 3
204 292 1
204 293 1
204 294 4
204 295 2
204 72 4
204 74 1
204 75 2
204 76 1
204 77 3
204 78 4
204 79 3
205 299 4
205 75 3
205 76 2
205 77 3
205 78 4
205 79 5
205 296 5
205 302 1
205 300 3
205 301 1
205 297 1
205 303 5
205 298 3
206 304 5
206 305 3
206 306 2
206 307 4
206 308 4
206 309 1
206 310 1
206 311 5
207 312 1
207 313 1
207 314 1
207 315 4
207 316 3
207 317 3
207 318 1
207 319 2
208 256 3
208 257 5
208 258 5
208 259 5
208 260 4
208 261 3
208 262 1
208 263 4
209 264 2
209 265 5
209 266 5
209 267 4
209 268 4
209 269 4
209 270 3
209 271 3
210 272 1
210 278 4
210 273 3
210 275 1
210 279 1
210 274 1
210 276 4
210 277 5
211 280 2
211 281 2
211 282 4
211 283 2
211 284 1
211 285 1
211 286 1
211 287 2
212 288 3
212 289 5
212 290 5
212 291 2
212 292 1
212 293 2
212 294 2
212 295 2
212 80 3
212 81 2
212 82 4
212 83 2
212 84 1
212 85 4
212 86 2
213 296 3
213 297 1
213 298 4
213 299 4
213 300 2
213 301 1
213 302 5
213 303 4
213 80 2
213 81 2
213 82 5
213 83 3
213 84 1
213 85 2
213 86 5
213 87 1
214 304 4
214 310 3
214 305 3
214 307 2
214 311 4
214 306 3
214 80 5
214 81 3
214 82 3
214 83 1
214 84 2
214 85 5
214 86 5
214 87 4
214 308 2
214 309 2
215 312 5
215 313 5
215 314 3
215 315 1
215 316 3
215 317 1
215 318 1
215 319 5
216 256 4
216 257 1
216 258 5
216 259 2
216 260 2
216 261 5
216 262 1
216 263 3
216 88 2
216 89 3
216 90 1
216 91 5
216 93 5
216 94 3
216 95 2
217 264 3
217 265 3
217 266 3
217 267 4
217 268 2
217 269 2
217 270 2
217 271 2
217 88 2
217 89 4
217 90 3
217 91 4
217 92 5
217 93 4
217 94 5
217 95 2
218 272 2
218 273 4
218 274 5
218 275 4
218 276 3
218 277 3
218 278 4
218 279 3
218 88 2
218 89 4
218 90 5
218 91 4
218 92 5
218 93 5
218 94 3
218 95 1
219 282 3
219 284 4
219 285 5
219 287 4
219 280 2
219 283 2
219 286 1
219 281 4
219 88 5
219 89 4
219 90 3
219 91 5
219 92 5
219 93 3
219 94 5
219 95 3
220 288 1
220 289 1
220 290 2
220 291 4
220 292 5
220 293 2
220 294 4
220 295 5
220 88 3
220 90 2
220 91 5
220 92 1
220 93 2
220 94 4
220 95 2
221 296 3
221 297 3
221 298 1
221 299 3
221 300 1
221 301 3
221 302 2
221 303 3
221 88 5
221 89 4
221 90 1
221 91 2
221 92 5
221 93 3
221 95 5
222 304 5
222 305 1
222 306 2
222 307 4
222 308 1
222 309 5
222 310 3
222 311 3
222 89 4
222 90 4
222 91 1
222 92 3
222 93 4
222 95 2
223 315 3
223 314 1
223 316 5
223 317 1
223 312 3
223 319 1
223 313 3
223 88 1
223 89 2
223 90 2
223 91 1
223 92 2
223 93 5
223 318 4
223 95 3
224 256 1
224 262 1
224 257 2
224 258 1
224 259 1
224 260 2
224 263 2
224 261 2
225 264 5
225 265 3
225 266 2
225 267 2
225 268 4
225 269 3
225 270 4
225 271 3
226 272 3
226 273 3
226 274 5
226 275 5
226 276 2
226 277 4
226 278 3
226 279 2
227 280 2
227 281 3
227 282 5
227 283 4
227 284 4
227 285 2
227 286 1
227 287 5
228 288 4
228 290 2
228 289 5
228 294 4
228 291 5
228 292 3
228 295 3
228 293 3
229 296 5
229 297 5
229 298 3
229 299 4
229 300 1
229 301 2
229 302 5
229 303 4
230 304 4
230 305 3
230 306 4
230 307 3
230 308 4
230 309 3
230 310 5
230 311 1
231 312 2
231 313 5
231 314 4
231 315 3
231 316 1
231 317 3
231 318 2
231 319 1
232 256 3
232 257 3
232 258 2
232 259 4
232 260 1
232 261 2
232 262 5
232 263 4
233 267 1
233 264 2
233 269 2
233 270 2
233 268 5
233 265 5
233 271 2
233 266 5
234 272 5
234 273 1
234 274 4
234 275 1
234 276 3
234 277 4
234 278 1
234 279 2
235 280 5
235 281 1
235 282 4
235 283 1
235 284 2
235 285 1
235 286 3
235 287 3
236 288 1
236 289 1
236 290 2
236 291 1
236 292 1
236 293 2
236 294 3
236 295 3
236 105 2
236 106 3
236 107 2
236 108 4
236 109 2
237 299 5
237 108 2
237 109 2
237 110 4
237 111 5
237 296 5
237 302 4
237 300 4
237 301 5
237 297 2
237 303 1
237 298 1
238 304 3
238 305 3
238 306 5
238 307 3
238 308 2
238 309 5
238 310 2
238 311 5
239 312 2
239 313 5
239 314 1
239 315 3
239 316 5
239 317 1
239 318 2
239 319 1
240 256 4
240 257 2
240 258 1
240 259 4
240 260 1
240 261 5
240 262 5
240 263 4
241 264 5
241 265 3
241 266 3
241 267 2
241 268 3
241 269 1
241 270 2
241 271 2
242 272 1
242 278 1
242 273 3
242 279 1
242 274 1
242 275 3
242 276 1
242 277 3
243 280 5
243 281 1
243 282 1
243 283 2
243 284 5
243 285 5
243 286 3
243 287 4
244 288 1
244 289 3
244 290 1
244 291 2
244 292 2
244 293 3
244 294 5
244 295 4
244 112 2
244 113 5
244 114 1
244 115 1
244 116 5
244 117 2
244 118 2
244 119 2
245 296 2
245 297 1
245 298 4
245 299 2
245 300 4
245 301 2
245 302 4
245 303 3
245 112 5
245 113 5
245 115 3
245 116 2
245 117 4
245 118 3
245 119 3
246 304 4
246 310 1
246 305 5
246 307 3
246 311 3
246 306 2
246 112 1
246 113 5
246 114 4
246 115 5
246 116 1
246 117 2
246 118 2
246 119 1
246 308 2
246 309 1
247 312 2
247 313 2
247 314 1
247 315 1
247 316 4
247 317 4
247 318 2
247 319 2
248 256 4
248 257 3
248 258 2
248 259 4
248 260 5
248 261 4
248 262 5
248 263 2
248 120 3
248 121 1
248 122 3
248 124 4
248 125 4
248 126 1
249 264 3
249 265 2
249 266 2
249 267 3
249 268 1
249 269 5
249 270 4
249 271 2
249 120 4
249 121 3
249 122 3
249 123 1
249 124 4
249 125 3
249 126 2
249 127 5
250 272 2
250 273 5
250 274 2
250 275 2
250 276 3
250 277 5
250 278 2
250 279 3
250 120 1
250 121 1
250 122 1
250 123 3
250 124 5
250 126 4
250 127 1
251 282 4
251 284 4
251 285 3
251 287 4
251 280 5
251 283 2
251 286 4
251 281 3
251 120 3
251 121 4
251 122 2
251 123 5
251 124 2
251 125 1
251 126 5
251 127 1
252 288 4
252 289 4
252 290 1
252 291 4
252 292 3
252 293 3
252 294 5
252 295 2
252 120 2
252 121 4
252 122 3
252 123 4
252 124 4
252 125 3
252 126 2
252 127 3
253 296 2
253 297 3
253 298 1
253 299 5
253 300 3
253 301 5
253 302 1
253 303 4
253 120 5
253 121 3
253 122 4
253 123 3
253 124 2
253 125 2
253 126 3
253 127 3
254 304 3
254 305 1
254 306 5
254 307 3
254 308 5
254 309 4
254 310 5
254 311 5
254 120 1
254 121 1
254 122 1
254 123 4
254 124 5
254 125 5
254 126 5
254 127 2
255 315 2
255 314 2
255 316 5
255 317 2
255 312 5
255 318 5
255 319 3
255 120 5
255 313 3
255 122 2
255 123 3
255 124 4
255 125 1
255 126 2
255 127 1
256 287 2
257 309 3
258 305 2
259 290 1
260 303 4
261 279 3
262 263 5
263 266 1
264 273 1
265 308 1
266 303 2
267 275 3
268 297 1
269 273 5
270 316 2
271 283 2
272 300 2
273 312 3
274 303 3
275 287 5
276 307 1
277 296 1
278 315 5
279 289 3
280 315 1
281 319 3
282 313 1
283 286 3
284 296 5
285 308 3
286 299 3
287 319 5
288 303 5
289 298 1
290 310 3
291 298 3
292 300 2
293 307 3
294 297 4
295 310 3
296 308 2
297 301 5
298 311 4
299 306 5
300 302 3
301 302 2
302 316 5
303 312 2
304 314 1
305 315 1
306 318 2
307 317 1
308 315 4
309 314 1
310 318 5
311 313 5
312 317 1
313 317 4
314 100000 50
314 100001 50
315 100003 50
315 100004 50
315 100002 50
316 100003 50
316 100004 50
317 100000 50
317 100003 50
318 100000 50
318 100001 50
318 100002 50
318 100004 50
319 100002 50
-2 2 50
-2 4 50
-5 0 50
-5 3 50
-5 4 50
-4 1 50
-4 4 50
-3 3 50
-3 4 50
-1 0 50
-1 4 50
-1 5 50
