0 8 1
0 9 5
1 8 2
1 9 5
2 10 2
2 11 4
3 10 5
3 11 1
4 12 3
4 13 5
5 12 2
5 13 1
6 14 5
6 15 3
7 14 3
7 15 4
8 16 2
8 17 3
9 1 3
9 18 2
9 19 5
10 16 3
10 17 1
10 2 4
10 3 1
11 19 2
11 2 2
11 3 3
11 18 5
12 16 2
12 17 4
12 4 4
12 5 5
13 18 1
13 19 4
13 4 4
13 5 5
14 100001 50
14 100004 50
14 16 3
14 17 1
15 100000 50
15 100001 50
15 100002 50
15 6 3
15 7 3
15 18 4
15 19 2
16 100002 50
17 100000 50
17 100003 50
17 100004 50
18 9 5
18 11 2
18 13 1
18 15 1
19 100000 50
19 100002 50
19 100003 50
19 100004 50
19 9 5
19 11 3
19 13 5
19 15 4
-1 1 50
-1 3 50
-1 5 50
-5 1 50
-5 3 50
-5 5 50
-4 2 50
-4 4 50
-3 2 50
-3 4 50
-3 5 50
-2 1 50
-2 3 50
-2 5 50
