0 32 4
0 33 3
0 34 1
0 35 5
1 32 1
1 33 3
1 34 2
1 35 4
2 32 1
2 33 4
2 34 3
2 35 5
2 7 4
2 11 1
3 32 5
3 33 1
3 34 2
3 35 5
3 8 2
4 36 4
4 37 3
4 6 5
4 39 1
4 9 5
4 38 1
5 36 3
5 37 2
5 38 4
5 39 2
6 36 3
6 37 1
6 38 3
6 39 5
7 36 4
7 37 5
7 38 3
7 39 4
8 40 4
8 41 1
8 42 2
8 43 3
9 40 1
9 41 5
9 42 4
9 43 3
9 10 5
10 40 5
10 41 5
10 42 4
10 43 5
11 40 3
11 41 3
11 42 1
11 43 5
12 44 1
12 45 4
12 46 4
12 47 3
13 44 5
13 45 4
13 46 4
13 47 2
14 44 1
14 45 2
14 46 2
14 47 2
15 44 3
15 45 2
15 46 5
15 47 5
16 48 2
16 49 2
16 50 2
16 51 5
17 48 1
17 49 1
17 50 4
17 51 5
18 48 3
18 49 3
18 50 2
18 51 2
19 48 4
19 49 2
19 50 3
19 51 4
20 52 1
20 53 5
20 54 5
20 55 1
21 52 5
21 53 4
21 54 2
21 55 2
22 52 4
22 53 5
22 54 1
22 55 3
23 52 3
23 53 3
23 54 5
23 55 3
24 56 1
24 57 5
24 58 4
24 59 5
25 56 5
25 57 5
25 58 1
25 59 4
26 56 1
26 57 4
26 58 1
26 59 2
27 56 5
27 57 1
27 58 3
27 59 3
28 60 2
28 61 4
28 62 4
28 63 2
29 60 1
29 61 5
29 62 3
29 63 3
30 60 4
30 61 3
30 62 4
30 63 3
31 60 1
31 61 5
31 62 1
31 63 1
32 65 5
32 64 5
32 66 3
32 67 5
33 68 4
33 69 3
33 70 2
33 71 5
34 72 5
34 73 4
34 74 2
34 75 2
35 76 1
35 77 1
35 78 1
35 79 3
36 64 4
36 65 5
36 66 5
36 67 2
37 68 4
37 69 1
37 71 2
37 70 3
37 5 1
38 72 4
38 73 2
38 74 3
38 75 3
39 76 1
39 77 5
39 78 4
39 79 4
40 64 2
40 65 3
40 66 4
40 67 2
41 68 3
41 69 5
41 70 3
41 71 3
42 75 2
42 72 3
42 73 5
42 74 5
43 76 3
43 77 4
43 78 1
43 79 4
44 64 5
44 65 1
44 66 5
44 67 3
44 12 3
44 13 1
44 14 2
44 15 4
45 68 3
45 69 5
45 70 5
45 71 2
45 12 2
45 13 2
45 14 5
45 15 2
46 72 2
46 73 5
46 74 5
46 75 5
46 12 5
46 13 1
46 14 4
46 15 5
47 79 4
47 76 1
47 77 1
47 14 2
47 13 3
47 78 3
47 15 5
48 64 2
48 65 2
48 66 4
48 67 5
48 16 5
48 17 1
48 18 5
48 19 4
49 68 5
49 69 5
49 70 4
49 71 1
49 16 5
49 17 1
49 18 1
49 19 3
50 72 3
50 73 3
50 74 4
50 75 3
50 16 1
50 17 5
50 18 4
50 19 1
51 76 1
51 77 1
51 78 2
51 79 1
51 16 2
51 17 4
51 18 5
51 19 1
52 64 4
52 65 2
52 66 3
52 67 4
52 20 5
52 21 1
52 22 5
52 23 1
53 68 2
53 69 4
53 70 4
53 71 1
53 20 1
53 21 3
53 22 3
53 23 2
54 72 3
54 73 1
54 74 2
54 75 1
54 20 2
54 21 1
54 22 1
54 23 1
55 76 1
55 77 2
55 78 3
55 79 1
55 20 3
55 21 5
55 22 2
55 23 5
56 64 4
56 65 4
56 66 2
56 67 1
56 24 2
56 25 2
56 26 2
56 27 5
57 68 4
57 69 2
57 70 4
57 71 4
57 24 1
57 25 2
57 26 2
57 27 1
58 72 3
58 73 3
58 74 4
58 75 1
58 24 3
58 25 2
58 26 3
58 27 5
59 76 5
59 77 5
59 78 5
59 79 1
59 24 2
59 25 4
59 26 2
59 27 5
60 64 4
60 65 5
60 66 4
60 67 1
60 28 5
60 29 3
60 30 3
60 31 2
61 68 3
61 69 5
61 70 5
61 71 5
61 28 3
61 29 2
61 30 1
61 31 3
62 72 3
62 73 1
62 74 1
62 75 4
62 28 1
62 29 2
62 30 4
62 31 3
63 76 2
63 77 3
63 78 3
63 79 4
63 28 5
63 29 1
63 30 4
63 31 5
64 74 1
65 71 4
66 76 4
67 69 3
68 74 4
69 71 4
70 75 4
71 77 2
72 76 5
73 76 1
74 100003 50
74 100002 50
75 100001 50
75 100003 50
75 100004 50
76 78 2
77 100000 50
77 100001 50
77 100004 50
78 100002 50
78 100003 50
79 100000 50
79 100001 50
79 100002 50
79 100004 50
-1 2 50
-1 3 50
-5 0 50
-5 1 50
-5 4 50
-4 4 50
-4 5 50
-3 2 50
-3 5 50
-2 0 50
-2 5 50
