0 32 1
0 33 2
0 34 10
0 35 3
0 8 2
1 33 6
1 10 1
1 35 8
1 6 3
2 32 9
2 33 10
2 34 6
2 35 3
3 32 8
3 33 4
3 34 6
3 35 3
3 11 1
4 36 1
4 37 6
4 38 3
4 39 6
5 36 5
5 37 10
5 7 9
6 36 7
6 37 10
6 38 3
6 39 10
7 9 7
7 36 1
7 37 7
7 38 4
7 39 1
8 40 2
8 41 8
8 43 9
9 40 7
9 41 5
9 42 7
9 43 8
10 40 1
10 41 5
10 42 3
10 43 9
11 40 10
11 41 5
11 42 4
11 43 5
12 44 7
12 46 3
12 47 6
13 44 6
13 45 1
13 46 1
14 46 9
15 44 3
15 45 6
15 47 6
16 48 4
16 49 7
16 50 2
16 51 4
17 48 1
17 50 10
17 51 8
18 48 5
18 49 3
18 50 2
19 48 10
19 50 6
19 51 9
20 52 6
20 53 7
20 54 6
20 55 8
21 52 3
21 53 7
21 54 3
21 55 2
22 52 8
22 53 4
22 54 9
22 55 10
23 52 7
23 53 4
23 54 10
23 55 6
24 56 3
24 57 9
24 58 10
24 59 2
25 56 9
25 59 1
26 56 3
26 57 7
26 58 7
26 59 1
27 56 4
27 57 4
27 58 5
27 59 2
28 60 8
28 61 6
28 62 2
28 63 8
29 60 9
29 62 3
29 63 10
30 60 4
30 61 3
30 63 8
31 60 6
31 61 1
31 62 6
31 63 3
32 64 7
32 65 1
33 68 2
33 69 9
33 70 4
33 71 3
34 72 9
34 73 5
34 74 9
34 75 3
35 76 1
35 77 4
35 78 1
35 79 4
36 64 8
36 66 5
36 67 10
37 68 4
37 69 10
37 71 6
37 70 3
38 73 5
38 74 2
38 75 5
39 76 7
39 77 5
39 78 4
39 79 9
40 65 2
40 67 5
41 68 2
41 69 7
41 70 5
41 71 8
42 75 2
42 72 3
42 73 8
42 74 3
43 76 8
43 77 1
43 78 6
43 79 1
44 64 10
44 65 1
44 66 7
44 67 5
44 12 7
44 13 9
44 15 7
45 68 9
45 69 10
45 70 2
45 71 10
45 13 5
45 15 8
46 72 9
46 73 9
46 74 9
46 75 1
46 12 10
46 13 5
46 14 8
47 79 3
47 12 2
47 77 4
47 78 4
47 15 7
48 64 9
48 65 6
48 66 10
48 67 10
48 16 6
48 17 4
48 18 10
48 19 8
49 68 6
49 69 10
49 70 6
49 71 7
49 16 1
49 18 3
50 72 10
50 73 3
50 74 9
50 75 7
50 16 2
50 17 2
50 18 9
50 19 4
51 76 4
51 77 7
51 78 10
51 79 7
51 16 3
51 17 10
51 19 7
52 64 9
52 65 6
52 66 9
52 67 3
52 20 2
52 21 5
52 22 2
52 23 5
53 68 2
53 69 5
53 70 7
53 71 2
53 20 1
53 21 10
53 22 2
53 23 5
54 72 9
54 73 4
54 74 7
54 75 5
54 20 8
54 21 2
54 22 10
54 23 2
55 76 4
55 77 5
55 78 9
55 79 8
55 20 4
55 21 1
55 22 7
55 23 2
56 64 9
56 65 1
56 66 7
56 67 6
56 24 2
56 25 6
56 26 8
56 27 4
57 68 5
57 69 1
57 70 2
57 71 8
57 24 5
57 26 1
57 27 1
58 72 6
58 73 10
58 74 4
58 75 2
58 24 1
58 26 10
58 27 8
59 76 3
59 77 10
59 78 1
59 79 5
59 24 2
59 25 4
59 26 2
59 27 1
60 64 5
60 65 9
60 66 7
60 67 1
60 28 7
60 29 3
60 30 5
60 31 1
61 68 4
61 69 9
61 70 9
61 71 2
61 28 6
61 30 6
61 31 6
62 72 5
62 73 7
62 74 9
62 75 9
62 28 7
62 29 8
62 31 2
63 76 4
63 77 4
63 78 7
63 79 10
63 28 8
63 29 1
63 30 7
63 31 4
64 75 10
65 77 5
66 76 6
67 69 3
68 78 3
69 71 3
70 71 9
71 77 5
72 76 7
73 79 6
74 100000 100
74 100004 100
74 100002 100
75 100000 100
75 100001 100
75 100002 100
76 100000 100
76 100004 100
77 100001 100
77 100003 100
78 100002 100
78 100003 100
79 100001 100
79 100004 100
-1 0 100
-1 3 100
-5 2 100
-5 3 100
-4 1 100
-4 2 100
-4 4 100
-3 1 100
-3 2 100
-2 0 100
-2 1 100
-2 5 100
