0 32 10
0 33 4
0 34 8
0 35 10
1 32 3
1 33 10
1 34 2
1 35 9
2 32 9
2 33 10
2 34 3
2 35 3
2 7 6
3 32 9
3 33 1
3 34 7
3 35 3
4 36 6
4 37 10
4 6 7
4 39 2
4 9 4
4 38 1
5 36 7
5 37 3
5 38 2
5 39 3
6 36 2
6 37 6
6 38 4
6 39 7
7 36 4
7 37 2
7 38 4
7 39 7
7 8 6
7 10 8
7 11 3
8 40 10
8 41 4
8 42 5
8 43 6
9 40 8
9 41 6
9 42 6
9 43 1
10 40 3
10 41 7
10 42 8
10 43 5
11 40 10
11 41 5
11 42 5
11 43 7
12 44 6
12 45 10
12 46 8
12 47 9
13 44 10
13 45 5
13 46 1
13 47 5
14 44 4
14 45 6
14 46 1
14 47 1
15 44 8
15 45 9
15 46 6
15 47 10
16 48 10
16 49 4
16 50 9
16 51 2
17 48 6
17 49 9
17 50 6
17 51 7
18 48 2
18 49 5
18 50 10
18 51 10
19 48 1
19 49 1
19 50 8
19 51 8
20 52 10
20 53 3
20 54 1
20 55 1
21 52 8
21 53 7
21 54 9
21 55 2
22 52 4
22 53 4
22 54 8
22 55 4
23 52 6
23 53 7
23 54 2
23 55 8
24 56 7
24 57 9
24 58 4
24 59 1
25 56 2
25 57 2
25 58 2
25 59 6
26 56 3
26 57 8
26 58 9
26 59 10
27 56 1
27 57 4
27 58 4
27 59 2
28 60 4
28 61 3
28 62 9
28 63 2
29 60 1
29 61 10
29 62 2
29 63 3
30 60 3
30 61 8
30 62 5
30 63 8
31 60 2
31 61 8
31 62 6
31 63 8
32 65 7
32 64 5
32 66 10
32 67 9
33 68 9
33 69 2
33 70 9
33 71 6
34 72 6
34 73 5
34 74 2
34 75 5
35 76 8
35 77 7
35 78 5
35 79 6
36 64 10
36 65 9
36 66 5
36 67 10
37 68 6
37 69 5
37 71 2
37 4 6
37 70 1
37 5 8
38 72 9
38 73 4
38 74 6
38 75 10
39 76 5
39 77 3
39 78 6
39 79 7
40 64 5
40 65 1
40 66 9
40 67 2
41 68 5
41 69 3
41 70 6
41 71 1
42 75 9
42 72 10
42 73 6
42 74 3
43 76 5
43 77 5
43 78 2
43 79 6
44 64 7
44 65 7
44 66 3
44 67 9
44 12 5
44 13 2
44 14 5
44 15 6
45 68 7
45 69 5
45 70 2
45 71 8
45 12 4
45 13 2
45 14 6
45 15 10
46 72 10
46 73 4
46 74 10
46 75 10
46 12 3
46 13 2
46 14 6
46 15 5
47 79 7
47 76 3
47 77 2
47 14 9
47 13 6
47 78 1
47 15 7
48 64 3
48 65 8
48 66 2
48 67 3
48 16 8
48 17 2
48 18 7
48 19 5
49 68 8
49 69 8
49 70 2
49 71 5
49 16 9
49 17 10
49 18 8
49 19 5
50 72 2
50 73 4
50 74 9
50 75 2
50 16 7
50 17 8
50 18 9
50 19 6
51 76 6
51 77 5
51 78 6
51 79 9
51 16 6
51 17 4
51 18 9
51 19 2
52 64 10
52 65 3
52 66 2
52 67 2
52 20 5
52 21 4
52 22 8
52 23 8
53 68 5
53 69 7
53 70 8
53 71 8
53 20 8
53 21 5
53 22 7
53 23 7
54 72 7
54 73 4
54 74 3
54 75 8
54 20 3
54 21 6
54 22 5
54 23 5
55 76 5
55 77 7
55 78 10
55 79 9
55 20 7
55 21 1
55 22 1
55 23 5
56 64 2
56 65 2
56 66 1
56 67 6
56 24 7
56 25 5
56 26 2
56 27 4
57 68 1
57 69 10
57 70 1
57 71 3
57 24 5
57 25 7
57 26 1
57 27 2
58 72 1
58 73 1
58 74 1
58 75 3
58 24 7
58 25 2
58 26 10
58 27 7
59 76 7
59 77 3
59 78 8
59 79 7
59 24 2
59 25 9
59 26 4
59 27 7
60 64 10
60 65 4
60 66 8
60 67 3
60 28 10
60 29 9
60 30 10
60 31 9
61 68 9
61 69 1
61 70 2
61 71 10
61 28 2
61 29 5
61 30 6
61 31 3
62 72 3
62 73 2
62 74 1
62 75 8
62 28 3
62 29 3
62 30 2
62 31 3
63 76 6
63 77 3
63 78 10
63 79 7
63 28 3
63 29 4
63 30 10
63 31 5
64 77 2
65 72 8
66 77 6
67 69 7
68 77 2
69 75 9
70 71 3
71 76 1
72 78 4
73 77 3
74 100000 100
74 100004 100
75 100003 100
76 100001 100
76 100002 100
76 100004 100
77 100003 100
78 100000 100
78 100002 100
78 100004 100
78 100003 100
79 100001 100
79 100002 100
-1 0 100
-1 2 100
-5 2 100
-5 3 100
-4 0 100
-4 1 100
-4 3 100
-3 0 100
-3 4 100
-3 5 100
-2 0 100
-2 1 100
-2 4 100
