0 8 4
0 9 3
2 10 2
3 11 7
4 12 8
4 13 1
5 12 1
6 14 9
6 15 8
7 14 4
7 15 4
8 11 6
9 19 8
10 16 7
10 17 2
10 2 7
11 19 1
11 18 8
11 3 8
12 16 1
12 17 2
12 4 9
12 5 2
13 100000 100
13 100001 100
13 18 1
13 19 6
13 4 8
14 100000 100
14 100001 100
14 100004 100
14 6 4
14 7 5
14 16 6
14 17 5
15 100002 100
15 100003 100
15 100004 100
15 6 8
15 7 4
15 18 7
15 19 4
16 10 4
16 100003 100
16 12 7
16 14 2
17 100000 100
17 10 8
17 12 4
17 100002 100
17 14 6
18 100003 100
18 100001 100
18 11 4
18 13 6
18 15 7
19 11 3
19 13 3
19 15 8
-1 3 100
-1 4 100
-1 5 100
-5 1 100
-5 3 100
-4 4 100
-4 5 100
-3 1 100
-3 2 100
-3 5 100
-2 2 100
-2 3 100
-2 4 100
