0 32 2
0 33 4
0 35 3
2 34 5
2 10 2
3 33 2
3 34 1
3 35 2
4 37 1
4 39 1
5 8 2
5 37 5
5 38 4
6 36 1
6 38 3
7 36 2
7 37 4
7 38 1
7 39 2
8 41 5
8 43 5
9 42 1
9 43 1
10 41 4
11 40 1
12 46 2
12 47 1
13 45 1
13 47 5
14 44 1
14 47 5
15 45 1
16 48 1
16 49 4
16 50 4
16 51 3
17 49 1
17 50 3
17 51 5
18 48 5
18 49 2
18 50 1
19 51 4
20 53 5
20 54 5
20 55 2
21 53 2
21 54 5
21 55 4
22 52 3
22 53 3
22 54 4
22 55 5
23 52 2
23 53 3
23 54 3
23 55 3
24 56 4
24 57 3
24 58 1
25 56 5
25 57 3
25 59 1
26 56 4
26 58 3
26 59 2
27 56 5
27 58 4
27 59 4
28 62 5
28 63 5
29 60 3
29 61 5
29 62 5
29 63 1
30 60 2
30 61 4
30 62 4
31 63 2
32 64 3
32 67 1
32 65 3
33 68 5
33 69 5
33 70 2
33 71 2
34 72 5
34 73 5
34 2 5
34 3 3
34 74 4
35 76 3
35 77 1
35 79 4
36 64 5
36 65 5
36 67 3
36 6 5
36 7 1
37 68 4
37 70 5
37 7 2
37 71 2
37 4 5
37 69 5
38 6 1
38 7 2
38 72 1
38 73 2
38 74 1
38 75 4
39 76 5
39 77 4
39 78 1
39 7 1
40 64 3
40 65 3
40 66 3
40 11 5
40 67 5
41 68 2
41 70 3
41 71 2
42 72 5
42 9 5
42 75 4
42 73 2
43 76 4
43 78 4
43 79 3
44 64 3
44 66 1
44 67 1
44 14 3
45 71 4
45 13 1
45 69 2
45 15 3
46 72 1
46 73 1
46 74 2
46 75 5
46 12 1
47 77 5
47 12 2
47 76 3
47 13 5
47 14 3
47 79 5
48 64 1
48 18 5
48 67 5
48 66 5
49 68 4
49 69 4
49 70 5
49 71 4
49 16 5
49 17 1
49 18 3
50 72 3
50 73 5
50 74 3
50 75 3
50 16 2
50 17 2
50 18 1
51 76 5
51 77 3
51 78 4
51 79 4
51 16 4
51 17 4
51 19 1
52 64 4
52 65 5
52 66 5
52 67 2
52 22 3
52 23 3
53 68 3
53 69 5
53 70 4
53 71 5
53 20 2
53 21 3
53 22 1
53 23 2
54 72 2
54 73 2
54 74 3
54 75 3
54 20 1
54 21 3
54 22 2
54 23 4
55 76 3
55 77 5
55 78 4
55 79 2
55 20 4
55 21 1
55 22 1
55 23 5
56 64 3
56 65 3
56 66 2
56 67 3
56 24 5
56 25 2
56 26 5
56 27 5
57 68 4
57 69 3
57 70 5
57 71 1
57 24 4
57 25 3
58 72 1
58 73 1
58 74 3
58 75 3
58 24 5
58 26 2
58 27 5
59 76 3
59 77 3
59 78 2
59 79 1
59 25 2
59 26 2
59 27 5
60 64 2
60 65 5
60 66 5
60 67 1
60 29 2
60 30 2
61 68 5
61 69 4
61 70 4
61 71 2
61 29 4
61 30 1
62 72 4
62 73 3
62 74 1
62 75 4
62 28 4
62 29 2
62 30 2
63 76 2
63 77 4
63 78 2
63 79 1
63 28 4
63 29 4
63 31 2
64 76 3
65 71 1
66 40 5
66 44 1
66 48 1
66 52 5
66 56 2
66 60 3
67 40 3
67 44 3
67 48 1
67 52 4
67 56 2
67 60 1
68 69 5
69 77 5
70 78 2
71 37 1
71 41 3
71 45 1
71 49 4
71 53 3
71 57 1
71 61 5
72 42 3
72 46 2
72 50 4
72 54 2
72 58 1
72 62 2
73 34 3
73 38 2
73 42 3
73 100002 50
73 46 5
73 50 2
73 54 1
73 58 4
73 62 5
74 34 2
74 38 1
74 46 5
74 50 5
74 54 1
74 58 4
74 62 1
75 100000 50
75 100004 50
75 38 4
75 42 5
75 46 3
75 50 2
75 54 1
75 58 4
75 62 1
76 100000 50
76 100001 50
76 100002 50
76 100004 50
76 100003 50
77 100000 50
77 100001 50
77 100004 50
77 100003 50
79 35 3
79 43 4
79 47 4
79 51 3
79 55 1
79 59 2
79 63 2
-1 1 50
-1 3 50
-5 2 50
-5 4 50
-4 0 50
-4 5 50
-3 1 50
-3 3 50
-2 3 50
-2 5 50
