0 32 2
0 33 2
0 35 10
2 34 2
3 33 2
3 34 3
3 35 6
4 8 10
4 10 8
4 37 4
4 6 7
4 39 6
5 37 1
5 38 3
6 36 2
6 38 6
7 36 2
7 37 8
7 38 10
7 39 1
8 41 9
8 43 6
9 42 4
9 43 7
10 41 3
11 40 9
12 46 3
12 47 4
13 45 2
13 47 2
14 44 7
14 47 3
15 45 9
16 48 9
16 49 9
16 50 10
16 51 7
17 49 6
17 50 3
17 51 9
18 48 7
18 49 7
18 50 10
19 51 8
20 53 9
20 54 1
20 55 8
21 53 3
21 54 10
21 55 4
22 52 6
22 53 6
22 54 10
22 55 7
23 52 4
23 53 3
23 54 9
23 55 7
24 56 1
24 57 2
24 58 3
25 56 3
25 57 1
25 59 3
26 56 1
26 58 5
26 59 2
27 56 9
27 58 9
27 59 10
28 62 2
28 63 8
29 60 4
29 61 2
29 62 5
29 63 6
30 60 9
30 61 4
30 62 10
31 63 6
32 64 7
32 67 9
32 65 5
33 68 8
33 69 6
33 70 2
33 71 5
34 72 2
34 73 8
34 2 2
34 3 8
34 74 1
35 76 10
35 77 5
35 79 10
36 64 1
36 65 1
36 67 7
37 68 8
37 70 3
37 71 7
37 69 10
38 72 10
38 73 7
38 74 10
38 75 4
39 76 1
39 77 10
39 78 2
39 7 9
40 64 1
40 65 7
40 66 3
40 11 7
40 67 10
41 68 1
41 70 9
41 71 5
42 72 7
42 9 1
42 75 3
42 73 8
43 76 1
43 78 6
43 79 4
44 64 1
44 66 8
44 67 3
44 14 3
45 71 5
45 13 2
45 69 5
45 15 3
46 72 2
46 73 4
46 74 6
46 75 2
46 12 7
47 77 4
47 76 9
47 13 6
47 14 9
47 79 3
48 64 8
48 67 9
48 66 3
49 68 6
49 69 10
49 70 10
49 71 4
49 16 7
49 17 10
49 18 10
50 72 4
50 73 9
50 74 1
50 75 7
50 16 6
50 17 5
50 18 1
51 76 9
51 77 7
51 78 3
51 79 2
51 16 5
51 17 5
51 19 2
52 64 10
52 65 1
52 66 5
52 67 10
52 22 10
52 23 8
53 68 3
53 69 4
53 70 9
53 71 8
53 20 1
53 21 6
53 22 9
53 23 8
54 72 2
54 73 3
54 74 10
54 75 10
54 20 2
54 21 9
54 22 4
54 23 4
55 76 9
55 77 5
55 78 8
55 79 4
55 20 10
55 21 4
55 22 9
55 23 9
56 64 4
56 65 2
56 66 3
56 67 10
56 24 7
56 25 9
56 26 1
56 27 6
57 68 2
57 69 10
57 70 5
57 71 5
57 24 10
57 25 4
58 72 7
58 73 3
58 74 5
58 75 2
58 24 9
58 26 6
58 27 5
59 76 2
59 77 1
59 78 9
59 79 5
59 25 5
59 26 7
59 27 2
60 64 4
60 65 7
60 66 7
60 67 7
60 29 2
60 30 1
61 68 6
61 69 10
61 70 3
61 71 7
61 29 7
61 30 8
62 72 6
62 73 1
62 74 10
62 75 2
62 28 10
62 29 3
62 30 4
63 76 6
63 77 7
63 78 9
63 79 1
63 28 6
63 29 2
63 31 6
64 77 10
65 78 5
66 67 4
67 68 6
68 69 10
69 70 1
70 76 2
71 78 1
72 76 2
73 42 4
73 46 7
73 50 2
73 54 4
73 58 2
73 62 8
74 100000 100
74 100001 100
74 34 10
74 100003 100
74 38 8
74 46 4
74 50 3
74 54 1
74 58 8
74 62 10
75 100000 100
75 100001 100
75 100002 100
75 100004 100
75 38 3
75 42 4
75 46 4
75 50 5
75 54 2
75 58 8
75 62 9
76 100002 100
76 100004 100
76 100003 100
77 100004 100
78 100000 100
78 100003 100
-1 3 100
-1 5 100
-5 2 100
-5 4 100
-4 3 100
-4 5 100
-3 0 100
-3 3 100
-2 3 100
-2 4 100
-2 5 100
