0 32 3
1 33 10
1 34 10
1 35 10
2 33 10
2 10 1
2 19 10
3 34 10
4 36 3
4 39 1
5 39 8
6 37 10
6 38 5
7 9 8
8 40 7
8 41 5
8 42 5
8 43 5
9 42 8
10 41 6
11 41 2
11 43 2
12 44 3
12 47 10
13 47 9
15 25 10
15 47 4
19 51 7
20 52 6
20 55 7
21 49 4
21 53 10
22 45 6
22 53 10
22 55 8
23 52 4
23 55 7
24 56 1
25 57 3
25 58 6
26 56 9
26 57 7
27 56 5
27 57 3
28 48 10
28 50 3
28 60 6
28 61 9
29 62 4
30 60 4
31 61 4
31 63 5
32 64 10
32 66 5
33 68 9
33 69 6
34 75 8
34 3 3
34 73 8
35 1 5
35 77 9
36 53 7
37 68 7
37 69 7
37 6 5
37 71 10
38 74 8
38 75 5
38 6 10
39 4 3
39 5 4
39 79 10
40 65 5
40 67 10
41 68 5
41 69 2
41 70 3
42 74 2
42 72 8
42 73 4
43 8 1
43 11 1
43 76 3
43 78 9
44 64 3
44 65 3
44 12 6
44 46 1
45 69 4
45 70 1
46 73 4
46 74 8
47 12 5
47 13 3
47 77 6
47 15 4
48 64 10
48 65 3
48 66 7
49 71 9
50 73 3
50 74 6
51 78 7
51 79 4
52 64 4
52 65 7
52 66 6
52 67 7
52 20 3
52 23 6
53 71 7
53 70 8
53 21 1
53 22 7
53 69 3
54 72 1
54 73 10
54 75 10
55 76 6
55 77 9
55 78 10
55 79 6
55 20 6
55 22 7
55 23 2
56 64 3
56 65 4
56 66 8
56 67 5
56 24 10
56 26 6
56 27 7
57 68 4
57 69 1
57 70 10
57 71 5
57 27 1
58 72 8
58 74 2
58 75 1
58 73 3
59 76 10
59 77 5
59 78 1
59 79 10
60 64 5
60 65 3
60 66 8
60 67 3
60 28 2
60 30 6
61 68 4
61 69 7
61 70 4
61 71 5
61 28 1
61 31 5
62 72 9
62 73 4
62 74 6
62 75 4
62 29 7
63 79 4
63 76 5
63 77 6
63 78 8
63 31 5
64 67 10
65 68 4
66 73 7
67 68 4
68 70 4
69 100004 100
70 100000 100
70 100001 100
70 100002 100
70 100004 100
71 100001 100
71 100002 100
71 100003 100
72 100000 100
72 100003 100
73 100000 100
73 100004 100
74 100001 100
74 100002 100
74 58 8
74 62 1
75 58 9
75 54 7
75 38 3
76 43 1
76 63 7
76 55 5
77 55 4
77 35 2
77 63 6
77 59 8
77 47 10
78 43 7
78 63 1
78 59 6
78 55 10
79 55 2
79 51 4
79 63 3
79 59 10
79 39 2
-1 0 100
-1 2 100
-5 0 100
-5 3 100
-5 5 100
-4 1 100
-4 2 100
-4 5 100
-3 2 100
-3 3 100
-3 4 100
-2 2 100
-2 3 100
-2 5 100
