0 32 4
0 49 4
1 33 5
1 34 2
1 35 3
2 33 3
3 9 3
3 34 2
4 36 3
4 39 3
5 39 5
6 37 2
6 38 4
8 40 4
8 41 3
8 42 2
8 43 1
8 19 2
9 42 5
10 41 4
11 41 5
11 43 4
12 48 2
12 25 5
12 44 5
12 47 4
13 47 4
15 47 3
17 45 5
19 51 3
20 52 5
20 55 5
21 53 1
22 53 5
22 55 4
23 52 1
23 55 2
24 56 3
25 57 5
25 58 1
26 56 4
26 57 1
27 56 2
27 57 4
28 60 4
28 61 1
29 62 1
30 60 5
31 61 2
31 63 3
32 64 5
32 66 4
33 68 3
33 69 5
34 75 3
34 3 2
34 73 2
35 1 1
35 77 4
36 37 3
37 68 2
37 69 5
37 6 1
37 71 2
38 74 2
38 75 5
38 6 2
39 4 4
39 5 1
39 79 1
40 65 4
40 67 1
41 68 3
41 69 1
41 70 4
41 8 4
41 10 1
41 11 2
41 46 4
42 74 2
42 72 1
42 73 1
43 8 4
43 11 3
43 76 5
43 78 5
44 64 1
44 65 1
44 12 2
45 69 3
45 70 1
46 73 3
46 74 4
47 12 1
47 13 2
47 77 3
47 15 5
48 64 2
48 65 2
48 66 4
49 71 4
50 73 5
50 74 4
51 78 1
51 79 1
52 64 5
52 65 1
52 66 2
52 67 1
52 20 5
52 23 2
53 71 4
53 70 1
53 21 3
53 22 4
53 69 3
54 72 5
54 73 2
54 75 1
55 76 1
55 77 3
55 78 5
55 79 3
55 20 3
55 22 3
55 23 5
56 64 3
56 65 2
56 66 3
56 67 3
56 24 4
56 26 4
56 27 2
57 68 3
57 69 4
57 70 3
57 71 1
57 27 5
58 72 3
58 74 2
58 75 4
58 73 5
59 76 3
59 77 4
59 78 2
59 79 5
60 64 5
60 65 4
60 66 1
60 67 5
60 28 2
60 30 1
61 68 3
61 69 4
61 70 2
61 71 1
61 28 1
61 31 3
62 72 4
62 73 3
62 74 5
62 75 2
62 29 4
63 79 5
63 76 5
63 77 2
63 78 4
63 31 3
64 65 5
65 69 3
66 73 1
67 40 5
67 56 5
67 52 2
67 60 5
68 71 3
69 100000 50
69 100002 50
69 100003 50
70 72 3
71 72 5
72 100001 50
72 100002 50
73 100001 50
73 100003 50
73 100004 50
73 100002 50
74 100000 50
74 100003 50
74 100004 50
74 50 3
74 58 5
74 62 1
75 58 2
75 54 1
75 38 1
76 43 3
76 63 5
76 55 3
77 55 3
77 35 5
77 63 1
77 59 4
77 47 3
78 43 3
78 63 2
78 59 1
78 55 1
79 55 2
79 51 5
79 63 2
79 59 2
79 39 1
-1 4 50
-1 5 50
-5 1 50
-5 2 50
-4 0 50
-4 4 50
-4 5 50
-3 4 50
-3 5 50
-2 2 50
-2 3 50
