0 133 4
0 135 3
1 32 2
1 96 4
1 133 2
1 135 2
2 128 1
2 129 5
2 130 4
2 132 3
2 133 4
2 6 2
2 135 3
3 129 1
3 130 1
3 132 4
3 9 3
4 129 2
4 130 1
4 131 5
4 133 3
4 135 3
4 40 3
5 128 5
5 129 3
5 132 3
5 133 4
5 135 4
6 128 1
6 129 4
6 130 4
6 131 1
6 133 2
6 135 2
7 130 3
7 131 2
7 132 2
7 133 5
7 135 3
7 8 3
7 36 2
8 137 3
8 139 2
8 142 1
8 35 4
9 45 2
9 141 4
9 142 1
9 143 3
10 136 1
10 137 1
10 138 1
10 140 1
10 143 3
11 136 5
11 138 5
11 139 3
11 140 3
11 34 5
12 138 5
12 140 2
12 141 2
12 142 5
12 143 1
13 136 2
13 137 2
13 139 5
13 142 2
14 138 2
14 139 5
14 140 2
14 142 5
14 143 4
15 137 2
15 138 1
15 140 4
15 142 2
16 68 2
16 145 3
16 146 3
16 147 3
16 149 4
16 150 3
17 144 2
17 145 1
17 146 2
17 148 4
17 149 4
18 144 3
18 146 5
18 147 5
18 148 4
19 144 4
19 145 2
19 150 5
19 151 4
20 144 1
20 150 1
20 151 1
21 144 4
21 145 2
21 150 3
21 151 3
22 150 3
23 37 1
23 145 1
23 146 4
23 148 3
23 150 5
23 151 5
24 153 1
24 157 5
24 159 1
25 154 1
25 156 5
25 157 4
25 158 2
26 153 4
26 154 3
26 155 4
26 157 3
26 158 2
26 159 3
27 155 2
27 156 3
27 158 1
28 43 5
28 152 2
28 154 4
28 155 4
28 156 4
28 158 5
29 33 3
29 155 1
29 156 4
29 157 3
29 159 5
30 152 2
30 155 2
30 156 3
30 157 3
31 73 5
31 152 3
31 153 2
31 154 4
31 157 5
31 158 1
31 159 5
32 160 4
32 164 5
32 165 2
32 167 1
33 160 4
33 66 2
33 163 5
33 164 3
33 165 4
33 166 4
33 167 3
34 160 4
34 161 2
34 163 3
34 165 1
34 166 2
34 167 5
34 107 3
35 162 1
35 163 4
35 164 2
36 161 2
36 163 1
36 165 3
36 166 1
36 167 1
37 160 5
37 161 2
37 163 5
37 166 4
37 167 1
38 160 5
38 41 1
38 164 1
38 166 3
38 167 3
39 160 3
39 161 2
39 162 4
39 163 5
39 164 5
39 166 2
39 49 1
39 67 1
40 169 4
40 170 2
40 171 1
41 168 2
41 169 5
41 170 1
41 171 5
41 75 1
42 170 5
42 171 1
42 172 4
42 173 3
42 175 1
43 168 4
43 173 4
43 174 4
43 175 4
44 170 1
44 172 1
44 173 1
44 174 2
45 168 4
45 169 5
45 170 5
45 174 4
46 168 4
46 170 2
46 171 3
46 172 3
46 173 2
46 174 5
46 175 2
47 64 1
47 168 5
47 171 5
47 172 2
47 173 5
47 175 5
48 71 1
48 177 4
48 179 3
48 180 1
48 182 4
48 183 2
49 179 5
49 181 4
49 70 5
49 183 3
50 176 3
50 177 2
50 178 1
50 179 3
50 180 4
50 182 4
51 176 2
51 177 3
51 180 4
51 182 4
51 183 2
51 52 2
52 176 3
52 179 3
52 69 1
53 105 2
53 179 3
53 180 5
53 181 1
53 183 3
54 177 4
54 178 3
54 180 3
54 183 3
55 176 4
55 177 3
55 178 4
55 179 2
55 180 1
55 181 2
56 72 4
56 186 2
56 187 3
56 189 1
56 190 5
57 65 5
57 184 4
57 185 5
57 186 4
57 187 2
57 188 4
57 189 5
58 134 5
58 184 4
58 185 1
58 187 4
58 189 5
58 191 1
59 187 2
59 188 1
60 184 1
60 187 5
60 188 1
60 189 2
60 190 4
60 191 2
61 97 4
61 184 5
61 186 4
61 187 2
61 188 2
61 189 1
62 184 1
62 185 2
62 186 2
62 187 4
62 189 1
62 190 3
62 191 5
63 184 5
63 185 5
63 187 1
63 188 3
63 189 3
63 190 3
64 193 5
64 195 2
64 196 1
64 197 5
64 198 5
64 199 3
64 110 2
65 192 3
65 195 3
65 198 2
65 199 4
66 193 2
66 194 4
66 195 1
66 197 2
66 198 3
67 194 2
67 195 3
67 197 4
67 199 2
68 194 1
68 196 1
68 198 4
68 199 3
69 196 5
69 197 5
70 196 5
70 197 4
70 198 2
70 199 1
71 192 5
71 194 1
71 196 5
71 197 4
71 198 5
71 199 2
72 201 2
72 202 4
72 203 5
72 206 5
72 207 3
73 200 1
73 201 2
73 205 1
73 206 4
73 207 5
74 200 3
74 201 3
74 202 3
74 203 4
74 204 1
74 205 4
74 206 5
74 207 4
75 200 2
75 202 2
75 205 2
75 206 2
75 207 3
76 201 3
76 202 1
76 203 4
76 204 2
76 205 5
76 206 5
76 207 1
77 98 4
77 200 2
77 201 5
77 202 3
77 203 4
77 205 5
77 206 3
77 207 4
78 204 5
78 205 5
78 207 1
79 201 3
79 202 2
79 203 3
79 204 3
79 206 5
79 207 5
80 208 4
80 209 1
80 210 4
80 211 3
80 212 3
80 213 2
80 215 3
81 208 5
81 209 3
81 211 2
81 213 2
82 209 1
82 211 4
82 213 5
82 214 4
83 209 4
83 212 3
83 215 4
84 208 2
84 210 4
84 212 1
84 214 3
84 215 5
85 208 3
85 209 2
85 210 5
85 212 4
85 214 2
85 215 4
86 208 1
86 209 4
86 210 1
86 211 5
86 212 2
86 213 1
87 209 2
87 210 2
87 211 5
87 212 1
87 213 5
87 214 4
87 215 1
88 217 3
88 218 1
88 219 3
88 220 3
88 221 1
88 222 3
89 216 1
89 217 2
89 218 1
89 219 2
89 222 3
89 223 1
90 216 2
90 218 4
90 219 5
90 220 5
90 221 4
90 222 2
90 223 5
91 99 5
91 216 5
91 217 4
91 218 2
91 219 3
91 220 3
91 221 5
91 223 5
92 216 4
92 217 2
92 218 3
92 219 3
92 220 4
92 221 5
92 223 5
93 217 3
93 218 4
93 219 5
93 220 1
93 221 2
93 222 5
93 223 4
94 216 5
94 218 5
94 219 3
94 220 3
94 221 2
94 223 4
95 216 1
95 217 2
95 218 1
95 219 2
95 220 1
95 221 1
95 222 4
96 224 4
96 225 4
96 228 1
96 230 2
96 231 4
97 225 1
97 226 1
97 227 1
97 229 2
97 230 5
97 231 3
98 225 5
98 226 1
98 227 1
98 228 2
98 229 5
98 230 4
99 224 2
99 226 1
99 227 4
99 228 1
99 229 4
99 231 2
100 224 3
100 225 3
100 226 3
100 227 2
100 228 2
100 229 3
100 230 4
101 224 3
101 225 5
101 226 5
101 227 4
101 228 5
101 229 1
101 230 2
101 231 4
102 224 3
102 225 3
102 226 3
102 227 2
102 228 4
102 229 2
103 224 4
103 225 1
103 226 3
103 227 2
103 228 1
103 230 2
103 231 2
104 233 2
104 234 4
104 236 3
104 237 4
105 233 5
105 234 5
105 239 2
106 232 5
106 233 4
106 235 5
106 236 1
106 237 1
106 239 3
107 232 4
107 233 2
107 234 1
107 235 5
107 237 3
107 238 4
108 234 1
108 235 5
108 236 4
108 239 2
109 232 5
109 235 5
109 237 4
109 238 5
109 239 4
110 232 1
110 238 5
110 239 2
111 232 4
111 234 3
111 235 5
111 237 5
111 238 5
111 239 3
112 240 2
112 242 5
112 244 4
112 245 5
112 246 3
113 240 4
113 241 4
113 242 2
113 243 2
113 244 5
113 245 1
113 246 2
114 240 4
114 241 4
114 243 2
114 244 5
114 245 4
114 246 5
115 240 5
115 241 4
115 242 4
115 243 2
115 244 1
115 245 3
115 246 1
115 247 3
116 240 5
116 242 3
116 243 3
116 244 3
116 245 1
116 246 5
117 240 1
117 241 3
117 242 1
117 243 5
117 245 4
117 246 2
117 247 3
118 240 3
118 241 3
118 242 5
118 245 3
118 246 1
118 247 4
119 240 2
119 241 2
119 242 1
119 243 1
119 245 5
120 248 2
120 249 1
120 250 1
120 251 1
120 252 4
120 253 5
120 254 1
121 248 3
121 249 4
121 250 3
121 251 4
121 252 3
121 253 3
121 254 1
121 255 4
122 248 3
122 249 2
122 250 1
122 251 5
122 252 2
122 253 1
122 254 4
122 255 4
123 248 4
123 250 2
123 251 3
123 252 4
123 253 5
123 254 1
123 255 4
124 248 5
124 249 1
124 254 4
124 255 1
125 248 1
125 249 4
125 250 4
125 252 1
125 253 1
125 254 1
125 255 4
126 248 1
126 249 1
126 250 3
126 251 2
126 252 2
126 253 1
126 254 5
126 255 1
127 248 2
127 249 3
127 250 2
127 252 3
127 254 2
127 255 2
128 256 3
128 257 2
128 260 5
128 263 4
128 262 4
128 258 2
128 261 4
129 264 1
129 265 4
129 267 4
129 269 2
129 270 1
129 271 4
130 272 4
130 273 1
130 274 4
130 275 3
130 276 4
130 277 1
130 278 1
131 280 1
131 281 4
131 282 4
131 284 4
131 285 4
131 287 1
132 288 5
132 289 4
132 292 4
132 5 2
132 7 1
132 295 2
132 290 1
132 291 3
132 293 5
133 296 3
133 298 2
133 299 4
133 300 2
133 301 2
133 302 2
134 304 2
134 305 1
134 306 2
134 307 4
134 308 1
134 309 5
134 311 1
135 312 3
135 313 5
135 314 3
135 315 3
135 316 1
135 317 5
135 319 3
136 256 3
136 257 3
136 258 3
136 259 1
136 260 5
136 261 2
136 262 4
136 263 2
137 265 5
137 267 4
137 270 4
137 264 2
137 271 5
138 272 3
138 273 5
138 274 5
138 275 1
138 278 5
139 13 5
139 14 2
139 280 5
139 281 2
139 282 1
139 283 2
139 285 2
139 286 1
139 287 1
140 288 1
140 289 4
140 290 5
140 291 4
140 292 4
140 293 5
140 294 5
140 295 2
140 10 2
140 11 4
140 12 4
140 14 3
140 15 2
141 301 5
141 302 2
141 297 1
142 304 2
142 305 1
142 307 1
142 308 4
142 309 5
142 310 5
142 311 1
143 312 3
143 313 4
143 314 1
143 316 1
143 318 1
143 319 4
144 256 4
144 260 2
144 261 4
144 262 1
144 263 4
145 266 3
145 268 1
145 269 4
145 270 5
145 271 4
145 17 2
145 19 1
145 21 5
145 23 2
146 273 2
146 274 2
146 275 5
146 276 5
146 278 1
146 23 2
147 281 1
147 282 4
147 283 3
147 284 4
147 286 4
147 287 2
148 288 5
148 289 4
148 290 1
148 292 3
148 293 2
148 294 1
148 295 1
148 17 3
148 18 1
148 23 5
149 296 4
149 298 2
149 299 1
149 300 3
149 301 2
149 302 1
149 16 2
149 17 4
150 304 5
150 310 1
150 307 3
150 311 3
150 305 4
150 306 5
150 19 1
150 20 1
150 21 1
150 22 1
150 23 1
150 308 1
150 309 3
151 21 4
151 23 4
151 316 4
151 318 1
152 256 1
152 257 2
152 258 5
152 259 5
152 260 5
152 261 5
152 262 3
152 263 1
152 28 1
152 30 1
152 31 3
153 264 2
153 265 4
153 266 3
153 268 3
153 271 3
153 24 3
153 26 2
153 31 1
154 272 1
154 273 5
154 274 4
154 276 2
154 277 1
154 278 2
154 25 5
154 26 3
154 28 5
154 31 3
155 282 2
155 285 4
155 286 4
155 280 4
155 26 3
155 27 2
155 28 2
155 29 2
155 30 5
155 287 3
156 288 4
156 289 5
156 290 3
156 291 2
156 292 1
156 294 4
156 295 1
156 25 4
156 27 5
156 28 2
156 29 3
156 30 3
157 297 2
157 298 4
157 299 1
157 300 2
157 301 3
157 303 5
157 24 2
157 25 1
157 26 5
157 29 4
157 30 1
157 31 5
158 305 4
158 307 5
158 309 3
158 310 5
158 25 4
158 26 2
158 27 5
158 28 4
158 31 5
159 317 1
159 312 1
159 319 5
159 24 5
159 313 1
159 26 2
159 315 4
159 316 4
159 29 4
159 31 2
160 262 1
160 257 5
160 258 4
160 263 1
160 261 3
161 264 4
161 265 5
161 266 4
161 267 5
161 268 2
161 271 4
162 272 1
162 273 5
162 274 5
162 275 3
162 277 3
162 278 3
162 279 4
163 280 5
163 281 2
163 282 2
163 283 1
163 285 2
163 286 3
164 292 4
164 293 3
164 38 4
164 39 4
164 295 4
164 289 5
164 288 3
164 294 1
164 291 1
165 297 5
165 298 1
165 299 1
165 300 3
165 301 2
165 302 5
166 304 2
166 305 5
166 306 2
166 308 3
166 309 5
166 310 2
166 311 1
167 312 4
167 313 5
167 314 5
167 315 1
167 317 3
167 318 4
167 319 3
168 258 1
168 259 2
168 260 1
168 261 4
168 262 5
168 263 5
169 266 3
169 267 3
169 268 1
169 270 1
169 269 4
169 265 5
169 271 2
170 272 2
170 273 4
170 274 4
170 275 4
170 276 1
170 279 4
171 42 2
171 46 5
171 47 1
171 280 3
171 281 3
171 283 3
171 284 3
171 285 1
171 286 2
171 287 1
172 288 4
172 289 1
172 290 4
172 291 1
172 292 1
172 293 2
172 294 3
172 42 4
172 44 4
172 46 2
172 47 4
173 299 2
173 296 3
173 300 4
173 301 4
173 46 3
173 47 1
173 303 5
173 298 5
174 304 1
174 305 1
174 307 3
174 309 5
174 310 4
174 311 2
175 312 5
175 313 2
175 318 3
175 319 3
176 256 4
176 257 5
176 259 4
176 263 4
177 264 4
177 266 2
177 267 1
177 269 3
177 270 2
177 271 2
178 278 3
178 279 5
178 274 1
178 273 3
178 50 4
178 277 2
178 54 2
178 55 5
179 280 1
179 281 4
179 282 3
179 283 2
179 284 5
179 285 3
179 286 3
179 287 3
180 288 2
180 289 4
180 291 2
180 292 2
180 293 1
180 294 5
180 295 2
180 48 4
180 50 5
180 51 3
180 53 2
180 54 2
180 55 4
181 301 2
181 53 2
181 302 3
181 55 2
182 306 1
182 307 4
182 308 1
182 309 4
182 310 2
182 311 3
183 312 3
183 313 4
183 314 4
183 315 5
183 316 2
183 317 1
183 318 4
184 256 1
184 257 1
184 258 5
184 260 4
184 261 5
184 262 3
184 263 2
184 57 1
184 58 5
184 60 4
184 61 1
184 62 2
184 63 3
185 264 3
185 265 4
185 267 5
185 268 2
185 269 5
185 270 4
185 271 2
185 57 3
185 58 5
185 62 2
185 63 2
186 272 4
186 274 5
186 275 1
186 276 5
186 277 3
186 278 3
186 279 1
186 56 5
186 57 1
186 61 1
186 62 3
187 282 1
187 284 4
187 285 4
187 287 3
187 280 1
187 286 1
187 281 5
187 56 2
187 57 4
187 58 2
187 59 4
187 60 1
187 61 3
187 62 2
187 63 4
188 288 4
188 290 2
188 291 3
188 292 3
188 293 4
188 57 4
188 59 2
188 60 2
188 61 4
188 63 5
189 296 1
189 297 2
189 298 4
189 299 3
189 300 2
189 302 5
189 303 4
189 56 2
189 57 5
189 58 2
189 60 1
189 61 1
189 62 5
189 63 5
190 305 2
190 306 4
190 56 4
190 60 1
190 62 2
190 63 4
191 316 2
191 317 4
191 318 4
191 312 2
191 313 1
191 315 2
191 314 2
191 319 3
192 258 4
192 259 3
192 260 5
192 261 4
192 262 2
192 263 3
193 264 5
193 265 4
193 266 3
193 267 5
193 268 3
193 269 4
193 270 4
193 271 1
194 272 2
194 273 3
194 274 1
194 276 1
194 277 3
194 279 4
195 280 5
195 281 1
195 285 4
195 286 1
195 287 4
196 288 5
196 290 4
196 291 1
196 294 4
196 292 4
196 293 5
197 296 2
197 297 1
197 299 4
197 300 5
197 301 3
197 303 3
198 304 4
198 305 4
198 307 3
198 308 2
198 309 4
198 310 4
198 311 3
199 313 3
199 314 4
199 315 3
199 316 3
199 317 2
199 318 3
199 319 3
200 256 3
200 257 1
200 258 3
200 259 3
200 260 1
200 262 1
200 263 3
201 267 1
201 264 5
201 269 3
201 265 1
201 271 4
201 266 1
202 272 2
202 273 4
202 274 3
202 275 1
202 276 2
202 277 2
202 278 5
202 279 1
203 76 4
203 77 1
203 79 3
203 280 5
203 281 2
203 282 4
203 283 2
203 284 5
203 285 1
203 286 4
203 287 1
204 288 1
204 289 2
204 290 3
204 291 2
204 292 2
204 293 5
204 294 5
204 295 1
204 74 5
204 76 4
204 78 2
204 79 5
205 299 2
205 296 3
205 77 3
205 78 1
205 301 5
205 300 5
205 302 3
205 297 1
205 303 3
205 298 3
206 304 5
206 305 2
206 306 3
206 307 3
206 308 5
206 309 5
206 311 3
207 312 1
207 313 2
207 314 1
207 315 3
207 316 5
207 317 4
207 318 1
207 319 1
208 256 3
208 257 5
208 258 4
208 259 1
208 260 3
208 261 2
208 262 3
208 263 3
209 264 5
209 265 1
209 266 4
209 267 1
209 268 2
209 269 4
209 270 4
209 271 5
210 272 2
210 278 4
210 279 4
210 80 2
210 273 3
210 274 3
210 275 3
210 84 4
210 85 1
210 86 4
210 87 5
210 276 2
210 277 2
211 280 1
211 281 4
211 282 1
211 283 2
211 284 5
211 285 1
211 286 3
211 287 4
212 288 5
212 289 5
212 290 4
212 291 1
212 292 5
212 293 2
212 294 1
212 295 3
212 80 1
212 83 5
212 84 4
212 85 3
212 86 3
212 87 1
213 296 3
213 297 4
213 298 3
213 299 1
213 300 5
213 301 2
213 302 2
213 303 2
213 80 4
213 81 5
213 82 5
213 86 1
213 87 4
214 311 4
214 306 5
214 304 2
214 305 5
214 82 3
214 307 3
214 84 4
214 85 5
214 310 1
214 87 4
214 308 1
214 309 3
215 312 2
215 313 1
215 314 5
215 315 3
215 316 5
215 317 5
215 318 2
215 319 1
216 256 5
216 257 5
216 258 4
216 259 4
216 260 5
216 261 1
216 262 5
216 263 4
216 89 3
216 90 2
216 91 1
216 92 3
216 94 5
216 95 5
217 264 4
217 265 1
217 266 1
217 267 1
217 268 2
217 269 2
217 270 3
217 271 3
217 88 5
217 89 2
217 91 3
217 92 2
217 93 5
217 95 5
218 272 3
218 273 1
218 274 2
218 275 1
218 276 2
218 277 3
218 278 5
218 279 3
218 88 5
218 89 2
218 90 2
218 91 5
218 92 4
218 93 1
218 94 2
218 95 3
219 282 1
219 284 1
219 285 2
219 287 4
219 280 1
219 283 1
219 286 4
219 281 1
219 88 4
219 89 4
219 90 4
219 91 4
219 92 2
219 93 3
219 94 3
219 95 4
220 288 3
220 289 1
220 290 5
220 291 4
220 292 4
220 293 4
220 294 4
220 295 1
220 88 3
220 90 2
220 91 2
220 92 1
220 93 3
220 94 1
220 95 4
221 296 1
221 297 5
221 298 1
221 299 5
221 300 3
221 301 2
221 302 5
221 303 3
221 88 2
221 90 2
221 91 3
221 92 4
221 93 4
221 94 2
221 95 4
222 304 1
222 305 1
222 306 5
222 307 2
222 308 3
222 309 3
222 310 5
222 311 1
222 88 4
222 89 4
222 90 4
222 93 5
222 95 3
223 315 1
223 314 3
223 316 2
223 317 2
223 318 5
223 313 4
223 312 3
223 90 1
223 91 5
223 92 3
223 93 4
223 94 5
223 319 1
224 256 5
224 258 3
224 262 4
224 257 3
224 259 2
224 260 4
224 263 1
224 261 1
225 264 3
225 265 5
225 266 2
225 267 1
225 268 5
225 269 2
225 270 4
225 271 5
226 272 2
226 273 3
226 274 5
226 275 5
226 276 3
226 277 3
226 278 1
226 279 2
227 100 5
227 101 3
227 102 3
227 103 2
227 280 4
227 281 5
227 282 5
227 283 3
227 284 4
227 285 2
227 286 5
227 287 3
228 288 1
228 102 2
228 103 1
228 290 5
228 289 2
228 294 1
228 291 2
228 292 5
228 295 4
228 293 1
229 296 3
229 297 5
229 298 4
229 299 1
229 300 4
229 301 1
229 302 2
229 303 3
230 304 1
230 305 5
230 306 4
230 307 2
230 308 3
230 309 3
230 310 5
230 311 1
231 312 2
231 313 1
231 314 4
231 315 5
231 316 1
231 317 4
231 318 4
231 319 4
232 256 2
232 257 3
232 258 3
232 259 3
232 260 4
232 261 1
232 262 2
232 263 2
233 267 2
233 268 1
233 269 5
233 270 1
233 271 5
233 264 1
233 265 1
233 266 1
234 272 2
234 273 1
234 274 2
234 275 3
234 276 1
234 277 1
234 278 1
234 279 3
235 109 4
235 111 4
235 280 1
235 281 1
235 282 2
235 283 2
235 284 5
235 285 5
235 286 4
235 287 5
236 288 4
236 289 4
236 290 3
236 291 4
236 292 4
236 293 3
236 294 4
236 295 5
236 104 1
236 106 2
236 108 4
237 299 2
237 297 4
237 300 1
237 109 2
237 302 4
237 111 2
237 296 2
237 301 2
237 303 2
237 298 4
238 304 3
238 305 2
238 306 3
238 307 4
238 308 1
238 309 4
238 310 3
238 311 3
239 312 1
239 313 1
239 314 2
239 315 4
239 316 1
239 317 2
239 318 2
239 319 2
240 256 2
240 257 5
240 258 2
240 259 4
240 260 4
240 261 2
240 262 3
240 263 4
241 264 4
241 265 3
241 266 5
241 267 1
241 268 4
241 269 5
241 270 1
241 271 3
242 272 5
242 278 2
242 273 5
242 275 5
242 279 4
242 112 3
242 113 5
242 274 3
242 115 3
242 116 1
242 117 1
242 118 2
242 119 4
242 276 1
242 277 3
243 116 1
243 117 4
243 119 3
243 280 1
243 281 3
243 282 4
243 283 5
243 284 3
243 285 4
243 286 2
243 287 2
244 288 1
244 289 5
244 290 3
244 291 4
244 292 1
244 293 5
244 294 3
244 295 3
244 112 5
244 113 5
244 114 4
244 115 5
244 116 1
245 296 4
245 297 2
245 298 3
245 299 3
245 300 2
245 301 2
245 302 4
245 303 1
245 112 1
245 113 4
245 114 2
245 115 1
245 116 3
245 117 3
245 118 2
245 119 5
246 304 1
246 310 2
246 305 1
246 307 2
246 306 3
246 112 5
246 113 5
246 114 1
246 115 3
246 116 5
246 117 4
246 118 2
246 311 5
246 308 2
246 309 4
247 312 5
247 313 1
247 314 1
247 315 3
247 316 5
247 317 5
247 318 5
247 319 3
248 256 5
248 257 3
248 258 3
248 259 2
248 260 3
248 261 5
248 262 3
248 263 4
248 120 2
248 121 1
248 122 2
248 123 4
248 124 3
248 125 3
248 126 1
248 127 5
249 264 2
249 265 5
249 266 2
249 267 4
249 268 1
249 269 5
249 270 1
249 271 4
249 120 2
249 121 1
249 122 3
249 124 5
249 125 3
249 126 3
249 127 3
250 272 2
250 273 5
250 274 4
250 275 2
250 276 4
250 277 1
250 278 3
250 279 5
250 120 4
250 121 5
250 122 3
250 123 2
250 125 4
250 126 5
250 127 5
251 283 1
251 285 5
251 280 4
251 286 2
251 281 2
251 120 5
251 121 5
251 122 1
251 123 1
251 284 2
251 282 1
251 126 1
251 287 2
252 288 5
252 289 4
252 290 5
252 291 5
252 292 3
252 293 2
252 294 5
252 295 1
252 120 1
252 121 3
252 122 2
252 123 1
252 125 4
252 126 5
252 127 2
253 296 3
253 297 3
253 298 3
253 299 2
253 300 4
253 301 3
253 302 2
253 303 5
253 120 4
253 121 5
253 122 1
253 123 2
253 125 2
253 126 1
254 304 5
254 305 3
254 306 2
254 307 4
254 308 2
254 309 2
254 310 5
254 311 5
254 120 5
254 121 5
254 122 5
254 123 1
254 124 3
254 125 5
254 126 5
254 127 5
255 315 1
255 314 3
255 316 5
255 317 3
255 319 1
255 318 3
255 313 2
255 312 2
255 121 3
255 122 2
255 123 5
255 124 5
255 125 3
255 126 4
255 127 1
256 281 1
257 272 1
258 293 1
259 289 3
260 294 4
261 315 5
262 271 1
263 267 5
264 267 5
265 311 3
266 294 1
267 290 3
268 296 4
269 289 1
270 293 2
271 319 5
272 311 1
273 309 3
274 281 3
275 284 5
276 306 3
277 304 4
278 308 1
279 303 5
280 227 5
280 243 3
280 171 4
280 219 2
280 179 1
280 139 4
280 187 2
280 203 4
280 235 2
280 155 3
280 211 2
281 300 3
282 139 3
282 219 3
282 179 3
282 251 2
282 147 1
282 203 5
282 235 4
282 155 1
283 211 4
283 227 3
283 171 3
283 179 1
283 251 2
283 243 1
283 203 3
283 235 2
283 219 5
284 288 4
285 163 3
285 131 5
285 251 3
285 195 3
285 227 3
285 243 4
285 171 5
285 219 5
285 179 2
285 139 1
285 187 4
285 203 3
285 235 1
285 155 1
285 211 1
286 163 5
286 147 1
286 251 3
286 195 2
286 227 3
286 243 2
286 171 2
286 219 3
286 179 5
286 139 3
286 187 1
286 203 2
286 235 3
286 155 3
286 211 4
287 131 5
287 147 2
287 251 1
287 195 2
287 227 4
287 243 3
287 171 5
287 219 3
287 179 5
287 139 3
287 187 4
287 203 2
287 235 1
287 155 1
287 211 1
288 302 1
289 312 3
290 293 3
291 316 1
292 311 4
293 312 2
294 297 2
295 180 3
295 164 4
295 220 5
295 204 1
295 236 4
295 140 2
295 244 1
295 252 2
295 148 3
295 212 4
295 132 1
295 228 1
295 156 2
296 305 5
297 308 5
298 309 2
299 311 1
300 311 1
301 315 4
302 308 3
303 304 1
304 316 3
305 314 2
306 310 2
307 318 4
308 314 5
309 319 5
310 319 5
311 313 2
312 317 2
313 316 2
314 100000 50
314 100001 50
314 100003 50
314 100004 50
315 100001 50
315 100003 50
315 100002 50
316 318 2
317 318 4
318 100000 50
318 100001 50
318 100002 50
318 100003 50
318 100004 50
319 100000 50
319 100002 50
319 100004 50
-2 3 50
-2 4 50
-5 0 50
-5 4 50
-4 2 50
-4 5 50
-3 0 50
-3 1 50
-3 3 50
-1 1 50
-1 2 50
-1 3 50
