0 128 1
0 6 3
0 42 4
0 133 1
0 134 3
1 9 3
1 65 1
1 134 1
1 135 1
2 129 5
2 133 3
2 38 3
3 128 2
3 11 5
3 134 4
3 15 5
4 129 1
4 130 4
4 133 3
4 8 3
4 13 5
4 56 1
5 128 1
5 130 5
6 129 1
6 132 5
6 12 2
7 135 1
8 141 5
9 139 2
10 140 4
10 143 2
11 136 1
11 141 5
11 142 4
12 140 5
12 141 2
13 140 1
13 141 5
13 142 3
14 138 4
15 32 5
15 141 5
16 146 4
16 148 3
16 150 5
18 145 4
18 147 3
18 148 1
18 150 2
20 144 4
20 146 2
20 148 2
21 34 5
21 174 3
21 145 4
21 146 4
21 147 3
21 149 1
22 146 5
22 148 4
22 150 4
23 144 2
23 145 4
23 147 2
23 150 4
24 154 5
24 44 1
24 158 2
24 159 5
25 155 1
25 156 4
25 158 1
26 153 5
26 156 2
27 37 1
27 158 4
27 159 3
28 152 4
28 105 1
28 156 5
28 33 3
29 157 4
30 156 1
30 158 4
31 154 2
31 158 2
32 160 1
32 165 3
33 58 3
33 162 1
33 163 4
33 164 1
33 165 2
34 161 4
36 163 1
36 165 4
36 166 3
36 167 4
37 52 5
37 166 4
38 162 1
38 165 2
39 161 4
39 163 3
39 164 4
40 193 1
41 172 2
42 169 1
43 170 1
43 172 3
44 137 1
44 173 4
45 173 2
45 175 3
46 48 4
46 64 3
46 61 5
46 175 1
47 172 1
48 179 3
49 177 4
50 177 2
50 182 4
51 177 3
51 181 2
52 179 3
53 178 5
53 179 5
53 180 1
53 182 5
53 183 3
54 177 5
54 181 4
55 178 2
56 184 2
57 186 1
57 188 1
58 185 3
58 100 4
58 189 4
59 184 3
59 186 1
60 185 4
60 186 1
60 188 1
60 190 3
60 191 1
61 184 2
62 184 1
62 187 2
62 191 3
63 99 1
63 190 4
64 195 1
65 192 3
65 194 3
66 195 2
66 196 3
66 198 3
66 199 2
67 192 3
67 196 5
67 197 3
67 198 1
68 194 3
68 195 1
68 196 2
68 198 3
69 197 3
70 192 4
70 198 5
71 196 5
71 199 2
72 203 5
72 205 4
72 207 1
74 207 1
75 204 4
75 206 4
77 200 1
77 201 1
77 202 1
77 203 2
77 205 5
78 203 5
79 204 4
79 205 3
80 208 3
80 209 4
80 211 3
80 215 1
81 208 1
81 176 1
81 212 1
81 213 4
81 215 4
83 96 2
83 210 2
83 212 4
83 214 1
85 210 2
85 211 1
85 215 2
86 209 2
86 212 2
86 213 5
86 215 3
87 97 2
87 211 5
87 214 1
88 218 2
88 219 2
88 222 1
89 218 4
89 222 2
89 223 1
90 217 2
90 221 1
91 217 3
91 220 2
91 222 1
91 223 2
92 219 3
92 220 3
92 221 5
92 222 1
92 223 2
93 217 2
93 218 2
93 220 1
94 216 3
94 217 4
94 219 1
94 223 4
95 217 3
95 218 3
95 221 5
95 222 1
95 223 3
96 224 5
96 229 5
97 224 2
97 225 4
97 226 4
97 228 2
97 101 5
98 224 4
98 225 2
98 226 5
98 131 3
98 231 3
99 226 5
99 227 2
99 228 2
99 229 5
100 224 5
100 226 1
100 227 5
100 228 4
100 229 4
101 225 4
101 227 2
101 229 3
101 230 3
102 224 3
102 228 2
102 231 5
103 225 5
103 227 5
103 228 2
103 230 1
104 232 1
104 233 3
104 235 3
104 236 2
104 238 5
105 238 4
106 235 3
106 236 2
106 237 2
106 238 2
106 239 3
107 232 1
107 235 3
107 236 1
107 237 1
107 239 3
108 232 1
108 234 1
108 237 2
108 238 5
108 239 5
109 235 2
109 236 5
110 232 1
110 235 5
110 238 3
111 232 5
111 235 1
111 236 5
111 238 3
111 239 2
112 240 3
112 243 2
112 245 1
112 246 5
113 240 1
113 242 5
113 245 5
114 240 3
114 243 5
114 244 2
114 247 1
115 242 2
115 171 4
115 245 1
116 241 3
116 242 3
116 243 5
116 245 3
116 247 3
117 240 3
117 241 5
118 240 5
118 241 3
118 243 1
118 244 3
118 245 3
118 246 3
118 247 2
119 240 5
119 241 2
119 243 1
119 244 2
119 246 5
120 248 5
120 254 1
121 249 4
121 253 4
122 249 4
122 251 5
122 252 4
122 255 1
123 250 4
123 251 3
123 252 1
124 248 5
124 249 3
124 250 2
124 252 4
125 248 1
125 249 3
125 250 5
125 251 1
125 253 1
125 254 3
125 255 2
126 248 3
126 250 4
126 252 2
126 253 5
126 255 4
127 250 1
127 252 4
127 253 1
127 254 5
127 255 2
128 257 5
128 258 3
128 260 5
128 262 3
128 261 1
129 264 4
129 266 4
129 268 2
129 271 4
130 272 3
130 273 5
130 274 2
130 275 1
130 277 3
131 281 1
131 283 3
132 289 1
132 290 2
132 291 3
132 295 1
132 168 3
133 296 1
133 298 5
133 299 4
133 301 2
133 302 5
134 306 5
134 308 5
134 311 2
135 1 5
135 314 1
135 316 4
135 313 3
135 7 5
136 258 5
136 260 3
136 262 3
136 263 5
137 266 5
137 268 4
137 269 4
138 272 1
138 274 4
138 275 5
138 277 5
138 14 3
139 283 1
139 284 5
139 286 2
139 281 1
140 288 4
140 289 5
140 291 2
140 292 3
140 293 5
141 297 4
141 302 5
141 300 2
142 304 4
142 308 2
142 309 3
142 311 5
143 312 2
143 10 1
143 319 1
143 314 4
143 317 4
144 257 1
144 258 2
144 261 3
144 262 1
144 263 1
144 20 1
144 23 2
145 264 1
145 266 5
145 268 2
145 269 2
145 18 1
145 21 3
145 23 1
146 272 5
146 274 3
146 275 3
146 20 5
146 21 2
146 22 5
146 279 5
146 277 2
147 282 3
147 283 3
147 286 4
147 287 2
148 288 2
148 289 4
148 290 1
148 292 3
148 293 3
148 294 2
148 295 5
148 16 4
148 18 5
148 20 3
148 22 4
149 297 3
149 299 5
149 300 3
149 21 1
149 303 5
150 304 4
150 310 1
150 306 5
150 16 1
150 305 5
150 18 3
150 307 1
150 308 3
150 309 5
150 22 2
150 23 5
151 314 2
151 316 3
151 317 4
151 318 1
152 257 2
152 258 4
152 262 4
153 267 4
153 268 5
153 266 5
153 269 5
154 272 5
154 274 1
154 278 5
154 279 1
154 24 5
154 31 5
155 280 4
155 283 5
155 284 3
155 287 5
156 288 4
156 292 2
156 293 1
156 25 5
156 26 5
156 28 4
156 30 5
157 296 3
157 298 2
157 300 5
157 29 4
158 304 2
158 305 5
158 307 3
158 308 3
158 309 2
158 310 5
158 24 3
158 25 3
158 27 2
158 30 4
158 31 2
159 315 2
159 24 2
159 313 3
159 314 1
159 27 3
159 317 5
159 319 2
160 260 3
160 262 1
160 263 5
161 264 4
161 265 4
161 266 5
161 267 3
161 268 2
161 269 2
161 270 3
162 272 3
162 275 4
163 281 1
163 283 4
163 284 3
163 285 2
163 286 1
163 287 5
164 288 5
164 290 3
164 292 1
164 293 1
164 295 2
164 289 3
164 39 4
165 296 4
165 299 4
165 300 3
166 304 1
166 305 1
166 307 5
166 308 1
166 309 3
166 310 5
166 311 1
167 36 3
167 312 5
167 313 2
167 314 2
167 317 3
167 319 4
168 256 2
168 259 4
169 264 4
169 265 5
169 267 2
169 268 1
169 269 2
169 266 4
170 272 3
170 273 1
170 276 3
170 277 1
170 278 2
171 280 3
171 284 3
171 286 5
171 287 5
172 288 3
172 289 2
172 290 4
172 292 3
172 295 4
172 41 4
172 43 3
172 47 1
173 296 3
173 298 4
173 299 5
173 301 1
173 303 5
174 304 5
174 305 4
174 307 1
174 309 2
175 312 3
175 314 1
175 316 1
175 45 4
175 46 3
176 256 5
176 257 2
176 259 3
176 260 4
176 261 2
176 263 1
177 267 1
177 269 4
177 270 3
177 49 2
177 50 2
177 51 2
177 54 3
178 279 4
178 272 4
178 274 3
178 275 1
178 276 1
178 53 5
178 55 1
178 277 2
179 281 2
179 282 1
179 283 1
179 284 3
179 286 2
179 287 2
180 288 5
180 289 3
180 290 2
180 292 5
180 293 3
180 294 3
180 295 3
180 53 4
181 297 3
181 299 2
181 300 1
181 301 1
181 51 3
181 54 1
182 304 2
182 308 5
182 309 4
183 319 3
183 53 4
183 317 4
184 259 5
184 260 5
185 265 5
185 266 1
186 273 1
186 278 4
186 279 2
186 57 3
186 59 5
186 60 4
187 280 2
187 284 5
187 286 2
187 287 4
188 289 1
188 290 3
188 292 1
188 294 2
188 57 3
188 60 4
189 303 1
190 308 5
190 307 4
190 60 1
190 311 1
190 63 1
191 316 5
191 318 3
191 313 5
191 314 3
191 315 5
191 60 4
191 62 4
191 319 2
192 256 1
192 258 5
192 67 4
192 70 4
192 257 1
192 259 2
193 266 1
193 267 1
193 268 4
193 269 2
193 270 4
194 272 5
194 274 1
194 275 1
194 276 3
194 279 1
195 283 2
195 68 4
195 287 2
196 288 3
196 291 5
196 294 4
196 295 5
196 67 2
196 292 4
197 297 2
197 67 2
197 69 3
197 303 2
198 68 4
198 70 2
198 304 5
198 308 4
199 312 5
199 313 5
199 66 1
199 314 1
199 71 3
200 256 3
200 257 3
200 258 5
200 259 3
200 260 5
200 261 1
200 262 2
200 263 2
201 264 3
201 265 1
201 267 2
201 270 1
202 272 5
202 273 3
202 275 1
202 277 5
202 278 5
202 279 2
203 282 5
203 283 1
203 77 2
203 78 3
204 289 4
204 290 1
204 293 1
204 295 3
204 75 5
204 79 5
205 297 5
205 298 1
205 299 4
205 300 2
205 302 4
205 79 3
205 296 1
205 301 4
206 304 5
206 305 2
206 307 3
206 309 3
206 310 2
206 311 1
207 72 1
207 74 4
207 314 3
207 315 2
207 316 4
207 317 2
207 318 3
208 256 1
208 258 1
208 259 4
208 262 1
208 80 1
208 81 3
209 264 5
209 266 1
209 267 3
209 268 2
209 269 1
209 80 1
209 86 1
210 273 4
210 274 1
210 275 3
210 276 1
210 85 5
210 278 3
211 280 3
211 281 5
211 282 2
211 283 4
211 285 3
211 286 4
212 288 3
212 289 5
212 290 2
212 292 2
212 293 4
212 294 3
212 81 5
212 83 2
212 86 1
213 296 4
213 297 5
213 298 1
213 300 1
213 301 2
213 302 3
213 303 2
213 81 1
213 86 4
214 311 4
214 304 4
214 306 5
214 83 1
214 308 1
214 309 2
214 87 5
215 80 4
215 81 3
215 85 3
215 86 5
215 312 5
215 314 5
215 315 3
215 316 1
215 317 3
215 318 1
215 319 2
216 256 1
216 257 5
216 263 1
217 264 5
217 266 2
217 267 1
217 268 4
217 269 3
217 270 3
217 90 4
217 91 4
217 93 1
217 94 2
217 95 1
218 272 1
218 273 2
218 275 5
218 276 4
218 278 4
218 279 1
218 88 4
218 89 5
218 93 4
218 95 5
219 280 2
219 286 2
219 281 4
219 282 3
219 283 1
219 92 4
219 285 4
219 94 4
219 287 5
220 290 5
220 291 2
220 292 4
220 293 4
220 294 4
220 295 5
220 91 2
220 92 1
220 93 3
221 296 3
221 297 3
221 298 1
221 299 1
221 300 3
221 301 5
221 302 1
221 303 2
221 90 3
221 92 3
221 95 3
222 304 5
222 305 4
222 306 4
222 307 3
222 308 5
222 309 5
222 310 3
222 311 1
222 88 5
222 89 4
222 91 2
222 92 3
222 95 4
223 315 1
223 316 5
223 318 1
223 313 2
223 312 1
223 89 2
223 314 2
223 91 1
223 92 1
223 317 2
223 94 5
223 95 2
224 259 4
224 261 2
224 257 2
224 262 1
224 258 2
224 256 5
224 260 3
224 263 1
225 264 1
225 266 2
225 267 2
225 268 5
225 269 1
225 270 1
225 271 1
226 272 2
226 273 3
226 274 3
226 275 2
226 276 1
226 277 3
226 278 1
226 279 5
227 280 2
227 281 2
227 282 4
227 283 3
227 284 3
227 285 4
227 286 2
227 287 5
228 288 3
228 290 5
228 293 5
228 103 3
228 295 4
228 289 5
228 294 4
228 291 4
228 292 5
229 296 3
229 297 4
229 298 1
229 299 2
229 300 3
229 301 3
229 302 5
229 303 3
230 304 1
230 305 4
230 306 2
230 307 3
230 308 4
230 309 4
230 310 3
230 311 2
231 98 2
231 102 2
231 312 1
231 313 4
231 314 2
231 315 4
231 316 3
231 317 2
231 318 2
231 319 2
232 256 2
232 257 4
232 258 5
232 259 2
232 260 4
232 261 1
232 262 5
232 263 2
232 104 1
232 107 3
232 108 4
232 110 1
232 111 4
233 265 1
233 266 1
233 267 2
233 268 3
233 269 2
233 270 3
233 271 1
233 264 2
234 272 2
234 273 4
234 274 5
234 275 5
234 276 3
234 277 2
234 278 3
234 279 1
235 280 5
235 281 5
235 282 1
235 283 1
235 284 3
235 285 4
235 286 4
235 287 3
236 288 2
236 289 5
236 290 3
236 291 2
236 292 5
236 293 3
236 294 2
236 295 5
236 104 4
236 106 2
236 107 5
236 109 3
236 111 4
237 299 1
237 296 4
237 297 5
237 301 3
237 302 3
237 303 4
237 300 1
237 298 1
238 304 5
238 305 4
238 306 2
238 307 1
238 308 3
238 309 4
238 310 1
238 311 4
239 106 5
239 107 4
239 108 1
239 111 3
239 312 2
239 313 1
239 314 3
239 315 5
239 316 1
239 317 1
239 318 3
239 319 1
240 256 2
240 257 5
240 258 4
240 259 1
240 260 3
240 261 3
240 262 4
240 263 1
241 264 2
241 265 2
241 266 4
241 267 3
241 268 2
241 269 2
241 270 3
241 271 2
241 116 1
241 117 5
241 118 4
241 119 4
242 273 2
242 275 5
242 272 5
242 274 3
242 277 4
242 278 4
242 279 2
242 276 3
243 280 4
243 281 5
243 282 5
243 283 2
243 284 4
243 285 4
243 286 1
243 287 3
244 288 4
244 289 4
244 290 3
244 291 1
244 292 4
244 293 3
244 294 1
244 295 3
244 114 3
244 118 3
244 119 3
245 296 1
245 297 4
245 298 1
245 299 2
245 300 3
245 301 1
245 302 4
245 303 3
245 112 1
245 113 5
245 115 3
245 116 1
245 118 2
246 304 1
246 310 5
246 311 1
246 112 2
246 305 2
246 306 2
246 307 1
246 308 2
246 309 5
246 118 2
246 119 5
247 114 2
247 116 1
247 118 2
247 312 1
247 313 2
247 314 4
247 315 2
247 316 5
247 317 4
247 318 1
247 319 1
248 256 3
248 257 1
248 258 2
248 259 5
248 260 4
248 261 1
248 262 2
248 263 3
248 120 2
248 124 1
248 125 4
248 126 5
249 264 1
249 265 1
249 266 5
249 267 3
249 268 4
249 269 2
249 270 3
249 271 1
249 121 3
249 122 4
249 124 4
249 125 5
250 272 5
250 273 4
250 274 2
250 275 2
250 276 1
250 277 2
250 278 2
250 279 3
250 123 3
250 124 2
250 125 2
250 126 3
250 127 2
251 282 5
251 285 1
251 286 3
251 280 4
251 281 5
251 123 5
251 284 4
251 125 3
251 283 1
251 287 5
252 288 5
252 289 1
252 290 4
252 291 1
252 292 3
252 293 1
252 294 3
252 295 5
252 122 2
252 123 4
252 124 1
252 126 5
252 127 1
253 296 2
253 297 5
253 298 5
253 299 5
253 300 1
253 301 1
253 302 1
253 303 5
253 121 1
253 125 5
253 126 4
253 127 2
254 304 1
254 305 2
254 306 3
254 307 1
254 308 5
254 309 2
254 310 5
254 311 4
254 120 5
254 125 5
254 127 3
255 315 5
255 317 4
255 319 5
255 318 4
255 312 3
255 313 2
255 122 2
255 314 2
255 316 3
255 125 4
255 126 1
255 127 5
256 281 3
257 281 2
258 305 4
259 311 1
260 301 1
261 269 2
262 284 2
263 306 3
264 303 5
265 280 4
266 267 3
267 272 4
268 287 2
269 302 4
270 276 1
271 310 3
272 304 1
273 284 1
274 298 3
275 305 5
276 294 2
277 130 1
277 226 5
277 202 4
277 146 1
277 242 1
277 178 2
277 170 5
277 234 5
277 250 2
277 138 5
278 226 1
278 202 2
278 242 1
278 210 5
278 186 3
278 218 1
278 234 1
278 154 5
278 170 4
278 250 4
279 234 1
279 186 5
279 154 3
279 250 4
280 295 3
281 292 3
282 307 5
283 306 3
284 291 4
285 291 2
286 298 1
287 300 4
288 289 5
289 290 5
290 303 4
291 300 3
292 293 3
293 309 3
294 310 4
295 309 3
296 299 1
297 311 5
298 310 3
299 303 1
300 310 5
301 311 2
302 307 2
303 305 4
304 305 3
305 306 5
306 100000 50
306 100002 50
306 100003 50
306 100004 50
307 100000 50
307 100002 50
308 100000 50
309 100003 50
309 100001 50
310 100002 50
310 100004 50
311 100004 50
311 100001 50
312 167 1
312 199 1
312 239 3
312 247 3
312 175 1
312 215 3
312 143 3
312 231 1
312 255 2
312 223 4
313 167 5
313 199 4
313 255 4
313 231 4
313 223 5
313 239 5
313 247 5
313 159 5
313 135 2
313 191 3
314 247 2
314 223 3
314 167 5
314 135 1
314 239 2
314 191 5
314 207 1
314 175 3
314 215 2
314 151 2
314 143 1
314 231 2
314 255 3
314 199 5
314 159 4
315 231 3
315 247 5
315 159 3
315 207 5
315 255 1
315 215 5
315 223 5
315 239 4
315 191 4
316 135 2
316 215 3
316 239 1
316 247 1
316 223 1
316 175 4
316 151 5
316 207 1
316 231 2
316 255 1
316 191 1
317 167 4
317 151 5
317 239 5
317 247 1
317 223 1
317 207 5
317 183 2
317 143 1
317 231 3
317 255 4
317 215 1
317 159 2
318 231 2
318 151 4
318 239 5
318 207 2
318 215 1
318 223 2
318 247 1
318 255 5
318 191 1
319 167 4
319 215 2
319 239 5
319 247 4
319 143 4
319 183 2
319 159 4
319 231 3
319 255 5
319 191 4
-2 2 50
-2 5 50
-5 3 50
-5 4 50
-5 5 50
-4 0 50
-4 1 50
-3 0 50
-3 4 50
-1 3 50
-1 4 50
