0 8 2
0 9 3
1 8 2
1 9 3
2 10 4
2 6 3
2 7 5
3 10 5
3 11 3
4 12 1
4 13 3
5 13 1
6 15 2
7 14 1
7 15 2
8 16 1
8 17 5
9 18 2
9 19 5
10 16 2
10 17 5
10 2 2
10 3 4
11 19 4
11 18 1
11 3 3
12 16 4
12 17 4
12 4 1
13 18 2
13 19 3
13 4 4
13 5 4
14 100000 50
14 100003 50
14 100004 50
14 16 5
14 17 4
15 100000 50
15 100001 50
15 18 1
15 19 1
16 19 1
17 100002 50
17 100004 50
18 100000 50
18 100002 50
19 100001 50
19 100002 50
19 100003 50
-1 0 50
-1 2 50
-1 3 50
-5 0 50
-5 3 50
-4 2 50
-4 3 50
-3 0 50
-3 1 50
-3 5 50
-2 0 50
-2 2 50
