0 128 4
0 129 10
0 130 5
0 131 2
0 132 6
0 133 2
0 134 1
0 135 9
0 72 1
0 34 2
0 36 10
1 128 6
1 129 3
1 130 1
1 131 7
1 132 8
1 133 1
1 134 2
1 135 1
1 7 5
2 128 2
2 129 6
2 130 2
2 131 7
2 132 4
2 133 1
2 134 2
2 135 4
2 67 8
3 128 2
3 130 4
3 35 2
3 132 2
3 133 10
3 134 5
3 135 5
3 6 2
4 128 7
4 129 4
4 130 10
4 131 8
4 132 8
4 133 4
4 135 3
5 128 1
5 129 9
5 130 5
5 131 1
5 132 8
5 133 6
5 134 5
6 128 6
6 129 2
6 130 8
6 131 10
6 132 10
6 133 8
6 134 7
6 135 5
6 32 10
7 128 3
7 130 4
7 131 1
7 132 1
7 133 9
7 134 9
7 135 5
7 10 5
8 65 4
8 136 10
8 137 2
8 138 2
8 140 8
8 142 9
8 143 8
8 79 3
9 136 9
9 137 8
9 138 3
9 139 6
9 140 2
9 141 1
9 142 9
9 143 8
10 138 5
10 139 2
10 141 9
10 142 10
11 136 3
11 137 2
11 138 2
11 139 3
11 140 1
11 141 9
11 142 1
11 143 7
12 136 2
12 137 9
12 138 4
12 139 4
12 140 9
12 141 6
12 142 4
12 143 6
13 136 8
13 137 5
13 138 4
13 139 8
13 140 1
13 141 9
13 142 8
14 136 8
14 137 1
14 138 5
14 139 4
14 140 3
14 141 5
14 76 8
15 136 6
15 137 8
15 139 2
15 140 4
15 142 4
15 143 7
16 144 3
16 145 7
16 147 5
16 148 4
16 149 6
17 144 5
17 145 2
17 147 5
17 148 9
17 149 3
17 150 1
17 151 5
18 144 9
18 145 3
18 146 9
18 147 7
18 148 4
18 149 9
18 150 10
19 103 3
19 145 9
19 146 2
19 147 8
19 148 5
19 149 5
19 150 5
20 39 8
20 144 2
20 145 3
20 146 6
20 147 5
20 148 2
20 149 4
20 150 8
20 151 9
21 144 6
21 145 10
21 146 5
21 148 6
21 149 1
21 150 5
21 151 5
22 70 5
22 144 10
22 145 4
22 146 8
22 147 8
22 148 5
22 149 10
22 150 3
22 151 6
23 74 4
23 78 5
23 145 7
23 146 7
23 148 4
23 149 8
23 150 7
23 151 8
24 152 2
24 153 8
24 154 3
24 155 3
24 156 10
24 157 8
24 158 5
24 159 5
25 152 9
25 153 1
25 155 4
25 156 7
25 157 8
25 158 7
25 159 4
26 152 6
26 153 8
26 154 6
26 156 4
26 157 4
26 158 5
26 159 10
27 33 4
27 152 2
27 153 7
27 154 8
27 155 6
27 157 8
27 158 9
27 159 3
28 153 5
28 154 9
28 155 3
28 156 10
28 157 9
28 158 7
28 159 8
29 152 6
29 153 6
29 154 2
29 155 8
29 156 5
29 157 1
29 158 5
30 152 5
30 153 5
30 154 2
30 155 9
30 156 2
30 157 2
30 158 4
31 152 9
31 154 9
31 155 7
31 156 9
31 157 5
31 159 5
32 161 7
32 162 8
32 163 6
32 164 9
32 165 9
32 38 10
33 160 6
33 161 6
33 162 6
33 164 5
33 165 3
33 166 3
33 167 7
34 160 7
34 161 6
34 162 10
34 163 9
34 165 5
34 166 5
34 167 10
34 75 4
34 37 8
35 160 4
35 162 1
35 163 5
35 164 8
35 165 6
35 166 8
35 167 6
35 69 5
36 160 9
36 161 7
36 162 8
36 164 2
36 165 1
36 166 7
36 167 1
36 68 4
36 102 1
37 160 10
37 161 10
37 162 7
37 163 1
37 164 8
37 165 2
37 166 10
37 167 6
37 73 10
38 160 9
38 161 6
38 162 7
38 163 7
38 164 2
38 165 3
38 166 8
38 167 6
39 160 10
39 161 8
39 162 1
39 163 9
39 166 10
39 167 1
40 168 8
40 169 9
40 170 2
40 171 4
40 172 1
40 174 4
40 175 10
41 169 4
41 170 5
41 172 2
41 173 9
41 175 9
42 171 5
42 172 5
42 175 9
43 66 1
43 168 9
43 169 6
43 172 10
43 173 6
43 77 7
43 175 8
44 64 6
44 168 2
44 169 5
44 170 9
44 171 2
44 172 7
44 174 6
45 71 4
45 168 8
45 170 3
45 171 8
45 172 5
45 173 3
45 174 6
45 175 6
46 168 6
46 169 8
46 170 7
46 171 5
46 173 9
46 174 8
46 175 4
47 169 7
47 170 2
47 172 1
47 173 1
47 174 7
47 175 7
48 176 8
48 178 9
48 179 8
48 182 1
48 183 3
49 176 7
49 177 5
49 180 1
49 181 10
49 182 8
49 183 8
50 177 7
50 178 2
50 179 7
50 180 9
50 181 7
50 183 3
51 176 4
51 177 3
51 179 8
51 180 5
51 182 1
51 183 9
52 176 5
52 178 8
52 179 8
52 181 5
52 182 7
53 176 8
53 177 1
53 179 9
53 180 5
53 181 2
53 182 8
54 176 4
54 177 4
54 178 6
54 179 4
54 180 5
54 181 9
54 182 10
54 183 7
55 176 1
55 177 5
55 178 10
55 180 7
55 181 1
55 182 8
55 183 3
56 184 7
56 185 2
56 186 3
56 187 3
56 188 3
56 189 5
56 190 2
56 191 3
57 184 1
57 185 1
57 187 10
57 188 8
57 189 7
57 190 8
57 191 2
58 184 3
58 185 7
58 186 5
58 188 10
58 189 7
58 190 2
58 191 4
59 185 2
59 186 7
59 187 9
59 188 5
59 189 4
59 190 6
60 184 3
60 185 4
60 186 3
60 187 4
60 188 2
60 189 10
60 190 9
61 184 1
61 185 8
61 186 7
61 187 2
61 188 10
61 189 8
61 190 6
61 191 10
62 98 10
62 186 6
62 187 4
62 188 1
62 190 6
62 191 5
63 184 8
63 185 10
63 186 10
63 187 4
63 188 9
63 189 9
63 190 3
63 191 9
64 192 5
64 193 9
64 194 10
64 196 2
64 197 6
64 198 2
64 199 9
65 193 9
65 194 9
65 195 4
65 196 9
65 198 3
66 192 2
66 194 4
66 197 4
66 198 3
67 192 5
67 193 4
67 195 5
67 196 7
67 198 4
68 192 1
68 195 2
68 196 1
68 197 6
68 198 9
68 199 8
69 193 9
69 194 8
69 195 5
69 196 8
69 198 3
69 199 2
70 192 6
70 193 5
70 194 8
70 195 10
70 196 8
70 197 5
70 198 4
70 199 10
70 96 6
71 192 3
71 193 10
71 195 2
71 196 6
71 197 4
71 199 3
72 200 1
72 201 8
72 202 9
72 203 8
72 204 8
72 205 1
72 206 4
72 207 4
73 201 1
73 202 10
73 203 7
73 205 2
73 206 7
73 207 5
74 200 7
74 201 2
74 202 2
74 203 6
74 204 2
74 205 1
74 206 10
74 207 4
75 200 4
75 201 2
75 202 10
75 204 1
75 205 4
75 206 4
75 207 9
76 201 6
76 202 1
76 203 7
76 204 2
76 205 7
76 206 9
76 207 2
77 200 2
77 201 1
77 203 9
77 204 4
77 205 8
77 206 8
77 207 9
78 200 8
78 201 3
78 202 9
78 203 2
78 204 8
78 205 5
78 206 2
78 207 8
79 200 8
79 201 8
79 203 7
79 204 5
79 205 9
79 206 5
79 207 2
80 208 1
80 209 1
80 210 2
80 211 9
80 212 9
80 213 2
80 214 7
80 215 7
81 208 1
81 209 4
81 210 9
81 211 10
81 212 6
81 213 3
81 214 3
81 215 2
82 208 8
82 209 3
82 211 3
82 212 7
82 213 9
82 214 9
82 215 7
83 208 10
83 209 2
83 210 8
83 211 1
83 212 6
83 213 8
83 214 4
83 215 10
84 208 2
84 209 7
84 210 1
84 211 3
84 212 3
84 213 9
84 214 9
84 215 7
85 208 9
85 209 7
85 210 3
85 211 7
85 212 6
85 213 3
85 214 5
85 215 8
86 208 4
86 209 1
86 210 6
86 211 7
86 212 4
86 213 8
86 214 1
86 215 3
87 99 7
87 208 1
87 209 3
87 210 1
87 211 4
87 213 10
87 214 3
88 100 1
88 216 5
88 217 5
88 218 5
88 219 8
88 220 7
88 221 6
88 223 3
89 216 1
89 217 5
89 218 6
89 219 8
89 221 7
89 222 9
89 223 8
90 216 1
90 217 1
90 218 8
90 219 6
90 220 10
90 221 1
90 222 5
90 223 1
91 216 6
91 217 8
91 218 5
91 219 7
91 220 10
91 221 7
91 222 2
91 223 9
92 217 5
92 218 8
92 219 2
92 220 3
92 221 7
92 222 2
92 223 9
93 97 9
93 216 2
93 217 5
93 218 1
93 219 6
93 220 5
93 221 3
93 222 4
93 223 7
94 216 4
94 217 7
94 218 7
94 219 8
94 220 1
95 216 1
95 217 1
95 218 6
95 219 5
95 220 10
95 221 4
95 222 4
95 223 9
96 224 7
96 225 2
96 226 2
96 227 10
96 229 6
96 230 8
96 231 2
97 225 9
97 226 9
97 227 4
97 228 10
97 229 9
97 230 4
97 231 4
97 101 10
98 224 6
98 225 9
98 226 9
98 227 4
98 228 5
98 229 3
98 230 3
98 231 8
99 224 10
99 226 10
99 227 1
99 228 6
99 229 3
99 231 4
100 224 6
100 225 10
100 226 5
100 227 8
100 228 2
100 229 10
100 230 5
100 231 7
101 224 1
101 226 3
101 227 5
101 228 6
101 229 1
101 230 5
101 231 10
102 224 9
102 225 8
102 226 5
102 227 5
102 228 7
102 229 7
102 230 4
102 231 10
103 224 3
103 226 6
103 227 1
103 228 4
103 230 6
103 231 8
103 104 9
104 232 10
104 233 10
104 234 10
104 235 9
104 237 10
104 238 9
104 239 8
105 233 8
105 234 5
105 235 8
105 236 1
105 237 6
105 239 9
106 232 4
106 233 10
106 234 4
106 236 8
106 237 5
106 238 2
106 239 8
107 232 3
107 234 7
107 235 6
107 236 10
107 237 1
107 238 10
107 239 6
108 233 5
108 234 10
108 235 10
108 236 1
108 237 2
108 238 2
108 239 4
109 232 8
109 233 2
109 234 7
109 235 10
109 236 10
109 237 9
109 239 10
110 232 3
110 233 3
110 234 2
110 235 5
110 237 3
110 238 1
110 239 1
111 233 1
111 234 6
111 235 2
111 237 7
111 239 2
112 241 7
112 242 2
112 243 10
112 244 8
112 245 7
112 246 4
112 247 4
113 240 6
113 241 5
113 242 1
113 243 10
113 244 5
113 245 4
113 246 2
113 247 6
114 240 2
114 241 1
114 242 4
114 243 3
114 244 5
114 246 1
114 247 4
115 240 8
115 241 1
115 243 9
115 244 7
115 245 7
115 246 8
115 247 3
116 242 7
116 243 4
116 244 1
116 245 9
116 246 3
116 247 4
117 240 2
117 241 9
117 242 6
117 243 7
117 244 8
117 245 8
117 246 3
117 247 5
118 240 10
118 241 8
118 242 9
118 243 10
118 244 1
118 245 7
118 246 8
118 247 8
119 240 4
119 241 5
119 242 3
119 243 4
119 244 7
119 245 7
119 246 7
120 248 1
120 249 9
120 250 10
120 251 9
120 252 5
120 253 9
120 254 8
120 255 4
121 248 2
121 249 1
121 250 1
121 251 8
121 252 2
121 253 4
121 254 4
122 248 6
122 249 2
122 250 3
122 251 7
122 252 8
122 253 6
122 254 7
122 255 4
123 249 5
123 250 3
123 251 2
123 252 8
123 253 5
123 254 9
123 255 2
124 248 1
124 249 7
124 250 6
124 251 1
124 252 9
124 253 10
124 254 6
124 255 10
125 248 5
125 249 2
125 251 1
125 252 10
125 253 5
125 254 4
125 255 4
126 248 7
126 249 4
126 250 3
126 251 5
126 252 10
126 253 9
126 254 7
126 255 10
127 249 4
127 250 8
127 251 5
127 252 5
127 253 9
127 254 6
127 255 2
128 263 2
128 257 6
128 258 6
128 256 10
128 259 7
128 260 1
128 261 7
129 264 4
129 265 8
129 266 2
129 267 9
129 268 5
129 269 7
129 270 3
129 271 4
130 272 1
130 273 8
130 274 9
130 276 10
130 277 8
130 278 7
130 279 7
131 280 1
131 282 2
131 283 9
131 284 9
131 286 2
131 287 5
132 290 4
132 289 3
132 288 5
132 294 2
132 292 2
132 295 7
132 293 2
133 296 1
133 297 1
133 299 1
133 300 10
133 301 4
133 302 2
133 303 5
134 304 8
134 305 10
134 306 8
134 307 3
134 308 6
134 309 5
134 310 8
134 311 7
135 312 4
135 313 9
135 314 7
135 315 2
135 316 5
135 317 10
135 318 8
135 319 3
136 256 8
136 257 5
136 258 5
136 259 1
136 260 8
136 261 6
136 263 9
137 267 8
137 266 6
137 264 1
137 269 10
137 268 4
137 265 6
137 271 10
138 272 10
138 273 9
138 274 1
138 275 3
138 276 3
138 277 4
138 278 2
139 280 5
139 281 1
139 282 9
139 284 7
139 285 9
139 286 6
140 288 2
140 289 7
140 290 1
140 291 8
140 292 3
140 293 2
140 294 9
140 295 2
140 8 4
140 9 2
140 11 4
140 12 5
140 13 3
140 14 10
140 15 7
141 299 1
141 296 6
141 301 7
141 300 10
141 302 9
141 297 1
141 303 10
141 298 8
142 15 3
142 304 4
142 307 5
142 308 3
142 309 3
142 310 5
142 311 9
143 313 3
143 315 3
143 316 5
143 317 8
143 318 6
143 319 10
144 260 9
144 261 8
144 262 3
145 264 5
145 265 1
145 266 7
145 267 5
145 268 4
145 269 4
145 270 8
145 271 5
146 278 5
146 275 10
146 279 9
146 274 10
146 272 3
146 273 7
146 276 5
146 277 2
147 280 1
147 281 6
147 282 4
147 284 9
147 286 7
147 287 9
148 291 4
148 292 2
148 293 3
148 294 6
148 295 3
148 16 1
148 17 8
148 18 9
148 19 10
148 20 9
148 21 8
148 22 2
148 23 9
149 296 10
149 297 8
149 298 1
149 299 9
149 301 9
149 302 2
149 303 5
149 16 10
149 17 8
149 18 6
149 19 3
149 20 10
149 21 2
149 22 3
149 23 6
150 310 9
150 305 10
150 307 3
150 306 1
150 304 3
150 17 5
150 18 2
150 19 8
150 20 9
150 21 8
150 22 2
150 23 3
150 308 8
151 312 2
151 313 3
151 315 5
151 316 4
151 317 2
151 318 8
151 319 3
152 256 5
152 257 10
152 258 2
152 259 6
152 261 7
152 262 8
152 263 3
152 24 5
152 25 2
152 26 6
152 27 4
152 29 5
152 30 6
152 31 4
153 264 2
153 265 4
153 266 8
153 267 6
153 268 3
153 269 8
153 270 8
153 271 5
153 24 7
153 25 2
153 26 5
153 27 6
153 28 5
153 29 3
153 30 8
154 272 4
154 273 1
154 274 5
154 275 9
154 276 6
154 277 10
154 278 4
154 279 7
154 24 8
154 26 1
154 27 8
154 28 6
154 29 9
154 30 7
154 31 4
155 283 3
155 284 6
155 285 10
155 287 2
155 280 10
155 286 8
155 281 10
155 24 2
155 25 2
155 282 4
155 27 9
155 28 7
155 29 10
155 30 10
155 31 10
156 288 8
156 290 4
156 292 7
156 293 9
156 295 10
156 24 7
156 25 1
156 26 1
156 28 8
156 29 3
156 30 4
156 31 7
157 296 6
157 297 6
157 298 8
157 299 10
157 301 10
157 302 4
157 303 6
157 24 6
157 25 9
157 26 7
157 27 1
157 28 8
157 29 2
157 30 1
157 31 8
158 304 7
158 305 2
158 306 7
158 307 1
158 308 6
158 309 4
158 310 2
158 311 8
158 24 6
158 25 5
158 26 6
158 27 2
158 28 8
158 29 9
158 30 3
159 315 10
159 316 2
159 317 7
159 312 10
159 319 4
159 313 7
159 24 2
159 25 7
159 26 4
159 27 2
159 28 6
159 314 10
159 318 7
159 31 7
160 256 5
160 262 1
160 257 7
160 260 10
160 263 4
160 261 10
161 264 7
161 265 7
161 266 7
161 267 7
161 268 9
161 269 8
161 270 4
161 271 4
162 272 8
162 273 1
162 274 10
162 275 1
162 276 7
162 277 10
162 278 8
162 279 8
163 280 7
163 281 7
163 282 6
163 283 2
163 284 10
163 285 1
163 286 10
164 290 6
164 289 5
164 295 9
164 288 8
164 294 5
164 291 4
164 292 7
164 293 5
165 296 6
165 297 3
165 298 10
165 299 7
165 300 3
165 301 8
165 302 1
165 303 2
166 304 4
166 305 1
166 307 8
166 308 3
166 309 5
166 310 7
166 311 8
167 313 5
167 314 9
167 316 1
167 317 3
167 318 3
167 319 1
168 256 7
168 258 5
168 259 7
168 260 2
168 261 1
168 263 5
169 267 5
169 266 7
169 269 9
169 264 1
169 270 8
169 265 1
169 271 5
170 272 7
170 273 1
170 274 2
170 276 6
170 277 4
170 278 9
170 279 1
171 280 3
171 281 4
171 282 7
171 283 6
171 284 2
171 285 9
171 286 6
171 287 5
172 288 6
172 289 1
172 290 8
172 291 2
172 292 4
172 293 8
172 294 1
172 295 8
172 40 10
172 41 7
172 42 7
172 43 7
172 44 7
172 45 4
172 47 5
173 296 8
173 298 10
173 300 6
173 46 7
173 47 9
173 302 2
173 301 5
173 297 5
173 303 3
174 304 4
174 305 4
174 306 1
174 307 6
174 309 1
174 310 7
174 311 3
175 47 2
175 312 1
175 313 5
175 314 10
175 316 10
175 318 9
175 319 10
176 256 3
176 257 4
176 258 6
176 259 2
176 260 4
176 261 7
176 263 4
177 264 5
177 266 4
177 267 2
177 268 6
177 269 8
177 270 4
177 271 6
178 272 9
178 278 2
178 279 3
178 274 2
178 273 1
178 275 9
178 277 6
178 276 10
179 281 3
179 282 8
179 283 9
179 284 1
179 285 6
179 286 10
179 287 9
180 288 5
180 289 4
180 290 9
180 291 9
180 292 1
180 294 9
180 295 6
180 49 10
180 50 4
180 51 2
180 53 7
180 54 8
180 55 9
181 296 8
181 297 1
181 298 1
181 299 3
181 300 7
181 301 3
181 302 7
181 303 4
181 49 10
181 50 10
181 52 9
181 53 10
181 54 4
181 55 6
182 304 8
182 310 6
182 305 2
182 307 7
182 311 7
182 48 3
182 49 1
182 306 8
182 51 9
182 52 5
182 53 3
182 54 4
182 55 5
182 308 7
182 309 10
183 312 8
183 313 6
183 314 6
183 315 10
183 316 2
183 317 7
183 318 6
183 319 5
184 256 6
184 257 6
184 260 9
184 261 9
184 262 8
184 263 9
184 56 4
184 57 7
184 58 1
184 60 3
184 61 2
184 63 6
185 264 1
185 265 8
185 266 8
185 267 6
185 268 1
185 270 6
185 271 5
185 56 8
185 57 9
185 58 4
185 59 3
185 60 10
185 61 6
185 63 2
186 272 3
186 274 2
186 275 7
186 276 7
186 277 9
186 278 4
186 279 9
186 56 6
186 58 10
186 59 4
186 60 7
186 61 7
186 62 10
186 63 7
187 283 9
187 284 2
187 285 10
187 287 5
187 280 1
187 286 8
187 281 5
187 56 4
187 57 6
187 59 9
187 60 2
187 61 6
187 62 10
187 63 8
188 288 2
188 289 7
188 291 1
188 292 3
188 293 9
188 294 9
188 295 2
188 56 9
188 57 10
188 58 10
188 59 2
188 60 5
188 61 9
188 62 5
188 63 6
189 296 3
189 297 10
189 298 8
189 299 5
189 300 6
189 301 3
189 302 6
189 303 5
189 56 5
189 57 8
189 58 5
189 59 3
189 60 7
189 61 1
189 63 2
190 304 1
190 305 4
190 306 7
190 307 9
190 308 3
190 309 10
190 310 3
190 311 1
190 56 5
190 57 8
190 58 3
190 59 2
190 60 4
190 61 2
190 62 9
190 63 2
191 317 1
191 312 7
191 318 4
191 319 6
191 313 5
191 56 5
191 57 9
191 58 4
191 314 7
191 316 9
191 61 3
191 62 9
191 63 9
192 256 4
192 261 7
192 262 7
192 257 10
192 258 3
192 259 10
192 260 9
192 263 10
193 264 1
193 265 8
193 266 8
193 267 10
193 268 6
193 269 7
193 270 6
193 271 6
194 272 4
194 273 10
194 275 1
194 276 1
194 277 8
194 278 1
194 279 4
195 280 4
195 281 6
195 282 5
195 283 6
195 284 4
195 285 2
195 286 10
195 287 5
196 290 3
196 295 4
196 289 5
196 288 6
196 294 1
196 291 7
196 292 4
196 293 3
197 296 4
197 297 1
197 298 3
197 299 5
197 300 6
197 301 1
197 302 9
197 303 1
198 304 3
198 305 4
198 306 3
198 307 5
198 308 10
198 309 4
198 310 3
198 311 4
199 312 1
199 313 7
199 314 2
199 315 7
199 316 3
199 317 4
199 318 1
199 319 1
200 256 6
200 257 1
200 258 6
200 259 6
200 260 4
200 261 9
200 262 4
200 263 3
201 267 3
201 264 6
201 269 4
201 270 7
201 268 5
201 265 10
201 271 3
201 266 6
202 272 10
202 273 8
202 274 8
202 275 8
202 276 10
202 277 4
202 278 2
202 279 9
203 280 8
203 281 8
203 282 2
203 283 3
203 284 3
203 285 6
203 286 9
203 287 4
204 288 7
204 289 8
204 290 10
204 291 7
204 292 5
204 293 3
204 294 1
204 295 9
205 299 5
205 296 1
205 302 8
205 300 5
205 301 2
205 297 7
205 303 2
205 298 9
206 304 8
206 305 6
206 306 2
206 307 1
206 308 1
206 309 6
206 310 6
206 311 7
207 312 6
207 313 9
207 314 10
207 315 5
207 316 3
207 317 2
207 318 2
207 319 10
208 256 4
208 257 5
208 258 8
208 259 1
208 260 8
208 261 10
208 262 4
208 263 3
209 264 4
209 265 2
209 266 2
209 267 9
209 268 4
209 269 4
209 270 5
209 271 10
210 272 2
210 278 2
210 273 6
210 275 2
210 279 6
210 274 3
210 276 5
210 277 9
211 280 4
211 281 7
211 282 4
211 283 1
211 284 1
211 285 2
211 286 10
211 287 4
212 288 1
212 289 7
212 290 2
212 291 2
212 292 9
212 293 7
212 294 10
212 295 9
212 80 1
212 81 2
212 82 1
212 83 10
212 84 1
212 85 3
212 86 5
213 296 6
213 297 4
213 298 7
213 299 7
213 300 2
213 301 4
213 302 9
213 303 9
213 80 5
213 81 8
213 82 2
213 83 7
213 84 9
213 85 3
213 86 8
213 87 5
214 304 6
214 310 2
214 305 2
214 307 8
214 311 9
214 306 8
214 80 8
214 81 4
214 82 3
214 83 9
214 84 9
214 85 6
214 86 8
214 87 1
214 308 8
214 309 10
215 312 8
215 313 4
215 314 10
215 315 1
215 316 2
215 317 9
215 318 3
215 319 7
216 256 4
216 257 4
216 258 1
216 259 5
216 260 4
216 261 1
216 262 1
216 263 10
216 88 7
216 89 7
216 90 1
216 91 6
216 93 5
216 94 2
216 95 7
217 264 7
217 265 1
217 266 4
217 267 9
217 268 1
217 269 9
217 270 9
217 271 6
217 88 1
217 89 6
217 90 3
217 91 6
217 92 5
217 93 7
217 94 3
217 95 5
218 272 8
218 273 6
218 274 1
218 275 6
218 276 6
218 277 2
218 278 9
218 279 2
218 88 5
218 89 10
218 90 5
218 91 9
218 92 4
218 93 7
218 94 9
218 95 1
219 282 7
219 284 3
219 285 6
219 287 10
219 280 8
219 283 2
219 286 9
219 281 8
219 88 2
219 89 9
219 90 9
219 91 5
219 92 4
219 93 7
219 94 8
219 95 7
220 288 5
220 289 4
220 290 8
220 291 4
220 292 6
220 293 4
220 294 3
220 295 5
220 88 6
220 90 7
220 91 9
220 92 9
220 93 4
220 94 7
220 95 1
221 296 1
221 297 4
221 298 5
221 299 10
221 300 7
221 301 6
221 302 10
221 303 1
221 88 9
221 89 8
221 90 10
221 91 4
221 92 1
221 93 10
221 95 3
222 304 5
222 305 9
222 306 5
222 307 7
222 308 4
222 309 5
222 310 4
222 311 8
222 89 3
222 90 9
222 91 3
222 92 9
222 93 6
222 95 4
223 315 1
223 314 7
223 316 7
223 317 10
223 312 8
223 319 5
223 313 10
223 88 1
223 89 2
223 90 10
223 91 3
223 92 8
223 93 7
223 318 6
223 95 10
224 256 10
224 262 2
224 257 7
224 258 3
224 259 8
224 260 10
224 263 3
224 261 1
225 264 10
225 265 7
225 266 2
225 267 3
225 268 4
225 269 3
225 270 5
225 271 5
226 272 3
226 273 6
226 274 5
226 275 1
226 276 6
226 277 9
226 278 6
226 279 5
227 280 10
227 281 2
227 282 5
227 283 9
227 284 2
227 285 1
227 286 4
227 287 8
228 288 10
228 290 1
228 289 1
228 294 8
228 291 10
228 292 6
228 295 5
228 293 10
229 296 3
229 297 6
229 298 8
229 299 3
229 300 7
229 301 4
229 302 4
229 303 1
230 304 4
230 305 5
230 306 9
230 307 1
230 308 2
230 309 9
230 310 2
230 311 1
231 312 7
231 313 4
231 314 2
231 315 10
231 316 1
231 317 3
231 318 10
231 319 2
232 256 10
232 257 1
232 258 3
232 259 4
232 260 6
232 261 8
232 262 6
232 263 8
233 267 6
233 264 9
233 269 8
233 270 7
233 268 2
233 265 1
233 271 7
233 266 3
234 272 5
234 273 3
234 274 7
234 275 7
234 276 4
234 277 1
234 278 10
234 279 6
235 280 3
235 281 8
235 282 8
235 283 9
235 284 3
235 285 1
235 286 2
235 287 1
236 288 6
236 289 8
236 290 10
236 291 7
236 292 6
236 293 6
236 294 5
236 295 10
236 105 8
236 106 2
236 107 2
236 108 5
236 109 2
237 299 6
237 110 4
237 111 9
237 296 5
237 302 3
237 300 5
237 301 9
237 297 2
237 303 1
237 298 1
238 304 7
238 305 8
238 306 8
238 307 2
238 308 2
238 309 5
238 310 2
238 311 10
239 312 5
239 313 7
239 314 8
239 315 1
239 316 6
239 317 7
239 318 1
239 319 2
240 256 10
240 257 7
240 258 9
240 259 8
240 260 7
240 261 10
240 262 10
240 263 10
241 264 5
241 265 1
241 266 7
241 267 6
241 268 4
241 269 7
241 270 5
241 271 3
242 272 4
242 278 6
242 273 3
242 279 10
242 274 3
242 275 4
242 276 9
242 277 4
243 280 10
243 281 3
243 282 6
243 283 9
243 284 5
243 285 2
243 286 3
243 287 10
244 288 6
244 289 7
244 290 10
244 291 10
244 292 4
244 293 9
244 294 3
244 295 4
244 112 2
244 113 9
244 114 10
244 115 5
244 116 10
244 117 9
244 118 2
244 119 4
245 296 3
245 297 5
245 298 10
245 299 7
245 300 4
245 301 4
245 302 3
245 303 10
245 112 5
245 113 10
245 115 9
245 116 8
245 117 8
245 118 2
245 119 4
246 304 6
246 310 2
246 305 2
246 307 8
246 311 4
246 306 3
246 112 1
246 113 4
246 114 6
246 115 3
246 116 5
246 117 2
246 118 3
246 119 4
246 308 8
246 309 10
247 312 2
247 313 8
247 314 1
247 315 3
247 316 7
247 317 5
247 318 3
247 319 2
248 256 10
248 257 9
248 258 4
248 259 7
248 260 2
248 261 7
248 262 4
248 263 1
248 120 7
248 121 9
248 122 3
248 124 2
248 125 7
248 126 1
249 264 1
249 265 9
249 266 4
249 267 4
249 268 6
249 269 7
249 270 10
249 271 8
249 120 7
249 121 3
249 122 1
249 123 10
249 124 6
249 125 8
249 126 5
249 127 10
250 272 10
250 273 2
250 274 5
250 275 10
250 276 4
250 277 1
250 278 8
250 279 6
250 120 5
250 121 6
250 122 4
250 123 6
250 124 6
250 126 10
250 127 9
251 282 8
251 284 6
251 285 5
251 287 5
251 280 7
251 283 8
251 286 9
251 281 8
251 120 3
251 121 10
251 122 9
251 123 4
251 124 1
251 125 5
251 126 9
251 127 7
252 288 1
252 289 8
252 290 10
252 291 1
252 292 7
252 293 8
252 294 5
252 295 7
252 120 1
252 121 1
252 122 2
252 123 8
252 124 6
252 125 3
252 126 5
252 127 6
253 296 8
253 297 7
253 298 3
253 299 10
253 300 4
253 301 4
253 302 10
253 303 8
253 120 9
253 121 2
253 122 5
253 123 10
253 124 8
253 125 6
253 126 5
253 127 8
254 304 4
254 305 6
254 306 8
254 307 4
254 308 9
254 309 10
254 310 8
254 311 4
254 120 5
254 121 7
254 122 10
254 123 5
254 124 9
254 125 1
254 126 1
254 127 8
255 315 5
255 314 2
255 316 5
255 317 6
255 312 1
255 318 6
255 319 8
255 120 4
255 313 10
255 122 6
255 123 4
255 124 8
255 125 3
255 126 9
255 127 6
256 299 2
257 281 1
258 282 10
259 291 8
260 313 3
261 300 6
262 268 4
263 273 10
264 294 2
265 269 8
266 313 3
267 299 3
268 308 2
269 272 1
270 280 2
271 303 7
272 286 9
273 318 9
274 279 4
275 298 9
276 309 5
277 288 10
278 299 4
279 280 4
280 315 3
281 318 6
282 309 4
283 302 6
284 305 4
285 307 3
286 308 10
287 305 6
288 296 8
289 310 7
290 300 9
291 315 6
292 314 6
293 297 2
294 319 10
295 316 4
296 312 7
297 308 8
298 318 3
299 306 2
300 314 9
301 316 9
302 310 7
303 316 9
304 313 3
305 311 1
306 314 8
307 315 8
308 315 8
309 312 9
310 313 4
311 318 6
312 313 1
313 315 1
314 100002 100
314 100004 100
315 100003 100
316 100001 100
316 100002 100
316 100004 100
317 100003 100
318 100000 100
318 100001 100
318 100002 100
319 100000 100
319 100001 100
319 100004 100
-2 1 100
-2 5 100
-5 2 100
-5 4 100
-4 3 100
-4 4 100
-3 0 100
-3 2 100
-1 1 100
-1 3 100
-1 5 100
