0 128 3
0 133 8
0 134 6
1 9 7
1 134 9
1 135 5
2 129 2
2 133 5
2 78 6
3 128 2
3 11 4
3 134 2
4 129 4
4 130 2
4 133 6
5 128 2
5 130 6
6 8 4
6 129 6
6 132 8
7 135 8
8 141 2
9 33 8
9 139 1
9 37 2
9 137 2
10 140 9
10 143 5
11 136 5
11 48 8
11 141 3
11 142 10
12 99 2
12 140 6
12 141 3
13 42 10
13 140 9
13 141 2
13 142 7
14 138 8
15 141 1
16 146 2
16 148 6
16 150 2
18 145 5
18 147 2
18 148 6
18 150 8
19 52 4
20 144 6
20 146 8
20 148 10
21 145 9
21 146 10
21 147 10
21 149 1
22 146 3
22 148 6
22 150 3
23 144 2
23 145 2
23 147 10
23 109 7
23 150 9
24 154 4
24 158 5
24 159 1
25 155 1
25 156 10
25 158 6
26 153 9
26 156 9
26 100 7
26 44 8
27 32 4
27 158 9
27 159 8
28 152 9
28 156 6
29 157 3
30 156 1
30 158 3
31 154 1
31 158 8
32 160 6
32 34 7
32 165 1
33 162 2
33 163 4
33 164 10
33 165 1
34 161 3
35 58 1
36 163 4
36 165 4
36 166 4
36 167 2
37 166 1
38 162 9
38 165 7
39 161 1
39 163 8
39 164 9
40 65 7
41 172 3
41 61 5
42 169 4
43 170 2
43 172 4
44 173 8
45 56 1
45 173 10
45 175 10
46 175 6
47 172 9
48 179 2
49 177 1
50 177 10
50 182 6
51 168 9
51 177 7
51 181 7
52 179 3
53 178 3
53 179 7
53 180 1
53 182 6
53 183 7
54 64 1
54 177 4
54 181 9
55 178 1
56 184 2
57 186 5
57 188 6
58 185 10
58 77 4
59 184 3
59 186 6
60 185 7
60 186 1
60 188 1
60 190 3
60 191 9
61 184 6
62 184 4
62 187 7
62 191 6
63 190 7
64 195 8
64 174 7
65 192 5
65 194 5
66 195 4
66 196 6
66 198 1
66 199 6
67 192 6
67 196 7
67 197 6
67 198 2
68 194 4
68 195 6
68 196 7
68 198 1
69 197 8
70 192 1
70 198 3
71 196 1
71 199 2
72 203 8
72 205 7
72 207 1
73 96 6
74 207 10
75 104 5
75 204 1
75 206 7
77 200 3
77 201 2
77 202 10
77 203 7
77 205 8
78 203 2
79 204 1
79 205 1
80 208 2
80 209 4
80 211 10
80 215 1
81 208 1
81 212 6
81 213 8
81 215 2
82 101 7
83 210 4
83 212 9
83 214 9
84 131 2
85 97 6
85 210 10
85 211 9
85 215 1
86 209 2
86 212 5
86 213 9
86 215 8
87 211 4
87 214 10
88 218 1
88 219 7
88 222 3
89 218 3
89 103 5
89 222 3
89 223 3
90 217 5
90 221 9
91 217 9
91 220 7
91 222 3
91 223 8
92 219 8
92 220 7
92 221 8
92 222 7
92 223 1
93 217 4
93 218 7
93 220 9
94 216 4
94 217 6
94 219 8
94 223 3
95 217 7
95 218 3
95 221 7
95 222 7
95 223 9
96 224 7
96 229 10
97 224 1
97 225 3
97 226 3
97 228 3
98 224 9
98 225 4
98 226 9
98 231 1
99 226 5
99 227 3
99 228 2
99 229 6
100 224 4
100 226 6
100 227 3
100 228 9
100 229 8
101 225 8
101 227 9
101 229 1
101 230 7
101 105 8
102 224 10
102 228 4
102 231 8
103 225 3
103 227 2
103 228 2
103 230 1
104 232 4
104 233 8
104 235 7
104 236 4
104 110 10
104 238 2
105 238 5
106 235 6
106 236 8
106 237 5
106 238 4
106 239 7
107 232 8
107 235 10
107 236 7
107 237 6
107 239 9
108 232 9
108 234 10
108 237 8
108 238 6
108 239 1
109 235 7
109 236 7
110 232 10
110 235 9
110 238 5
111 232 7
111 235 5
111 236 10
111 238 7
111 239 7
112 240 7
112 243 3
112 245 8
112 246 8
113 240 1
113 242 7
113 171 7
113 245 8
114 240 4
114 243 9
114 244 2
114 247 4
115 242 1
115 245 8
116 241 5
116 242 4
116 243 1
116 245 2
116 247 8
117 240 9
117 241 5
118 240 5
118 241 7
118 243 8
118 244 4
118 245 8
118 246 8
118 247 3
119 240 10
119 241 6
119 243 9
119 244 6
119 246 3
120 248 2
120 254 6
121 249 3
121 253 7
122 249 7
122 251 1
122 252 7
122 255 3
123 250 2
123 251 8
123 252 4
124 248 5
124 249 3
124 250 10
124 252 1
125 248 7
125 249 9
125 250 10
125 251 9
125 253 4
125 254 2
125 255 4
126 248 2
126 250 10
126 252 5
126 253 7
126 255 1
127 250 3
127 252 9
127 253 7
127 254 8
127 255 1
128 257 2
128 258 6
128 260 9
128 262 1
128 261 1
129 264 10
129 266 8
129 268 4
129 271 5
130 272 7
130 273 8
130 274 8
130 275 6
130 277 3
131 281 4
131 283 1
132 289 10
132 290 5
132 291 6
132 6 5
132 295 7
133 296 10
133 298 5
133 299 10
133 301 3
133 302 10
134 306 6
134 308 1
134 311 9
135 1 6
135 314 6
135 316 5
135 313 10
135 7 3
136 258 5
136 260 8
136 262 7
136 263 9
137 266 2
137 268 7
137 269 7
138 272 5
138 274 3
138 275 4
138 277 6
138 14 3
139 283 6
139 284 5
139 286 6
139 281 2
140 288 3
140 289 10
140 291 9
140 292 10
140 293 8
140 10 10
140 12 10
140 13 7
141 297 6
141 13 4
141 302 2
141 15 6
141 300 1
142 304 8
142 308 1
142 309 4
142 311 5
143 312 7
143 10 2
143 319 5
143 314 3
143 317 8
144 257 9
144 258 7
144 261 3
144 262 3
144 263 10
144 20 3
144 23 1
145 264 4
145 266 5
145 268 3
145 269 1
145 18 5
145 21 10
145 23 10
146 272 3
146 274 4
146 275 4
146 22 9
146 279 4
146 277 8
147 282 3
147 283 5
147 286 9
147 287 8
148 288 9
148 289 4
148 290 3
148 292 10
148 293 4
148 294 10
148 295 2
148 176 6
148 16 1
148 18 8
148 20 3
148 22 5
149 297 10
149 299 6
149 300 6
149 21 8
149 303 6
150 304 4
150 310 6
150 306 6
150 16 1
150 305 1
150 18 3
150 307 3
150 308 4
150 309 8
150 22 5
150 23 4
151 314 3
151 316 5
151 317 3
151 318 3
152 257 5
152 258 4
152 262 6
153 267 2
153 268 10
153 266 7
153 269 4
154 272 8
154 274 2
154 278 8
154 279 8
154 24 9
154 31 9
155 280 4
155 283 9
155 284 7
155 287 3
156 288 4
156 292 4
156 293 3
156 25 5
156 26 6
156 28 2
156 30 7
157 296 1
157 298 4
157 300 4
157 29 3
158 304 8
158 305 3
158 307 1
158 308 3
158 309 2
158 310 1
158 24 7
158 25 6
158 27 7
158 30 6
158 31 9
159 315 1
159 24 8
159 313 2
159 314 1
159 27 1
159 317 8
159 319 10
160 260 7
160 262 9
160 263 3
161 264 4
161 265 2
161 266 7
161 267 8
161 268 8
161 269 5
161 270 6
162 272 4
162 275 8
162 38 10
163 281 6
163 283 10
163 284 3
163 285 6
163 286 8
163 287 5
164 288 5
164 290 10
164 292 3
164 293 4
164 295 10
164 289 1
164 39 4
165 38 10
165 296 7
165 299 4
165 300 7
166 304 7
166 305 6
166 307 8
166 308 5
166 309 5
166 310 2
166 311 1
167 36 6
167 312 9
167 313 3
167 314 4
167 317 3
167 319 1
168 256 7
168 259 1
169 264 9
169 265 7
169 267 1
169 268 9
169 269 8
169 266 4
170 272 5
170 273 4
170 276 3
170 277 6
170 278 2
171 280 3
171 284 1
171 286 1
171 287 3
172 288 3
172 289 10
172 290 4
172 292 3
172 295 3
172 41 6
172 193 3
172 43 8
172 47 7
173 296 10
173 298 4
173 299 5
173 301 5
173 303 5
174 304 6
174 305 1
174 307 3
174 309 1
175 312 3
175 314 6
175 316 2
175 45 6
175 46 2
176 256 1
176 257 3
176 259 10
176 260 1
176 261 10
176 263 8
177 267 7
177 269 2
177 270 5
177 49 6
177 50 2
177 51 4
177 54 9
178 279 2
178 272 6
178 274 6
178 275 1
178 276 1
178 53 3
178 55 10
178 277 10
179 281 1
179 282 3
179 283 10
179 284 8
179 286 2
179 287 4
180 288 5
180 289 2
180 290 9
180 292 8
180 293 9
180 294 9
180 295 8
180 53 4
181 297 2
181 299 2
181 300 3
181 301 7
181 51 9
181 54 4
182 304 4
182 308 4
182 53 2
182 309 5
183 319 9
183 53 8
183 317 5
184 259 7
184 260 4
185 265 6
185 266 7
186 273 4
186 278 5
186 279 6
186 57 4
186 59 3
186 60 9
187 280 10
187 284 5
187 286 3
187 287 9
188 289 7
188 290 2
188 292 9
188 294 7
188 57 3
188 60 10
189 303 8
190 308 6
190 307 5
190 60 10
190 311 1
190 63 6
191 316 9
191 318 1
191 313 9
191 314 2
191 315 2
191 60 8
191 62 1
191 319 8
192 256 1
192 258 8
192 67 7
192 70 3
192 257 9
192 259 7
193 266 9
193 267 2
193 268 7
193 269 9
193 270 7
194 272 10
194 274 6
194 275 3
194 276 1
194 279 3
195 283 2
195 287 7
196 288 5
196 291 8
196 294 8
196 71 6
196 295 3
196 67 5
196 292 10
197 297 4
197 67 3
197 69 9
197 303 7
198 68 3
198 70 4
198 304 3
198 308 1
199 312 6
199 313 1
199 66 5
199 314 7
199 71 4
200 256 7
200 257 9
200 258 6
200 259 6
200 260 5
200 261 6
200 262 10
200 263 4
201 264 9
201 265 10
201 267 5
201 270 1
202 272 10
202 273 5
202 275 8
202 277 8
202 278 2
202 279 6
203 282 8
203 283 6
204 289 9
204 290 10
204 293 5
204 295 10
204 75 1
204 79 4
205 297 3
205 298 10
205 299 4
205 300 8
205 302 8
205 79 5
205 296 5
205 301 5
206 304 10
206 305 8
206 307 7
206 309 7
206 310 3
206 311 3
207 72 10
207 74 10
207 314 1
207 315 10
207 316 3
207 317 10
207 318 1
208 256 5
208 258 2
208 259 5
208 262 3
208 80 3
208 81 10
209 264 10
209 266 6
209 267 2
209 268 4
209 269 7
209 80 10
209 86 9
210 273 6
210 274 5
210 275 10
210 276 7
210 278 9
211 280 3
211 281 1
211 282 8
211 283 1
211 285 8
211 286 6
212 288 5
212 289 10
212 290 8
212 292 1
212 293 3
212 294 6
212 81 4
212 83 4
212 86 3
213 296 9
213 297 6
213 298 3
213 300 10
213 301 10
213 302 8
213 303 6
213 81 8
213 86 9
214 311 7
214 304 2
214 306 3
214 83 9
214 308 10
214 309 9
214 87 8
215 80 3
215 81 8
215 85 4
215 86 8
215 312 3
215 314 2
215 315 8
215 316 9
215 317 8
215 318 2
215 319 5
216 256 6
216 257 5
216 263 1
217 264 4
217 266 3
217 267 2
217 268 1
217 269 4
217 270 3
218 272 2
218 273 7
218 275 3
218 276 3
218 278 9
218 279 10
219 280 8
219 286 3
219 281 5
219 282 7
219 283 6
219 285 3
219 287 7
220 290 9
220 291 4
220 292 1
220 293 9
220 294 4
220 295 10
220 91 3
220 92 3
220 93 9
221 296 5
221 297 6
221 298 3
221 299 3
221 300 2
221 301 10
221 302 8
221 303 8
221 90 7
221 92 7
221 95 4
222 304 9
222 305 2
222 306 6
222 307 7
222 308 2
222 309 9
222 310 5
222 311 2
222 88 5
222 89 9
222 91 10
222 92 6
222 95 9
223 315 1
223 316 3
223 318 4
223 313 3
223 312 7
223 89 4
223 314 3
223 91 6
223 92 4
223 317 4
223 94 10
223 95 6
224 259 1
224 261 6
224 257 10
224 262 9
224 258 2
224 256 3
224 260 2
224 263 4
225 264 6
225 266 10
225 267 6
225 268 9
225 269 3
225 270 3
225 271 7
226 272 8
226 273 3
226 274 1
226 275 3
226 276 6
226 277 7
226 278 7
226 279 5
227 280 1
227 281 10
227 282 8
227 283 9
227 284 9
227 285 7
227 286 9
227 287 9
228 288 6
228 290 9
228 293 8
228 295 1
228 289 4
228 294 4
228 291 3
228 292 9
229 296 8
229 297 3
229 298 9
229 299 8
229 300 7
229 301 10
229 302 8
229 303 9
230 304 9
230 305 8
230 306 9
230 307 3
230 308 9
230 309 1
230 310 1
230 311 6
231 98 10
231 102 1
231 312 6
231 313 4
231 314 10
231 315 4
231 316 6
231 317 10
231 318 10
231 319 1
232 256 6
232 257 8
232 258 5
232 259 8
232 260 3
232 261 9
232 262 8
232 263 8
233 265 4
233 266 7
233 267 6
233 268 8
233 269 1
233 270 10
233 271 10
233 264 4
234 272 9
234 273 10
234 274 8
234 275 4
234 276 10
234 277 7
234 278 6
234 279 8
235 280 8
235 281 8
235 282 10
235 283 3
235 284 6
235 285 1
235 286 10
235 287 4
236 288 2
236 289 9
236 290 9
236 291 10
236 292 6
236 293 1
236 294 7
236 295 5
237 299 3
237 296 1
237 297 1
237 301 1
237 302 6
237 303 6
237 300 9
237 298 9
238 304 6
238 305 5
238 306 3
238 307 10
238 308 6
238 309 7
238 310 5
238 311 7
239 106 9
239 107 4
239 108 4
239 111 7
239 312 3
239 313 8
239 314 10
239 315 6
239 316 3
239 317 8
239 318 7
239 319 8
240 256 5
240 257 5
240 258 2
240 259 7
240 260 8
240 261 3
240 262 9
240 263 7
240 112 7
240 113 3
240 114 10
240 117 1
240 118 1
240 119 10
241 264 5
241 265 7
241 266 7
241 267 8
241 268 6
241 269 7
241 270 6
241 271 9
241 116 3
241 117 7
241 118 2
241 119 9
242 273 10
242 275 3
242 272 9
242 274 2
242 277 5
242 278 4
242 279 3
242 276 10
243 280 1
243 281 1
243 282 8
243 283 3
243 284 2
243 285 3
243 286 5
243 287 5
244 288 9
244 289 4
244 290 9
244 291 7
244 292 1
244 293 2
244 294 3
244 295 6
244 114 3
244 118 6
244 119 10
245 296 5
245 297 9
245 298 9
245 299 2
245 300 7
245 301 7
245 302 5
245 303 3
245 112 5
245 113 5
245 115 4
245 116 4
245 118 5
246 304 1
246 310 5
246 311 8
246 305 7
246 306 2
246 307 3
246 308 10
246 309 4
246 118 10
246 119 4
247 114 2
247 116 6
247 118 5
247 312 3
247 313 8
247 314 3
247 315 2
247 316 1
247 317 9
247 318 1
247 319 6
248 256 8
248 257 6
248 258 5
248 259 7
248 260 2
248 261 3
248 262 7
248 263 10
249 264 8
249 265 1
249 266 7
249 267 1
249 268 8
249 269 1
249 270 10
249 271 10
250 272 7
250 273 3
250 274 4
250 275 2
250 276 4
250 277 2
250 278 1
250 279 1
251 282 7
251 285 2
251 286 3
251 280 4
251 281 4
251 284 10
251 283 4
251 287 7
252 288 6
252 289 8
252 290 1
252 291 5
252 292 9
252 293 1
252 294 1
252 295 2
252 122 10
252 123 10
252 124 6
252 126 8
252 127 8
253 296 4
253 297 10
253 298 1
253 299 10
253 300 3
253 301 9
253 302 10
253 303 10
253 121 4
253 125 3
253 126 4
253 127 6
254 304 7
254 305 4
254 306 7
254 307 7
254 308 9
254 309 7
254 310 9
254 311 7
254 120 10
254 125 8
254 127 6
255 315 7
255 317 9
255 319 2
255 318 8
255 312 2
255 313 7
255 122 8
255 314 8
255 316 1
255 125 9
255 126 5
255 127 1
256 311 4
257 280 5
258 283 6
259 307 2
260 286 6
261 271 9
262 280 4
263 286 5
264 290 8
265 276 10
266 274 9
267 285 9
268 277 8
269 279 4
270 308 7
271 311 1
272 305 4
273 291 10
274 293 9
275 291 10
276 301 5
277 306 2
278 289 1
279 291 7
280 304 1
281 311 10
282 306 2
283 285 7
284 296 3
285 295 10
286 296 10
287 311 3
288 307 7
289 291 1
290 298 3
291 300 9
292 307 7
293 299 10
294 298 7
295 308 6
296 311 8
297 307 6
298 308 2
299 308 2
300 301 5
301 307 3
302 311 3
303 253 3
303 229 8
303 197 1
303 173 6
303 189 10
303 245 9
303 237 7
303 213 3
303 221 2
303 149 6
304 307 9
305 309 6
306 100000 100
306 100001 100
307 100000 100
307 100003 100
308 100002 100
309 100002 100
309 100001 100
310 100000 100
310 100002 100
310 100004 100
311 100003 100
311 100004 100
312 167 4
312 199 8
312 239 3
312 247 1
312 175 1
312 215 9
312 143 5
312 231 4
312 255 6
312 223 5
313 167 10
313 199 4
313 255 4
313 231 9
313 223 1
313 239 10
313 247 3
313 159 6
313 135 4
313 191 8
314 247 8
314 223 1
314 167 1
314 135 1
314 239 9
314 191 8
314 207 2
314 175 9
314 215 8
314 151 3
314 143 10
314 231 4
314 255 1
314 199 9
314 159 7
315 231 3
315 247 1
315 159 1
315 207 2
315 255 3
315 215 9
315 223 2
315 239 1
315 191 3
316 135 3
316 215 4
316 239 3
316 247 7
316 223 6
316 175 9
316 151 8
316 207 4
316 231 7
316 255 5
316 191 9
317 167 9
317 151 5
317 239 7
317 247 2
317 223 9
317 207 2
317 183 2
317 143 6
317 231 2
317 255 9
317 215 6
317 159 7
318 231 6
318 151 1
318 239 1
318 207 9
318 215 4
318 223 9
318 247 9
318 255 2
318 191 1
319 167 9
319 215 10
319 239 9
319 247 4
319 143 6
319 183 7
319 159 3
319 231 2
319 255 3
319 191 9
-2 2 100
-2 3 100
-2 4 100
-5 0 100
-5 5 100
-4 2 100
-4 4 100
-4 5 100
-3 1 100
-3 2 100
-3 3 100
-1 0 100
-1 3 100
-1 5 100
