0 1 4
0 10 7
0 50 6
0 51 2
0 21 8
0 42 8
0 30 10
0 31 3
1 17 10
1 50 4
1 51 10
1 14 1
2 37 4
2 6 2
2 7 1
2 13 4
2 50 6
2 51 4
3 24 8
3 49 2
3 50 1
3 51 4
3 12 3
4 32 7
4 43 4
4 50 5
4 51 8
5 50 4
5 51 5
6 16 7
6 9 1
6 50 4
6 51 3
6 41 6
7 8 1
7 11 7
7 50 2
7 51 5
8 50 2
8 51 4
9 19 7
9 50 3
9 51 10
10 27 1
10 50 7
10 51 7
10 18 6
10 15 4
11 50 10
11 51 4
11 36 7
11 34 6
11 22 8
12 50 7
12 51 3
12 23 2
13 40 4
13 50 4
13 51 10
13 20 6
13 26 6
14 50 9
14 51 8
15 48 6
15 35 5
15 50 6
15 51 2
16 50 10
16 51 1
16 28 9
17 33 8
17 50 3
17 51 9
18 50 10
18 51 2
19 50 4
19 51 10
20 50 7
20 51 10
20 44 2
21 50 10
21 51 3
21 29 10
21 39 8
22 50 3
22 51 1
23 25 1
23 50 10
23 51 3
24 50 9
24 51 1
25 50 2
25 51 10
26 50 7
26 51 2
27 50 3
27 51 8
28 50 4
28 51 6
29 50 8
29 51 2
29 46 4
30 50 3
30 51 10
31 50 1
31 51 10
32 50 4
32 51 3
33 50 1
33 51 5
34 50 8
34 51 2
35 50 6
35 51 4
36 50 7
36 51 10
37 50 5
37 51 1
37 45 10
37 38 10
38 50 7
38 51 10
39 50 6
39 51 9
40 50 9
40 51 7
41 50 6
41 51 6
42 50 9
42 51 9
43 50 4
43 51 5
44 50 7
44 51 2
44 47 6
45 50 4
45 51 9
46 50 8
46 51 5
47 50 6
47 51 5
48 50 6
48 51 4
49 50 5
49 51 7
50 52 6
50 53 10
50 54 2
50 55 6
50 56 1
50 57 8
50 58 7
50 59 3
50 60 6
50 61 2
50 62 9
50 63 2
50 64 5
50 65 1
50 66 3
50 67 7
50 68 3
50 69 6
50 70 10
50 71 8
50 72 3
50 73 5
50 74 7
50 75 1
50 76 5
50 77 7
50 78 9
50 79 7
50 80 9
50 81 6
50 82 2
50 83 5
50 84 4
50 85 3
50 86 8
50 87 1
50 88 7
50 89 3
50 90 10
50 91 5
50 92 7
50 93 7
50 94 9
50 95 7
50 96 1
50 97 3
50 98 2
50 99 7
50 100 8
50 101 9
51 52 8
51 53 8
51 54 4
51 55 4
51 56 2
51 57 10
51 58 8
51 59 10
51 60 9
51 61 9
51 62 8
51 63 6
51 64 2
51 65 10
51 66 5
51 67 4
51 68 5
51 69 5
51 70 4
51 71 10
51 72 4
51 73 1
51 74 9
51 75 6
51 76 2
51 77 10
51 78 10
51 79 7
51 80 6
51 81 10
51 82 6
51 83 1
51 84 7
51 85 1
51 86 1
51 87 1
51 88 7
51 89 10
51 90 8
51 91 8
51 92 3
51 93 9
51 94 8
51 95 3
51 96 9
51 97 2
51 98 4
51 99 5
51 100 3
51 101 4
52 76 1
53 83 5
54 76 3
55 66 2
56 72 10
57 64 8
58 101 2
59 81 8
60 75 7
61 78 5
62 90 7
63 83 10
64 94 5
65 74 6
66 68 9
67 100 4
68 71 3
69 87 7
70 94 2
71 76 9
72 86 9
73 89 6
74 86 10
75 78 7
76 87 5
77 82 2
78 96 2
79 92 8
80 96 3
81 91 2
82 99 1
83 99 2
84 87 6
85 92 10
86 87 2
87 100 8
88 92 1
89 93 1
90 101 3
91 97 3
92 99 1
93 95 9
94 96 7
95 98 8
96 100000 100
96 100001 100
96 100003 100
97 101 1
98 100000 100
98 100002 100
99 100000 100
99 100001 100
99 100002 100
99 100003 100
100 100004 100
101 100001 100
101 100004 100
-2 4 100
-2 5 100
-5 0 100
-5 2 100
-4 3 100
-3 2 100
-3 3 100
-3 5 100
-1 0 100
-1 4 100
