0 12 7
0 37 1
0 38 1
0 7 6
1 38 4
1 39 7
2 40 4
2 8 1
2 10 2
2 6 7
2 39 7
3 40 5
3 41 1
3 22 1
3 14 2
4 41 7
4 37 1
5 35 3
5 37 9
5 38 6
5 13 6
5 21 6
5 27 2
6 9 1
6 20 10
6 38 10
6 39 9
7 40 9
7 39 9
8 36 7
8 40 5
8 41 5
8 15 4
8 17 1
8 25 1
9 41 8
9 11 10
9 37 9
10 37 10
10 38 8
11 31 9
11 38 3
11 39 10
12 40 4
12 16 7
12 39 4
13 40 2
13 41 2
13 26 5
13 24 3
14 41 9
14 18 4
14 37 3
15 33 6
15 37 5
15 38 4
16 38 9
16 39 1
17 40 1
17 19 1
17 39 7
18 40 8
18 41 6
19 41 9
19 37 2
19 23 5
20 37 6
20 38 7
21 28 10
21 38 3
21 39 8
22 40 10
22 34 3
22 29 8
22 39 2
23 40 8
23 41 9
24 41 10
24 37 9
25 32 3
25 37 2
25 38 10
26 38 6
26 39 1
27 40 1
27 39 9
28 40 2
28 41 3
28 30 7
29 41 7
29 37 1
30 37 6
30 38 8
31 38 5
31 39 7
32 40 5
32 39 3
33 40 8
33 41 5
34 41 4
34 37 3
35 37 2
35 38 8
36 38 4
36 39 10
37 42 6
37 43 8
37 44 4
37 45 5
37 46 1
37 47 8
37 48 4
37 49 3
37 50 5
37 51 9
37 52 9
37 53 2
37 54 10
37 55 5
37 56 4
38 42 5
38 43 10
38 44 1
38 45 2
38 46 1
38 47 3
38 48 7
38 49 2
38 50 8
38 51 2
38 52 1
38 53 5
38 54 7
38 55 7
38 56 2
39 42 3
39 43 8
39 44 10
39 45 1
39 46 6
39 47 7
39 48 7
39 49 3
39 50 7
39 51 2
39 52 10
39 53 8
39 54 7
39 55 9
39 56 7
40 42 4
40 43 5
40 44 1
40 45 6
40 46 10
40 47 10
40 48 8
40 49 6
40 50 8
40 51 9
40 52 6
40 53 1
40 54 9
40 55 8
40 56 9
41 42 1
41 43 2
41 44 1
41 45 9
41 46 1
41 47 3
41 48 6
41 49 7
41 50 3
41 51 1
41 52 4
41 53 3
41 54 8
41 55 8
41 56 4
42 55 5
43 53 2
44 55 8
45 48 8
46 56 7
47 54 10
48 52 6
49 56 6
50 54 3
51 100001 100
52 100001 100
52 100003 100
53 100000 100
54 100000 100
54 100001 100
54 100002 100
54 100003 100
55 100004 100
56 100002 100
56 100004 100
-2 1 100
-2 5 100
-5 2 100
-5 4 100
-4 4 100
-4 5 100
-3 0 100
-3 4 100
-3 5 100
-1 2 100
-1 3 100
-1 5 100
