0 6 1
0 8 5
0 203 2
0 12 3
0 40 3
0 250 3
0 251 3
0 28 5
0 26 4
1 33 3
1 7 3
1 41 1
1 11 4
1 13 4
1 52 2
1 21 4
1 251 1
1 252 1
1 181 1
2 78 2
2 27 2
2 252 2
2 253 1
2 54 5
3 38 2
3 74 2
3 242 1
3 253 5
3 254 5
3 31 5
4 24 3
4 17 2
4 254 2
4 255 3
5 256 5
5 35 2
5 105 5
5 14 4
5 221 4
5 255 3
6 256 2
6 257 2
6 102 5
6 10 4
6 176 3
6 16 4
7 257 1
7 258 3
7 23 1
7 20 3
7 9 4
8 258 4
8 259 1
8 80 2
8 22 3
8 119 2
8 220 1
8 30 2
9 19 3
9 250 3
9 259 1
9 124 4
10 250 2
10 251 5
10 244 2
10 109 5
10 134 2
11 43 4
11 251 5
11 252 2
11 85 3
11 108 3
12 178 5
12 67 4
12 252 1
12 253 1
12 45 2
13 64 3
13 15 1
13 48 3
13 18 4
13 253 4
13 254 2
14 160 5
14 25 1
14 254 4
14 255 1
15 256 2
15 162 1
15 39 3
15 51 2
15 151 5
15 185 5
15 29 2
15 255 3
16 256 1
16 257 4
17 257 5
17 258 5
18 258 5
18 259 1
18 147 2
18 126 4
18 175 2
19 49 1
19 250 3
19 259 1
19 66 5
19 101 1
20 32 1
20 97 5
20 250 2
20 251 4
20 36 4
21 107 2
21 42 5
21 251 2
21 252 3
22 163 4
22 252 5
22 253 3
22 159 1
23 236 3
23 253 4
23 254 3
24 120 2
24 44 5
24 254 2
24 255 2
25 256 5
25 34 3
25 68 2
25 37 4
25 72 5
25 169 2
25 79 2
25 255 3
26 256 5
26 257 4
26 60 1
26 100 2
26 47 5
27 257 4
27 258 2
27 77 1
28 258 3
28 259 5
28 226 1
29 250 4
29 259 2
29 50 3
29 95 5
30 250 4
30 251 5
30 61 4
31 130 4
31 251 5
31 70 4
31 140 5
31 212 1
31 123 4
31 252 4
32 58 5
32 252 2
32 253 2
32 63 4
33 73 1
33 46 4
33 253 2
33 254 3
34 205 5
34 254 3
34 255 2
35 256 3
35 198 1
35 255 4
36 256 5
36 257 1
36 121 2
37 232 5
37 257 3
37 258 3
37 57 1
38 99 5
38 258 3
38 259 1
38 156 3
39 250 2
39 259 3
39 150 5
40 201 4
40 250 3
40 251 4
41 251 1
41 252 5
41 53 2
42 55 5
42 252 3
42 253 1
42 69 2
42 111 3
43 253 2
43 254 3
43 182 3
44 65 1
44 75 2
44 92 1
44 254 2
44 255 2
45 256 3
45 103 2
45 137 2
45 110 4
45 86 2
45 255 2
46 256 2
46 257 4
46 238 5
47 56 4
47 257 3
47 258 2
47 82 4
48 96 5
48 258 4
48 259 5
48 171 5
49 250 1
49 259 4
49 94 5
49 62 3
49 154 3
50 83 4
50 250 1
50 251 4
51 113 1
51 251 1
51 252 3
51 125 5
52 252 1
52 253 1
52 71 1
53 59 1
53 253 4
53 254 5
54 104 3
54 90 4
54 210 4
54 254 2
54 255 4
55 256 5
55 255 2
56 256 1
56 257 4
56 248 1
56 88 3
57 208 2
57 257 3
57 258 3
57 89 5
58 258 1
58 259 4
58 114 5
59 250 3
59 259 4
59 167 1
60 136 3
60 250 2
60 251 1
60 172 5
61 251 1
61 252 1
62 252 4
62 253 5
63 253 5
63 254 4
64 146 4
64 254 1
64 255 5
65 256 2
65 87 3
65 255 3
66 256 4
66 257 4
66 98 3
67 257 4
67 258 1
67 81 5
68 258 5
68 259 1
68 179 4
69 112 5
69 250 2
69 259 5
70 91 5
70 250 3
70 251 1
71 251 4
71 252 2
72 115 5
72 252 4
72 253 1
72 213 4
73 253 4
73 254 1
74 254 1
74 255 4
75 256 5
75 76 3
75 133 4
75 255 5
76 256 5
76 257 5
76 84 4
77 257 5
77 258 3
78 258 5
78 259 3
78 222 4
78 247 2
79 250 5
79 259 4
80 250 1
80 251 2
81 168 2
81 251 3
81 252 1
82 128 4
82 241 3
82 252 5
82 253 1
83 170 5
83 219 5
83 253 5
83 254 1
84 254 5
84 255 5
85 256 1
85 161 1
85 173 5
85 129 2
85 255 1
86 256 1
86 257 2
86 132 4
86 166 5
87 257 1
87 258 5
87 239 3
87 191 5
88 258 2
88 259 4
88 122 3
88 227 4
89 250 4
89 259 1
89 204 4
89 157 2
90 250 5
90 251 4
91 251 3
91 252 2
92 252 4
92 253 5
92 93 3
93 223 5
93 253 3
93 254 1
93 117 2
94 116 1
94 254 5
94 255 5
95 256 3
95 255 5
96 256 4
96 257 3
96 243 3
97 184 4
97 257 5
97 258 3
97 189 2
97 193 3
98 258 5
98 259 4
98 118 3
99 250 4
99 259 1
99 190 3
100 250 5
100 251 4
101 251 4
101 252 3
101 149 3
102 106 3
102 252 5
102 253 2
103 253 3
103 254 5
104 254 3
104 255 3
105 256 2
105 233 3
105 255 3
106 256 4
106 257 4
106 142 5
107 257 4
107 258 4
108 258 4
108 259 5
109 250 1
109 259 4
109 183 1
110 250 1
110 251 1
111 251 3
111 252 4
111 174 3
112 252 5
112 253 3
112 141 4
113 253 5
113 254 4
114 127 5
114 165 5
114 254 1
114 255 4
115 256 1
115 145 1
115 231 3
115 255 1
116 256 2
116 257 2
116 195 4
116 240 1
117 257 4
117 258 1
118 258 5
118 259 2
119 250 5
119 259 5
120 250 1
120 251 2
120 202 2
120 143 5
121 251 5
121 252 2
121 214 5
121 158 1
122 224 4
122 252 4
122 253 3
122 135 3
123 138 1
123 131 1
123 253 1
123 254 3
124 254 1
124 255 3
125 256 2
125 218 5
125 255 2
126 256 4
126 257 2
126 186 5
126 155 5
127 257 1
127 258 4
127 139 2
128 258 4
128 259 2
129 209 5
129 250 1
129 259 3
130 250 1
130 251 2
131 251 1
131 252 2
132 148 5
132 188 5
132 252 1
132 253 4
133 153 2
133 253 4
133 254 1
134 237 1
134 254 2
134 255 5
135 256 1
135 255 2
136 256 1
136 257 2
136 164 5
137 257 5
137 258 2
137 230 4
138 216 5
138 258 4
138 259 1
139 250 5
139 259 1
140 250 4
140 251 2
141 251 5
141 252 5
142 152 2
142 252 5
142 253 4
143 144 4
143 253 4
143 254 2
144 254 5
144 255 1
145 256 5
145 255 1
146 256 4
146 257 1
147 257 5
147 258 4
148 258 3
148 259 2
149 177 3
149 250 3
149 259 5
149 215 3
149 207 4
150 200 4
150 250 2
150 251 2
151 251 3
151 252 3
152 252 1
152 253 1
153 253 3
153 254 2
154 254 2
154 255 2
155 256 4
155 255 4
156 256 1
156 257 4
157 257 3
157 258 2
157 187 1
158 258 1
158 259 2
159 250 5
159 259 1
160 250 2
160 251 5
161 180 2
161 251 2
161 252 5
162 252 2
162 253 1
163 253 5
163 254 1
164 254 2
164 255 2
165 256 4
165 255 3
166 256 4
166 257 3
167 257 4
167 258 4
168 258 5
168 259 3
168 199 1
169 250 3
169 259 2
170 250 3
170 251 2
171 251 5
171 252 2
171 197 4
172 252 4
172 253 1
173 253 1
173 254 4
174 254 4
174 255 5
175 256 2
175 255 2
176 256 5
176 257 5
177 192 2
177 257 5
177 258 3
178 258 5
178 259 1
179 250 3
179 259 5
180 250 4
180 251 1
181 251 3
181 252 3
182 252 4
182 253 2
183 253 4
183 254 4
184 245 3
184 229 4
184 254 5
184 255 1
185 256 4
185 255 2
186 256 2
186 257 2
187 257 2
187 258 5
188 258 4
188 259 2
189 225 1
189 250 2
189 259 2
190 250 3
190 251 2
191 196 5
191 251 5
191 252 2
191 211 3
191 235 4
192 252 3
192 253 1
192 206 4
193 217 2
193 194 3
193 253 5
193 254 1
194 254 3
194 255 3
195 256 1
195 255 1
196 256 3
196 257 4
197 257 2
197 258 4
198 258 3
198 259 2
199 250 2
199 259 4
200 250 1
200 251 5
201 251 2
201 252 3
202 228 5
202 252 4
202 253 1
203 253 1
203 254 1
204 254 4
204 255 3
205 256 4
205 255 2
206 256 1
206 257 3
207 257 4
207 258 1
208 258 1
208 259 2
209 250 2
209 259 3
210 250 3
210 251 5
211 251 5
211 252 1
212 252 1
212 253 2
213 253 2
213 254 4
214 254 4
214 255 4
215 256 2
215 255 3
216 256 1
216 257 2
217 257 1
217 258 4
218 258 2
218 259 4
219 250 3
219 259 2
220 250 3
220 251 3
221 251 5
221 252 4
222 252 4
222 253 5
223 246 4
223 253 4
223 254 5
223 249 1
224 254 1
224 255 4
225 256 4
225 255 5
226 256 2
226 257 5
227 257 2
227 258 3
228 258 2
228 259 4
229 250 4
229 259 3
230 250 4
230 251 2
231 234 3
231 251 3
231 252 3
232 252 3
232 253 1
233 253 5
233 254 4
234 254 5
234 255 4
235 256 1
235 255 3
236 256 2
236 257 3
237 257 1
237 258 5
238 258 4
238 259 4
239 250 2
239 259 4
240 250 4
240 251 1
241 251 5
241 252 3
242 252 3
242 253 5
243 253 4
243 254 1
244 254 5
244 255 1
245 256 4
245 255 5
246 256 1
246 257 3
247 257 3
247 258 3
248 258 3
248 259 1
249 250 1
249 259 4
250 260 5
250 261 1
250 262 5
250 263 3
250 264 1
250 265 2
250 266 1
250 267 3
250 268 1
250 269 1
250 270 1
250 271 5
250 272 1
250 273 5
250 274 4
250 275 3
250 276 3
250 277 1
250 278 4
250 279 5
250 280 5
250 281 4
250 282 3
250 283 5
250 284 4
250 285 1
250 286 5
250 287 1
250 288 1
250 289 4
250 290 5
250 291 4
250 292 4
250 293 2
250 294 3
250 295 3
250 296 5
250 297 2
250 298 3
250 299 2
250 300 3
250 301 3
250 302 2
250 303 3
250 304 5
250 305 1
250 306 3
250 307 3
250 308 3
250 309 3
251 260 5
251 261 1
251 262 3
251 263 5
251 264 1
251 265 5
251 266 1
251 267 5
251 268 2
251 269 4
251 270 3
251 271 5
251 272 5
251 273 5
251 274 3
251 275 3
251 276 5
251 277 5
251 278 2
251 279 4
251 280 4
251 281 1
251 282 3
251 283 4
251 284 4
251 285 2
251 286 3
251 287 4
251 288 3
251 289 1
251 290 3
251 291 3
251 292 3
251 293 1
251 294 5
251 295 4
251 296 4
251 297 3
251 298 4
251 299 4
251 300 1
251 301 2
251 302 2
251 303 2
251 304 5
251 305 5
251 306 3
251 307 2
251 308 3
251 309 2
252 260 1
252 261 1
252 262 5
252 263 5
252 264 3
252 265 4
252 266 3
252 267 3
252 268 1
252 269 4
252 270 2
252 271 5
252 272 5
252 273 4
252 274 1
252 275 4
252 276 2
252 277 2
252 278 2
252 279 5
252 280 3
252 281 2
252 282 2
252 283 1
252 284 3
252 285 1
252 286 1
252 287 3
252 288 4
252 289 5
252 290 1
252 291 2
252 292 4
252 293 1
252 294 5
252 295 2
252 296 2
252 297 3
252 298 5
252 299 3
252 300 4
252 301 5
252 302 2
252 303 3
252 304 3
252 305 4
252 306 2
252 307 1
252 308 3
252 309 4
253 260 5
253 261 2
253 262 2
253 263 1
253 264 4
253 265 2
253 266 3
253 267 1
253 268 5
253 269 2
253 270 4
253 271 5
253 272 5
253 273 4
253 274 1
253 275 5
253 276 2
253 277 2
253 278 3
253 279 1
253 280 4
253 281 2
253 282 4
253 283 5
253 284 2
253 285 1
253 286 4
253 287 1
253 288 1
253 289 1
253 290 1
253 291 1
253 292 2
253 293 5
253 294 5
253 295 3
253 296 4
253 297 4
253 298 3
253 299 2
253 300 1
253 301 1
253 302 3
253 303 1
253 304 5
253 305 2
253 306 4
253 307 3
253 308 5
253 309 5
254 260 2
254 261 2
254 262 1
254 263 4
254 264 4
254 265 2
254 266 3
254 267 4
254 268 3
254 269 2
254 270 4
254 271 3
254 272 4
254 273 5
254 274 1
254 275 2
254 276 4
254 277 5
254 278 2
254 279 4
254 280 3
254 281 4
254 282 4
254 283 2
254 284 4
254 285 2
254 286 5
254 287 3
254 288 3
254 289 1
254 290 4
254 291 1
254 292 1
254 293 4
254 294 3
254 295 1
254 296 3
254 297 3
254 298 4
254 299 2
254 300 3
254 301 1
254 302 4
254 303 4
254 304 1
254 305 1
254 306 1
254 307 5
254 308 3
254 309 1
255 260 5
255 261 3
255 262 5
255 263 5
255 264 5
255 265 3
255 266 4
255 267 3
255 268 2
255 269 2
255 270 4
255 271 4
255 272 1
255 273 3
255 274 3
255 275 1
255 276 4
255 277 1
255 278 4
255 279 4
255 280 1
255 281 3
255 282 1
255 283 3
255 284 1
255 285 3
255 286 5
255 287 1
255 288 3
255 289 3
255 290 5
255 291 5
255 292 2
255 293 3
255 294 3
255 295 5
255 296 5
255 297 2
255 298 5
255 299 4
255 300 2
255 301 4
255 302 3
255 303 1
255 304 2
255 305 1
255 306 2
255 307 2
255 308 3
255 309 3
256 260 3
256 261 3
256 262 1
256 263 5
256 264 2
256 265 1
256 266 4
256 267 2
256 268 3
256 269 1
256 270 3
256 271 3
256 272 3
256 273 4
256 274 2
256 275 1
256 276 5
256 277 4
256 278 2
256 279 2
256 280 5
256 281 3
256 282 5
256 283 5
256 284 5
256 285 2
256 286 3
256 287 2
256 288 5
256 289 4
256 290 1
256 291 1
256 292 2
256 293 4
256 294 3
256 295 3
256 296 3
256 297 2
256 298 5
256 299 1
256 300 4
256 301 1
256 302 1
256 303 2
256 304 5
256 305 3
256 306 4
256 307 2
256 308 1
256 309 1
257 260 5
257 261 4
257 262 5
257 263 3
257 264 4
257 265 2
257 266 4
257 267 4
257 268 2
257 269 4
257 270 4
257 271 1
257 272 5
257 273 3
257 274 3
257 275 4
257 276 5
257 277 3
257 278 4
257 279 3
257 280 3
257 281 4
257 282 4
257 283 5
257 284 3
257 285 3
257 286 4
257 287 2
257 288 3
257 289 5
257 290 4
257 291 1
257 292 2
257 293 1
257 294 4
257 295 3
257 296 1
257 297 3
257 298 5
257 299 4
257 300 2
257 301 5
257 302 4
257 303 3
257 304 1
257 305 1
257 306 3
257 307 2
257 308 4
257 309 3
258 260 4
258 261 5
258 262 1
258 263 4
258 264 3
258 265 4
258 266 4
258 267 3
258 268 4
258 269 3
258 270 5
258 271 1
258 272 5
258 273 5
258 274 2
258 275 3
258 276 5
258 277 4
258 278 4
258 279 5
258 280 3
258 281 4
258 282 2
258 283 3
258 284 1
258 285 4
258 286 4
258 287 5
258 288 2
258 289 5
258 290 1
258 291 4
258 292 3
258 293 1
258 294 1
258 295 5
258 296 4
258 297 2
258 298 3
258 299 3
258 300 1
258 301 1
258 302 4
258 303 3
258 304 1
258 305 3
258 306 4
258 307 3
258 308 3
258 309 1
259 260 5
259 261 2
259 262 5
259 263 2
259 264 1
259 265 3
259 266 2
259 267 5
259 268 4
259 269 1
259 270 5
259 271 2
259 272 2
259 273 1
259 274 4
259 275 4
259 276 2
259 277 1
259 278 3
259 279 3
259 280 2
259 281 1
259 282 2
259 283 1
259 284 1
259 285 5
259 286 3
259 287 4
259 288 1
259 289 3
259 290 2
259 291 3
259 292 2
259 293 3
259 294 4
259 295 3
259 296 1
259 297 5
259 298 3
259 299 3
259 300 5
259 301 1
259 302 4
259 303 5
259 304 3
259 305 2
259 306 4
259 307 3
259 308 3
259 309 3
260 294 2
261 283 1
262 288 1
263 282 1
264 294 1
265 303 5
266 304 3
267 271 1
268 275 1
269 290 4
270 287 2
271 283 5
272 281 5
273 309 2
274 277 3
275 291 1
276 297 1
277 302 1
278 280 1
279 297 3
280 300 5
281 294 3
282 308 4
283 307 3
284 296 3
285 300 5
286 293 4
287 291 3
288 303 5
289 294 1
290 292 5
291 300 5
292 306 2
293 303 1
294 308 3
295 302 2
296 305 4
297 301 2
298 299 3
299 308 4
300 302 3
301 302 5
302 303 1
303 308 3
304 100002 50
305 100004 50
305 100000 50
305 100002 50
306 100004 50
306 100000 50
306 100003 50
307 100004 50
307 100001 50
307 100002 50
307 100003 50
308 100001 50
308 100000 50
309 100001 50
309 100003 50
-2 1 50
-2 3 50
-5 0 50
-5 1 50
-5 5 50
-4 0 50
-4 2 50
-4 4 50
-3 0 50
-3 2 50
-3 5 50
-1 1 50
-1 2 50
