0 2 2
0 67 1
0 39 3
0 15 4
0 16 4
0 125 1
0 126 1
1 9 3
1 37 3
1 126 5
1 127 2
2 128 3
2 6 4
2 8 3
2 11 4
2 54 4
2 127 1
3 128 2
3 129 4
4 48 2
4 129 4
4 130 4
4 42 3
5 36 4
5 130 3
5 131 2
5 20 1
5 10 5
6 131 1
6 132 4
6 7 3
6 77 2
6 17 5
6 21 4
6 118 4
7 132 5
7 133 4
7 107 2
7 12 1
7 56 2
7 62 2
7 63 5
8 66 5
8 55 5
8 133 2
8 134 1
8 13 4
9 102 2
9 51 1
9 125 5
9 134 1
10 26 2
10 50 1
10 125 3
10 126 5
11 28 2
11 14 3
11 126 1
11 127 3
12 128 4
12 23 5
12 61 5
12 127 5
13 128 5
13 129 4
13 105 5
14 129 4
14 130 1
14 65 4
14 44 5
14 46 4
14 22 4
15 130 1
15 131 3
15 29 1
16 43 2
16 98 5
16 131 5
16 132 1
17 18 3
17 132 5
17 133 2
18 19 5
18 34 5
18 133 2
18 134 1
18 115 3
18 117 5
18 95 3
19 81 3
19 125 1
19 134 5
20 27 3
20 125 5
20 126 5
21 53 1
21 126 2
21 127 2
22 128 3
22 24 1
22 104 2
22 127 1
23 128 4
23 129 3
23 91 2
23 25 5
24 129 2
24 130 5
24 38 1
25 32 1
25 130 4
25 131 4
25 119 1
26 131 2
26 132 3
26 31 5
27 33 4
27 132 5
27 133 4
28 35 2
28 133 4
28 134 3
29 30 1
29 125 2
29 134 3
30 58 2
30 125 2
30 126 1
31 126 4
31 127 3
32 128 2
32 40 5
32 127 5
33 128 2
33 129 2
33 52 2
33 41 5
34 129 3
34 130 4
34 100 4
34 73 2
35 113 3
35 130 3
35 131 1
35 85 4
36 49 5
36 131 3
36 132 2
36 94 3
37 88 1
37 132 1
37 133 2
38 72 2
38 76 1
38 133 4
38 134 3
39 80 2
39 70 4
39 125 5
39 134 4
39 69 1
40 125 2
40 126 4
41 45 4
41 126 4
41 127 2
42 128 1
42 127 4
43 128 3
43 129 2
44 129 5
44 130 2
44 79 5
44 110 1
44 57 2
45 130 4
45 131 1
45 47 3
46 131 2
46 132 2
47 132 3
47 133 5
48 97 3
48 133 3
48 134 2
49 108 4
49 125 1
49 134 3
49 87 3
50 125 5
50 126 1
50 103 1
51 64 1
51 126 1
51 127 5
52 128 4
52 114 3
52 83 3
52 127 1
53 128 3
53 129 5
54 129 3
54 130 4
55 130 5
55 131 5
55 74 2
55 71 5
56 131 5
56 132 5
57 60 1
57 90 2
57 132 3
57 133 2
57 78 2
58 59 3
58 133 5
58 134 4
59 68 4
59 125 5
59 134 4
59 111 2
60 82 4
60 122 5
60 125 4
60 126 4
61 126 1
61 127 5
62 128 5
62 127 5
63 128 2
63 129 1
63 106 1
64 129 2
64 130 2
65 75 5
65 130 4
65 131 4
66 99 2
66 121 2
66 131 3
66 132 1
67 132 1
67 133 1
68 133 2
68 134 1
69 125 4
69 134 4
70 125 5
70 126 2
71 126 1
71 127 4
72 128 2
72 127 5
73 128 2
73 129 5
74 129 4
74 130 2
74 84 3
75 130 1
75 131 3
76 131 4
76 132 4
77 132 2
77 133 1
77 109 4
78 133 1
78 134 5
79 125 3
79 134 4
80 120 5
80 125 1
80 126 3
81 96 2
81 126 2
81 127 4
82 128 4
82 127 5
83 128 1
83 129 3
84 129 3
84 130 4
85 130 3
85 131 5
85 86 4
86 124 1
86 131 5
86 132 1
87 89 4
87 132 4
87 133 3
88 92 3
88 133 2
88 134 4
89 125 3
89 134 3
89 101 5
90 125 5
90 126 1
90 93 2
91 126 1
91 127 3
92 128 4
92 127 4
93 128 1
93 129 5
94 129 3
94 130 5
95 130 4
95 131 1
96 131 2
96 132 3
97 132 3
97 133 3
98 133 2
98 134 3
99 125 3
99 134 2
100 125 1
100 126 5
101 126 3
101 127 4
102 128 5
102 112 1
102 127 5
103 128 3
103 129 4
104 129 3
104 130 2
104 116 5
105 123 5
105 130 4
105 131 1
106 131 2
106 132 2
107 132 3
107 133 1
108 133 2
108 134 4
109 125 1
109 134 5
110 125 2
110 126 3
111 126 1
111 127 5
112 128 4
112 127 4
113 128 4
113 129 5
114 129 2
114 130 2
115 130 3
115 131 1
116 131 1
116 132 1
117 132 4
117 133 4
118 133 2
118 134 4
119 125 2
119 134 1
120 125 1
120 126 1
121 126 4
121 127 1
122 128 5
122 127 2
123 128 5
123 129 3
124 129 5
124 130 4
125 135 5
125 136 1
125 139 3
125 140 5
125 141 3
125 142 3
125 143 4
125 144 4
125 145 4
125 146 3
125 149 1
125 150 3
125 151 2
125 152 1
125 153 5
125 154 2
125 155 1
125 156 3
125 159 2
125 157 3
125 158 5
125 137 1
125 138 3
125 147 3
125 148 5
126 135 3
126 136 1
126 137 3
126 140 5
126 141 1
126 142 1
126 143 2
126 144 3
126 145 4
126 146 3
126 147 3
126 150 1
126 151 5
126 152 5
126 153 4
126 154 3
126 155 5
126 156 2
126 157 4
126 158 1
126 138 4
126 159 3
126 139 5
126 148 5
126 149 4
127 150 1
127 135 5
127 136 3
127 137 4
127 138 5
127 141 5
127 142 4
127 143 1
127 144 5
127 145 2
127 146 5
127 147 2
127 148 5
127 151 3
127 152 5
127 153 3
127 154 3
127 155 1
127 156 3
127 157 3
127 158 2
127 159 1
127 139 1
127 140 1
127 149 3
128 150 3
128 135 1
128 136 5
128 137 1
128 138 3
128 139 4
128 142 3
128 143 2
128 144 1
128 145 1
128 146 1
128 147 5
128 148 4
128 149 5
128 152 4
128 153 2
128 154 5
128 155 5
128 156 4
128 157 3
128 158 2
128 159 1
128 151 5
128 141 2
128 140 3
129 135 1
129 136 2
129 137 5
129 138 2
129 139 1
129 140 4
129 143 1
129 144 1
129 145 2
129 146 3
129 147 2
129 148 5
129 149 1
129 150 3
129 153 4
129 154 1
129 155 5
129 156 4
129 157 1
129 158 4
129 159 4
129 151 2
129 141 5
129 142 2
129 152 4
130 135 1
130 136 3
130 137 4
130 138 3
130 139 3
130 140 4
130 141 3
130 144 5
130 145 2
130 146 1
130 147 2
130 148 3
130 149 2
130 150 2
130 151 5
130 154 4
130 155 1
130 156 5
130 157 2
130 158 1
130 159 4
130 142 3
130 152 3
130 143 3
130 153 2
131 135 4
131 136 1
131 137 4
131 138 1
131 139 2
131 140 3
131 141 3
131 142 1
131 145 4
131 146 4
131 147 1
131 148 4
131 149 1
131 150 5
131 151 3
131 152 1
131 155 4
131 156 3
131 154 3
131 158 2
131 159 4
131 157 2
131 143 1
131 144 5
131 153 4
132 136 3
132 137 5
132 138 3
132 139 3
132 140 5
132 141 4
132 142 2
132 143 5
132 146 4
132 144 2
132 148 5
132 149 3
132 150 1
132 151 4
132 152 3
132 153 3
132 156 5
132 154 1
132 158 2
132 159 1
132 155 5
132 135 3
132 145 4
132 157 5
132 147 2
133 137 4
133 138 3
133 139 3
133 140 2
133 141 5
133 142 2
133 143 1
133 144 3
133 147 3
133 148 2
133 149 5
133 150 4
133 151 1
133 152 3
133 153 3
133 154 2
133 157 1
133 158 5
133 159 1
133 155 3
133 156 3
133 135 5
133 136 5
133 145 3
133 146 1
134 135 4
134 138 1
134 139 2
134 140 1
134 141 3
134 142 1
134 143 3
134 144 4
134 145 1
134 148 3
134 149 2
134 150 3
134 151 5
134 152 1
134 153 5
134 154 1
134 155 2
134 158 4
134 159 1
134 156 3
134 157 5
134 137 2
134 146 2
134 147 4
134 136 4
135 158 5
136 154 4
137 138 3
138 151 3
139 143 3
140 147 3
141 148 1
142 146 3
143 153 4
144 147 3
145 158 4
146 157 5
147 148 4
148 151 3
149 155 2
150 154 1
151 157 3
152 158 4
153 158 1
154 100002 50
154 100004 50
154 100000 50
155 100001 50
155 100002 50
155 100003 50
155 100004 50
156 100002 50
156 100003 50
156 100000 50
157 158 5
158 100000 50
159 100003 50
159 100004 50
-2 1 50
-2 5 50
-5 4 50
-5 5 50
-4 0 50
-4 3 50
-4 4 50
-3 0 50
-3 5 50
-1 0 50
-1 3 50
-1 5 50
