0 50 8
0 51 1
1 51 6
1 52 4
2 52 2
2 53 5
3 53 9
3 54 9
4 54 7
4 55 4
5 56 3
5 55 5
6 56 8
6 57 1
7 57 2
7 58 2
8 58 5
8 59 10
9 50 3
9 59 6
10 50 3
10 51 8
11 51 2
11 52 6
12 52 5
12 53 6
13 53 9
13 54 1
14 54 7
14 55 1
15 56 1
15 55 8
16 56 7
16 57 10
17 57 5
17 58 5
18 58 4
18 59 6
19 50 6
19 59 3
20 50 7
20 51 6
21 51 3
21 52 10
22 52 5
22 53 8
23 53 4
23 54 1
24 54 4
24 55 1
25 56 4
25 55 5
26 56 2
26 57 10
27 57 2
27 58 8
28 58 8
28 59 4
29 50 3
29 59 2
30 50 8
30 51 7
31 51 10
31 52 3
32 52 4
32 53 9
33 53 3
33 54 10
34 54 7
34 55 3
35 56 8
35 55 6
36 56 9
36 57 4
37 57 8
37 58 8
38 58 1
38 59 4
39 50 6
39 59 6
40 50 6
40 51 7
41 51 5
41 52 1
42 52 7
42 53 4
43 53 9
43 54 6
44 54 3
44 55 4
45 56 8
45 55 9
46 56 10
46 57 5
47 57 8
47 58 6
48 58 1
48 59 2
49 50 10
49 59 7
50 64 3
50 66 2
50 67 5
50 68 7
50 69 5
50 65 2
50 39 2
50 40 8
50 9 7
50 10 2
50 61 3
50 49 6
50 19 5
50 20 4
50 62 1
50 60 2
50 29 8
50 30 4
50 63 2
51 1 10
51 66 7
51 67 6
51 68 3
51 69 10
51 65 9
51 40 4
51 41 7
51 10 9
51 11 4
51 64 3
51 20 6
51 21 1
51 62 10
51 63 8
51 60 9
51 61 9
51 30 8
51 31 7
52 32 4
52 1 10
52 2 8
52 67 8
52 68 4
52 69 3
52 65 10
52 64 9
52 41 9
52 42 8
52 11 2
52 12 6
52 66 3
52 21 10
52 22 8
52 63 3
52 60 8
52 61 5
52 62 2
52 31 7
53 32 9
53 33 8
53 2 10
53 3 4
53 66 4
53 69 4
53 65 2
53 64 7
53 42 10
53 43 2
53 12 4
53 13 1
53 67 5
53 22 3
53 23 8
53 68 5
53 60 8
53 61 4
53 62 10
53 63 5
54 64 8
54 33 10
54 34 5
54 3 4
54 4 9
54 69 5
54 65 3
54 43 8
54 44 5
54 13 6
54 14 10
54 67 6
54 66 6
54 23 8
54 24 1
54 68 2
54 60 5
54 61 8
54 62 3
54 63 4
55 64 1
55 65 2
55 34 6
55 35 8
55 4 2
55 5 1
55 68 10
55 44 10
55 45 1
55 14 10
55 15 7
55 67 4
55 66 7
55 69 4
55 24 4
55 25 7
55 60 8
55 61 2
55 62 8
55 63 2
56 64 4
56 65 7
56 66 9
56 35 6
56 36 5
56 5 9
56 6 2
56 68 5
56 45 4
56 46 5
56 15 7
56 16 3
56 67 7
56 69 10
56 25 5
56 26 6
56 60 6
56 61 6
56 62 10
56 63 4
57 64 4
57 65 4
57 66 3
57 67 7
57 36 7
57 37 8
57 6 1
57 7 3
57 46 7
57 47 1
57 16 5
57 17 6
57 69 4
57 68 7
57 26 4
57 27 6
57 60 1
57 61 9
57 62 9
57 63 9
58 64 7
58 65 1
58 66 2
58 67 5
58 68 4
58 37 8
58 38 2
58 7 8
58 8 1
58 60 2
58 47 9
58 48 2
58 17 3
58 18 7
58 69 4
58 27 7
58 28 3
58 61 6
58 62 10
58 63 10
59 64 9
59 65 4
59 66 2
59 67 7
59 68 1
59 69 8
59 38 7
59 39 7
59 8 3
59 9 3
59 61 4
59 60 1
59 48 7
59 49 8
59 18 4
59 19 8
59 28 3
59 29 1
59 62 7
59 63 10
60 50 5
60 51 1
60 52 5
60 53 4
60 54 7
60 55 2
60 56 3
60 57 10
60 58 8
60 59 3
61 50 7
61 51 7
61 52 2
61 53 5
61 54 5
61 55 7
61 56 9
61 57 2
61 58 7
61 59 5
62 50 8
62 51 7
62 52 9
62 53 8
62 54 9
62 55 7
62 56 10
62 57 2
62 58 3
62 59 8
63 50 4
63 51 2
63 52 4
63 53 10
63 54 5
63 55 7
63 56 4
63 57 10
63 58 2
63 59 2
64 100003 100
64 100004 100
64 52 10
64 53 6
64 54 8
64 55 5
64 56 3
64 57 7
64 58 7
64 59 5
65 100001 100
65 50 9
65 51 2
65 52 3
65 53 1
65 54 7
65 55 9
65 56 10
65 57 4
65 58 6
65 59 3
66 100000 100
66 100001 100
66 100002 100
66 50 9
66 51 2
66 52 8
66 53 3
66 54 4
66 55 8
66 56 10
66 57 7
66 58 2
66 59 3
67 100000 100
67 100002 100
67 50 3
67 51 3
67 52 2
67 53 6
67 54 7
67 55 5
67 56 2
67 57 6
67 58 3
67 59 4
68 100002 100
68 100004 100
68 50 9
68 51 7
68 52 6
68 53 10
68 54 7
68 55 8
68 56 3
68 57 2
68 58 5
68 59 3
69 100000 100
69 100003 100
69 100004 100
69 50 5
69 51 2
69 52 3
69 53 10
69 54 9
69 55 6
69 56 4
69 57 10
69 58 10
69 59 5
-2 1 100
-2 5 100
-5 3 100
-4 2 100
-4 4 100
-4 5 100
-3 3 100
-3 4 100
-3 5 100
-1 4 100
-1 5 100
