0 12 2
0 13 5
0 7 2
1 10 4
1 2 5
1 13 1
1 14 3
2 9 4
2 14 4
2 15 5
3 16 3
3 6 3
3 15 2
4 16 5
4 12 5
5 11 3
5 12 2
5 13 2
6 13 2
6 14 1
7 8 5
7 14 5
7 15 4
8 16 2
8 15 5
9 16 5
9 12 2
10 12 3
10 13 2
11 13 5
11 14 1
12 17 4
12 18 4
12 19 5
12 20 1
12 21 1
13 17 3
13 18 3
13 19 4
13 20 5
13 21 3
14 17 2
14 18 5
14 19 4
14 20 4
14 21 3
15 17 3
15 18 5
15 19 2
15 20 3
15 21 1
16 100000 50
16 17 4
16 18 4
16 19 1
16 20 2
16 21 4
17 20 4
18 100002 50
18 100003 50
18 100004 50
19 100001 50
19 100003 50
20 100000 50
20 100001 50
20 100002 50
20 100003 50
20 100004 50
21 100000 50
21 100004 50
-2 0 50
-2 1 50
-2 3 50
-5 4 50
-5 5 50
-4 3 50
-4 4 50
-4 5 50
-3 0 50
-3 4 50
-1 0 50
-1 1 50
-1 4 50
