0 43 4
0 75 9
0 76 5
0 6 6
0 15 5
1 12 8
1 76 7
1 77 4
1 7 9
2 77 1
2 78 9
3 10 3
3 78 8
3 79 1
4 80 5
4 8 10
4 32 9
4 79 8
5 16 3
5 45 4
5 13 8
5 80 5
5 81 6
5 50 2
5 31 3
6 81 7
6 82 3
6 19 10
6 52 8
6 21 6
7 25 10
7 82 9
7 83 4
8 9 1
8 42 7
8 83 1
8 84 3
8 63 9
9 18 10
9 75 3
9 84 4
9 70 4
10 11 7
10 75 2
10 76 6
10 14 6
11 76 10
11 77 4
11 30 1
12 17 7
12 28 1
12 77 10
12 78 2
13 78 3
13 79 9
14 80 6
14 79 3
15 80 3
15 81 9
15 36 2
16 81 2
16 82 8
17 56 7
17 82 2
17 83 4
17 23 6
18 46 3
18 83 4
18 84 2
18 22 2
18 55 2
18 26 3
19 27 6
19 20 7
19 75 2
19 84 6
19 64 2
20 75 6
20 76 4
21 33 4
21 40 8
21 76 5
21 77 9
21 54 8
21 29 2
22 24 8
22 72 5
22 77 10
22 78 10
23 39 6
23 78 6
23 79 7
24 80 2
24 79 8
25 80 3
25 81 9
25 34 6
26 81 5
26 82 9
26 71 3
27 82 2
27 83 3
27 38 2
28 83 3
28 84 1
28 37 3
29 57 7
29 75 3
29 84 2
29 73 1
29 44 6
30 75 10
30 76 8
31 59 10
31 35 8
31 76 3
31 77 10
31 47 5
32 77 1
32 78 8
33 78 3
33 79 1
34 80 4
34 41 10
34 79 9
35 80 7
35 81 3
35 58 9
35 60 9
36 48 3
36 81 3
36 82 2
37 82 4
37 83 8
38 51 6
38 66 5
38 83 9
38 84 3
39 75 8
39 84 9
39 69 1
40 75 8
40 76 8
40 53 3
41 76 5
41 77 9
42 77 8
42 78 8
43 78 8
43 79 4
44 80 8
44 79 9
45 80 7
45 81 3
46 81 2
46 82 3
47 65 3
47 82 1
47 83 10
47 49 2
48 67 1
48 83 2
48 84 10
49 75 10
49 84 7
50 75 6
50 76 10
51 76 1
51 77 2
52 74 7
52 77 1
52 78 8
53 78 9
53 79 1
54 80 8
54 79 4
55 80 3
55 81 1
55 62 10
56 81 7
56 82 10
57 82 10
57 83 4
58 83 6
58 84 3
59 75 2
59 84 2
60 75 6
60 76 2
60 61 9
61 76 3
61 77 2
62 77 7
62 78 9
63 78 7
63 79 2
64 80 9
64 79 10
65 80 2
65 81 9
66 81 9
66 82 8
66 68 10
67 82 5
67 83 6
68 83 5
68 84 3
69 75 4
69 84 2
70 75 9
70 76 9
71 76 8
71 77 1
72 77 2
72 78 9
73 78 5
73 79 10
74 80 10
74 79 7
75 85 1
75 86 5
75 87 5
75 88 1
75 89 9
75 90 6
75 91 3
75 92 9
75 93 10
75 94 3
75 95 9
75 96 8
75 97 2
75 98 6
75 99 5
76 85 3
76 86 6
76 87 4
76 88 3
76 89 3
76 90 2
76 91 4
76 92 6
76 93 4
76 94 9
76 95 2
76 96 5
76 97 6
76 98 3
76 99 3
77 85 10
77 86 2
77 87 1
77 88 3
77 89 1
77 90 2
77 91 2
77 92 9
77 93 9
77 94 8
77 95 10
77 96 6
77 97 5
77 98 5
77 99 6
78 85 7
78 86 8
78 87 1
78 88 10
78 89 4
78 90 3
78 91 10
78 92 9
78 93 10
78 94 4
78 95 1
78 96 1
78 97 4
78 98 1
78 99 10
79 85 9
79 86 10
79 87 10
79 88 7
79 89 10
79 90 6
79 91 8
79 92 8
79 93 4
79 94 6
79 95 10
79 96 5
79 97 10
79 98 3
79 99 7
80 85 6
80 86 2
80 87 3
80 88 7
80 89 6
80 90 1
80 91 1
80 92 1
80 93 4
80 94 10
80 95 1
80 96 6
80 97 1
80 98 3
80 99 2
81 85 6
81 86 1
81 87 4
81 88 9
81 89 6
81 90 10
81 91 2
81 92 3
81 93 6
81 94 1
81 95 4
81 96 8
81 97 9
81 98 1
81 99 8
82 85 5
82 86 4
82 87 10
82 88 4
82 89 3
82 90 3
82 91 10
82 92 1
82 93 2
82 94 1
82 95 4
82 96 6
82 97 1
82 98 2
82 99 5
83 85 10
83 86 3
83 87 5
83 88 1
83 89 9
83 90 6
83 91 8
83 92 2
83 93 2
83 94 9
83 95 5
83 96 4
83 97 8
83 98 1
83 99 1
84 85 3
84 86 5
84 87 7
84 88 9
84 89 8
84 90 5
84 91 1
84 92 3
84 93 3
84 94 6
84 95 8
84 96 9
84 97 3
84 98 10
84 99 6
85 88 6
86 95 5
87 88 3
88 93 4
89 95 9
90 91 3
91 98 9
92 94 3
93 97 8
94 100000 100
94 100004 100
95 100002 100
95 100003 100
95 100004 100
96 100000 100
96 100001 100
96 100002 100
96 100004 100
97 100000 100
97 100001 100
98 100003 100
99 100001 100
99 100002 100
-2 0 100
-2 2 100
-2 3 100
-5 4 100
-5 5 100
-4 0 100
-4 5 100
-3 1 100
-3 5 100
-1 2 100
-1 3 100
