0 37 4
0 38 3
1 22 4
1 6 5
1 38 1
1 39 2
2 40 4
2 20 4
2 13 4
2 39 1
3 40 4
3 41 3
3 18 4
4 41 3
4 11 1
4 12 4
4 37 5
4 7 3
5 26 3
5 35 2
5 28 2
5 37 5
5 38 3
6 8 1
6 10 1
6 38 3
6 39 5
7 40 4
7 9 1
7 15 5
7 39 5
8 40 4
8 41 2
9 32 1
9 41 4
9 37 1
10 16 2
10 14 4
10 37 5
10 38 5
11 17 3
11 38 4
11 39 1
12 40 4
12 25 1
12 34 1
12 39 5
13 40 1
13 41 4
13 36 4
13 23 4
14 41 4
14 37 1
14 29 3
15 19 1
15 37 4
15 38 4
15 21 4
16 38 3
16 39 5
17 40 4
17 33 5
17 39 2
18 40 1
18 41 3
18 31 1
19 41 5
19 27 3
19 37 2
20 37 1
20 38 3
21 24 1
21 38 2
21 39 5
22 40 2
22 39 5
23 40 2
23 41 3
24 41 5
24 37 4
25 37 4
25 38 2
26 38 2
26 39 4
27 40 2
27 39 4
28 40 5
28 41 4
28 30 4
29 41 1
29 37 3
30 37 4
30 38 4
31 38 2
31 39 3
32 40 4
32 39 5
33 40 1
33 41 5
34 41 1
34 37 5
35 37 1
35 38 4
36 38 4
36 39 5
37 42 3
37 43 4
37 44 3
37 45 3
37 46 1
37 47 3
37 48 3
37 49 2
37 50 3
37 51 5
37 52 1
37 53 5
37 54 5
37 55 4
37 56 2
38 42 2
38 43 1
38 44 3
38 45 3
38 46 3
38 47 4
38 48 1
38 49 1
38 50 5
38 51 2
38 52 2
38 53 1
38 54 5
38 55 1
38 56 2
39 42 5
39 43 1
39 44 1
39 45 4
39 46 2
39 47 5
39 48 1
39 49 3
39 50 5
39 51 5
39 52 4
39 53 4
39 54 5
39 55 3
39 56 5
40 42 3
40 43 5
40 44 3
40 45 2
40 46 4
40 47 5
40 48 2
40 49 4
40 50 2
40 51 5
40 52 4
40 53 1
40 54 5
40 55 4
40 56 3
41 42 1
41 43 1
41 44 5
41 45 3
41 46 4
41 47 2
41 48 5
41 49 4
41 50 2
41 51 2
41 52 4
41 53 4
41 54 1
41 55 3
41 56 4
42 53 4
43 53 4
44 49 1
45 52 2
46 48 2
47 51 4
48 53 4
49 53 1
50 51 5
51 100000 50
51 100002 50
51 100003 50
52 100001 50
52 100003 50
52 100004 50
53 100000 50
54 55 3
55 100001 50
55 100003 50
55 100004 50
56 100000 50
56 100001 50
56 100002 50
56 100004 50
-2 0 50
-2 1 50
-2 2 50
-5 0 50
-5 1 50
-4 0 50
-4 1 50
-4 4 50
-3 0 50
-3 1 50
-3 3 50
-1 3 50
-1 4 50
-1 5 50
