0 10 8
0 11 5
1 10 8
1 11 8
2 10 3
2 11 8
2 7 1
3 8 8
3 10 10
3 11 1
3 6 10
4 10 1
4 11 5
5 10 4
5 11 6
6 10 9
6 11 10
7 10 9
7 11 7
8 9 10
8 10 6
8 11 8
9 10 6
9 11 9
10 12 7
10 13 1
10 14 1
10 15 6
10 16 6
10 17 9
10 18 6
10 19 7
10 20 1
10 21 2
11 12 10
11 13 8
11 14 7
11 15 1
11 16 2
11 17 10
11 18 8
11 19 7
11 20 1
11 21 5
12 14 9
13 21 1
14 19 2
15 20 7
16 100004 100
16 100002 100
17 100000 100
17 100004 100
17 100002 100
18 100001 100
18 100003 100
19 100000 100
19 100001 100
19 100003 100
20 100003 100
21 100000 100
21 100004 100
-2 0 100
-2 1 100
-2 2 100
-5 1 100
-5 3 100
-5 5 100
-4 2 100
-4 3 100
-4 5 100
-3 0 100
-3 5 100
-1 0 100
-1 2 100
-1 4 100
