0 25 1
0 26 2
1 26 6
1 27 10
2 27 6
2 28 2
3 28 5
3 29 1
3 6 6
4 8 7
4 25 7
4 29 4
4 7 10
5 25 7
5 26 6
6 26 9
6 27 8
7 10 9
7 27 4
7 28 8
8 20 9
8 28 1
8 29 6
9 25 10
9 29 8
10 25 1
10 26 6
10 11 9
11 26 10
11 27 7
12 27 6
12 28 7
12 15 9
13 16 1
13 28 8
13 29 3
14 25 3
14 29 8
15 25 5
15 26 5
16 26 8
16 27 5
17 27 2
17 28 9
18 28 2
18 29 8
19 25 10
19 29 3
19 21 9
20 25 6
20 26 10
21 26 6
21 27 10
22 27 3
22 28 1
23 28 3
23 29 6
24 25 6
24 29 1
25 32 1
25 34 3
25 35 1
25 38 8
25 33 2
25 39 5
25 36 8
25 37 2
25 30 10
25 31 10
26 34 10
26 35 3
26 36 2
26 32 2
26 39 5
26 33 1
26 38 1
26 37 8
26 30 6
26 31 6
27 32 4
27 35 7
27 36 3
27 33 7
27 34 1
27 22 9
27 39 1
27 38 2
27 37 4
27 30 9
27 31 4
28 32 6
28 33 5
28 36 4
28 37 1
28 38 9
28 39 4
28 12 4
28 13 5
28 34 4
28 17 2
28 18 6
28 35 5
28 22 6
28 23 3
28 30 2
28 31 1
29 32 3
29 33 8
29 34 9
29 37 10
29 35 9
29 39 5
29 9 5
29 13 8
29 14 5
29 18 1
29 19 7
29 23 3
29 24 2
29 36 3
29 38 6
29 30 5
29 31 6
30 38 9
31 34 4
32 39 10
33 36 8
34 100000 100
34 100002 100
35 37 5
36 100002 100
37 100000 100
37 100001 100
37 100003 100
37 100004 100
38 100001 100
38 100003 100
39 100000 100
39 100002 100
39 100003 100
39 100004 100
-2 1 100
-2 2 100
-2 3 100
-5 1 100
-5 5 100
-4 3 100
-4 4 100
-3 0 100
-3 1 100
-3 5 100
-1 0 100
-1 4 100
-1 5 100
