0 25 3
0 26 3
1 26 5
1 27 4
2 27 5
2 28 2
2 6 4
3 28 3
3 29 4
4 29 3
4 30 3
5 30 3
5 31 1
6 32 5
6 31 2
7 32 4
7 33 1
8 33 3
8 34 5
9 25 4
9 34 2
10 25 5
10 26 2
11 26 2
11 27 2
12 27 2
12 28 4
13 28 1
13 29 4
14 29 2
14 30 2
15 30 5
15 31 4
16 32 1
16 31 1
17 32 1
17 33 4
18 33 2
18 34 4
19 25 5
19 34 5
20 25 2
20 26 1
21 26 5
21 27 1
22 27 1
22 28 2
23 28 2
23 29 5
24 29 1
24 30 2
25 35 3
25 36 4
25 37 5
25 38 4
25 39 4
25 9 1
25 10 2
25 19 1
25 20 4
26 35 1
26 36 2
26 37 3
26 38 1
26 39 4
26 10 4
26 11 5
26 20 5
26 21 1
27 35 4
27 36 5
27 37 3
27 38 2
27 39 4
27 11 5
27 12 2
27 21 3
27 22 3
28 36 1
28 37 2
28 38 1
28 39 2
28 12 1
28 13 5
28 35 1
28 22 3
28 23 2
29 37 2
29 38 5
29 39 1
29 13 1
29 14 5
29 35 1
29 23 1
29 24 4
29 36 4
30 35 2
30 38 1
30 39 4
30 14 3
30 15 4
30 24 2
30 36 1
30 37 2
31 35 2
31 36 1
31 39 3
31 15 5
31 16 4
31 38 1
31 37 1
32 35 5
32 36 5
32 37 2
32 39 2
32 16 5
32 17 5
32 38 3
33 35 3
33 36 5
33 37 2
33 38 2
33 7 2
33 8 1
33 39 5
33 17 2
33 18 4
34 35 3
34 36 2
34 37 2
34 38 2
34 39 2
34 8 3
34 9 4
34 18 4
34 19 2
34 100003 50
35 100004 50
35 100001 50
35 100000 50
36 100003 50
36 100000 50
36 100002 50
37 100004 50
37 100000 50
37 100002 50
38 100004 50
38 100001 50
38 100002 50
-2 2 50
-2 4 50
-2 5 50
-5 0 50
-5 1 50
-5 3 50
-4 1 50
-4 3 50
-4 4 50
-3 0 50
-3 2 50
-3 5 50
-1 0 50
-1 1 50
-1 5 50
