0 11 1
0 16 5
0 50 5
0 51 3
1 8 2
1 50 3
1 51 2
2 50 4
2 51 3
3 31 5
3 50 5
3 51 2
3 7 1
4 50 3
4 51 4
4 18 4
4 6 1
5 33 2
5 9 2
5 45 3
5 14 3
5 50 5
5 51 3
5 27 5
6 50 1
6 51 5
6 42 2
7 50 5
7 51 4
8 50 3
8 51 1
8 10 5
9 50 2
9 51 1
9 28 4
9 29 4
10 50 3
10 51 1
10 12 1
10 13 5
11 19 3
11 50 3
11 51 4
12 49 5
12 41 4
12 46 1
12 15 1
12 17 3
12 50 1
12 51 1
12 21 3
12 24 4
12 26 3
13 50 5
13 51 1
14 50 4
14 51 4
14 39 2
15 50 1
15 51 4
15 38 4
16 50 2
16 51 3
16 34 2
16 47 4
17 50 1
17 51 3
17 23 3
18 50 1
18 51 2
19 50 5
19 51 1
19 20 4
19 22 5
20 50 3
20 51 3
21 50 2
21 51 4
21 36 3
22 50 4
22 51 3
22 37 1
23 50 3
23 51 1
24 25 2
24 50 2
24 51 2
25 50 4
25 51 1
26 40 3
26 50 5
26 51 5
26 30 1
27 50 1
27 51 1
28 32 4
28 50 2
28 51 3
29 50 1
29 51 5
30 48 3
30 50 1
30 51 4
30 44 3
31 50 4
31 51 5
32 43 4
32 50 5
32 51 3
33 50 5
33 51 4
34 35 4
34 50 4
34 51 2
35 50 2
35 51 1
36 50 1
36 51 4
37 50 2
37 51 3
38 50 3
38 51 3
39 50 3
39 51 1
40 50 2
40 51 4
41 50 2
41 51 3
42 50 5
42 51 3
43 50 4
43 51 1
44 50 5
44 51 3
45 50 4
45 51 2
46 50 1
46 51 1
47 50 4
47 51 4
48 50 3
48 51 5
49 50 5
49 51 5
50 52 1
50 53 2
50 54 2
50 55 3
50 56 4
50 57 4
50 58 1
50 59 3
50 60 2
50 61 4
50 62 2
50 63 3
50 64 5
50 65 5
50 66 1
50 67 2
50 68 2
50 69 1
50 70 3
50 71 3
50 72 5
50 73 1
50 74 1
50 75 2
50 76 2
50 77 1
50 78 1
50 79 2
50 80 2
50 81 5
50 82 2
50 83 4
50 84 4
50 85 3
50 86 4
50 87 1
50 88 5
50 89 4
50 90 4
50 91 4
50 92 3
50 93 5
50 94 4
50 95 1
50 96 2
50 97 3
50 98 1
50 99 4
50 100 2
50 101 1
51 52 3
51 53 1
51 54 1
51 55 5
51 56 5
51 57 4
51 58 4
51 59 3
51 60 1
51 61 1
51 62 1
51 63 4
51 64 4
51 65 5
51 66 3
51 67 2
51 68 4
51 69 3
51 70 3
51 71 4
51 72 1
51 73 3
51 74 1
51 75 2
51 76 3
51 77 3
51 78 5
51 79 2
51 80 5
51 81 5
51 82 4
51 83 3
51 84 4
51 85 4
51 86 1
51 87 2
51 88 2
51 89 3
51 90 3
51 91 5
51 92 3
51 93 2
51 94 3
51 95 3
51 96 5
51 97 1
51 98 1
51 99 2
51 100 1
51 101 3
52 67 4
53 64 5
54 76 4
55 74 5
56 60 3
57 98 3
58 64 4
59 74 3
60 94 4
61 63 1
62 95 3
63 85 5
64 75 1
65 85 1
66 77 2
67 92 4
68 80 4
69 88 4
70 78 4
71 76 1
72 78 3
73 93 2
74 88 3
75 82 1
76 97 5
77 79 4
78 86 5
79 91 4
80 82 2
81 87 4
82 88 4
83 93 3
84 93 5
85 93 1
86 99 3
87 88 1
88 101 5
89 100 2
90 98 1
91 96 3
92 100 1
93 99 2
94 99 3
95 96 2
96 100000 50
96 100001 50
97 100002 50
98 100004 50
98 100003 50
99 100001 50
99 100002 50
99 100003 50
99 100004 50
100 100001 50
101 100000 50
101 100004 50
101 100002 50
-2 2 50
-2 3 50
-5 0 50
-5 3 50
-5 5 50
-4 0 50
-4 4 50
-3 2 50
-3 4 50
-1 1 50
-1 2 50
-1 5 50
