0 16 3
0 1 4
0 11 2
0 15 3
1 16 4
1 7 3
1 15 2
2 16 1
2 15 5
3 16 1
3 13 2
3 15 5
4 16 1
4 10 4
4 6 3
4 15 4
5 16 4
5 15 4
6 16 4
6 8 1
6 9 1
6 14 3
6 15 1
7 16 1
7 15 4
8 16 5
8 15 1
9 16 5
9 15 1
10 16 1
10 12 1
10 15 5
11 16 5
11 15 1
12 16 1
12 15 4
13 16 2
13 15 1
14 16 2
14 15 1
15 17 4
15 18 5
15 19 2
15 20 1
15 21 2
15 22 4
15 23 3
15 24 3
15 25 3
15 26 4
15 27 5
15 28 3
15 29 2
15 30 4
15 31 2
16 17 4
16 18 2
16 19 1
16 20 4
16 21 5
16 22 3
16 23 3
16 24 5
16 25 5
16 26 1
16 27 3
16 28 1
16 29 5
16 30 2
16 31 1
17 26 1
18 20 5
19 26 5
20 21 1
21 27 4
22 30 2
23 28 2
24 26 1
25 27 2
26 100000 50
26 100001 50
27 100000 50
27 100002 50
27 100001 50
28 100003 50
29 100000 50
29 100002 50
30 100003 50
30 100004 50
31 100001 50
31 100002 50
31 100004 50
-2 2 50
-2 4 50
-2 5 50
-5 2 50
-5 3 50
-4 3 50
-4 4 50
-4 5 50
-3 0 50
-3 2 50
-3 5 50
-1 0 50
-1 2 50
