0 12 1
0 13 8
1 13 8
1 14 3
1 7 1
2 14 9
2 15 7
3 16 6
3 15 9
4 16 2
4 10 9
4 11 2
4 12 6
4 6 6
5 12 2
5 13 3
6 8 9
6 9 7
6 13 1
6 14 4
7 14 6
7 15 5
8 16 2
8 15 8
9 16 5
9 12 2
10 12 1
10 13 7
11 13 8
11 14 2
12 17 5
12 18 2
12 19 8
12 20 6
12 21 3
13 17 6
13 18 8
13 19 6
13 20 6
13 21 4
14 17 1
14 18 7
14 19 2
14 20 2
14 21 2
15 17 6
15 18 9
15 19 5
15 20 4
15 21 1
16 100000 100
16 100003 100
16 17 10
16 18 2
16 19 5
16 20 8
16 21 9
17 100000 100
18 100001 100
19 100000 100
19 100002 100
19 100003 100
20 100001 100
20 100002 100
20 100004 100
21 100001 100
21 100004 100
-2 2 100
-2 4 100
-2 5 100
-5 1 100
-5 2 100
-5 3 100
-4 0 100
-4 1 100
-4 3 100
-3 4 100
-3 5 100
-1 1 100
-1 4 100
-1 5 100
