0 25 7
0 26 1
0 12 7
1 24 7
1 25 3
1 26 6
2 8 8
2 25 8
2 26 9
3 25 1
3 26 10
3 19 4
3 4 6
3 7 10
4 16 6
4 25 8
4 26 3
4 22 5
4 17 2
5 25 6
5 26 10
5 6 5
6 25 9
6 26 5
7 25 9
7 26 8
7 10 6
7 9 10
8 25 8
8 26 8
8 11 4
8 20 8
9 25 5
9 26 9
10 25 8
10 26 9
11 25 8
11 26 3
12 25 8
12 26 6
12 13 2
12 14 6
13 25 2
13 26 8
13 18 1
14 25 4
14 26 6
14 21 8
14 15 1
15 25 7
15 26 6
15 23 5
16 25 6
16 26 4
17 25 2
17 26 9
18 25 6
18 26 1
19 25 5
19 26 8
20 25 3
20 26 4
21 25 10
21 26 5
22 25 6
22 26 4
23 25 7
23 26 8
24 25 8
24 26 7
25 27 10
25 28 3
25 29 6
25 30 3
25 31 5
25 32 3
25 33 3
25 34 6
25 35 1
25 36 4
25 37 2
25 38 7
25 39 9
25 40 7
25 41 8
25 42 5
25 43 4
25 44 7
25 45 1
25 46 8
25 47 4
25 48 6
25 49 10
25 50 8
25 51 4
26 27 7
26 28 2
26 29 5
26 30 8
26 31 4
26 32 9
26 33 8
26 34 8
26 35 10
26 36 8
26 37 4
26 38 9
26 39 5
26 40 7
26 41 6
26 42 3
26 43 8
26 44 10
26 45 10
26 46 2
26 47 3
26 48 1
26 49 3
26 50 5
26 51 6
27 47 7
28 40 3
29 42 1
30 42 8
31 47 1
32 48 7
33 47 8
34 41 3
35 41 3
36 38 1
37 44 7
38 41 6
39 41 4
40 44 3
41 46 5
42 44 2
43 46 9
44 51 8
45 50 10
46 100004 100
47 100003 100
47 100002 100
48 100002 100
48 100001 100
49 100004 100
50 100000 100
50 100001 100
50 100003 100
50 100004 100
51 100000 100
51 100003 100
51 100001 100
-2 2 100
-2 3 100
-2 5 100
-5 0 100
-5 2 100
-5 5 100
-4 1 100
-4 3 100
-4 5 100
-3 1 100
-3 5 100
-1 3 100
-1 5 100
