0 8 4
0 9 5
0 11 5
0 19 1
0 25 4
0 26 3
1 25 2
1 26 1
2 24 5
2 25 3
2 26 1
3 16 1
3 25 5
3 26 1
3 10 4
4 25 5
4 26 3
4 14 4
5 25 2
5 26 3
5 12 4
5 6 5
6 25 1
6 26 1
6 7 5
7 25 4
7 26 4
7 22 2
8 25 4
8 26 4
8 20 2
9 25 1
9 26 4
9 23 5
9 15 5
10 25 4
10 26 4
10 21 5
10 17 4
11 25 3
11 26 1
12 25 1
12 26 3
12 13 3
13 25 1
13 26 4
14 25 3
14 26 1
14 18 1
15 25 1
15 26 2
16 25 2
16 26 1
17 25 3
17 26 1
18 25 3
18 26 3
19 25 5
19 26 1
20 25 3
20 26 5
21 25 2
21 26 1
22 25 2
22 26 4
23 25 1
23 26 1
24 25 5
24 26 5
25 27 1
25 28 4
25 29 5
25 30 5
25 31 5
25 32 1
25 33 2
25 34 4
25 35 3
25 36 1
25 37 3
25 38 2
25 39 4
25 40 4
25 41 5
25 42 3
25 43 3
25 44 4
25 45 3
25 46 2
25 47 3
25 48 5
25 49 5
25 50 2
25 51 3
26 27 1
26 28 1
26 29 5
26 30 4
26 31 1
26 32 5
26 33 1
26 34 2
26 35 2
26 36 2
26 37 5
26 38 2
26 39 5
26 40 2
26 41 3
26 42 1
26 43 5
26 44 2
26 45 3
26 46 4
26 47 4
26 48 4
26 49 3
26 50 2
26 51 4
27 51 3
28 48 3
29 46 4
30 48 5
31 45 3
32 34 3
33 42 5
34 37 1
35 48 5
36 50 3
37 44 5
38 50 4
39 49 5
40 46 3
41 45 2
42 48 5
43 50 2
44 46 4
45 51 4
46 100001 50
47 100003 50
47 100002 50
48 100000 50
48 100004 50
48 100001 50
49 100000 50
49 100003 50
50 100004 50
51 100002 50
-2 0 50
-2 1 50
-2 5 50
-5 1 50
-5 2 50
-5 5 50
-4 0 50
-4 3 50
-3 1 50
-3 3 50
-1 2 50
-1 3 50
-1 4 50
