0 25 5
0 26 2
1 26 6
1 27 8
2 27 8
2 28 8
3 28 10
3 29 8
4 29 1
4 30 10
5 30 10
5 31 1
6 32 3
6 31 4
7 32 4
7 33 5
8 33 1
8 34 8
9 25 6
9 34 2
10 25 10
10 26 4
11 26 9
11 27 6
12 27 9
12 28 7
13 28 5
13 29 10
14 29 8
14 30 1
15 30 10
15 31 1
16 32 6
16 31 7
17 32 4
17 33 3
18 33 6
18 34 2
19 25 3
19 34 2
20 25 6
20 26 4
21 26 7
21 27 10
22 27 6
22 28 5
23 28 3
23 29 8
24 29 1
24 30 7
25 35 8
25 36 3
25 37 5
25 38 10
25 39 10
25 9 3
25 10 2
25 19 3
25 20 1
26 1 2
26 35 9
26 36 5
26 37 1
26 38 4
26 39 4
26 10 8
26 11 8
26 20 1
26 21 5
27 1 7
27 2 5
27 35 6
27 36 5
27 37 6
27 38 3
27 39 9
27 11 9
27 12 7
27 21 8
27 22 6
28 2 5
28 3 10
28 36 6
28 37 1
28 38 7
28 39 8
28 12 1
28 13 5
28 35 4
28 22 2
28 23 10
29 3 9
29 4 9
29 37 9
29 38 2
29 39 4
29 13 4
29 14 9
29 35 4
29 23 8
29 24 5
29 36 3
30 35 2
30 4 8
30 5 10
30 38 5
30 39 4
30 14 2
30 15 10
30 24 2
30 36 8
30 37 4
31 35 4
31 36 7
31 5 4
31 6 7
31 39 10
31 15 3
31 16 5
31 38 5
31 37 3
32 35 10
32 36 8
32 37 2
32 6 3
32 7 6
32 39 4
32 16 6
32 17 9
32 38 8
33 35 3
33 36 7
33 37 6
33 38 6
33 7 3
33 8 7
33 39 8
33 17 10
33 18 7
34 100002 100
34 35 10
34 36 7
34 37 5
34 38 4
34 39 4
34 8 7
34 9 5
34 18 8
34 19 10
34 100004 100
35 100004 100
35 100001 100
35 100002 100
35 27 8
35 28 9
35 29 8
35 30 7
35 31 9
36 32 7
36 33 1
36 34 2
36 100003 100
36 100000 100
36 25 1
36 26 7
36 27 9
36 28 5
36 29 1
36 30 8
36 31 9
37 32 4
37 33 2
37 34 4
37 100003 100
37 100001 100
37 25 3
37 26 4
37 27 4
37 28 5
37 29 7
37 30 8
37 31 6
38 32 1
38 33 10
38 34 7
38 100003 100
38 100000 100
38 100002 100
38 25 8
38 26 9
38 27 5
38 28 8
38 29 8
38 30 5
38 31 9
39 32 5
39 33 8
39 34 3
39 100000 100
39 25 5
39 26 10
39 27 1
39 28 9
39 29 10
39 30 9
39 31 9
-2 2 100
-2 4 100
-5 2 100
-5 5 100
-4 3 100
-4 4 100
-4 5 100
-3 2 100
-3 3 100
-3 4 100
-1 3 100
-1 4 100
