0 33 1
0 50 4
0 51 3
1 10 1
1 51 3
1 52 3
2 26 4
2 52 4
2 53 3
2 6 3
2 23 5
3 8 3
3 45 1
3 47 1
3 53 4
3 54 5
3 30 1
4 9 2
4 34 5
4 7 3
4 54 4
4 55 5
5 56 3
5 32 5
5 21 3
5 55 1
6 56 1
6 57 2
6 14 4
7 57 5
7 58 4
7 11 3
7 12 2
7 39 5
8 58 3
8 59 5
8 42 3
8 13 1
9 50 4
9 59 5
10 35 3
10 50 2
10 51 5
10 17 5
11 36 5
11 51 5
11 52 3
12 16 3
12 52 3
12 53 1
13 53 1
13 54 5
14 54 2
14 55 3
15 56 3
15 55 3
16 56 2
16 57 3
16 27 4
17 57 5
17 58 5
18 58 1
18 59 4
18 20 4
18 22 1
19 50 4
19 59 1
20 50 2
20 51 1
21 51 3
21 52 5
22 52 1
22 53 4
23 53 1
23 54 2
24 54 3
24 55 1
25 56 4
25 55 5
26 56 5
26 57 3
26 46 2
27 57 5
27 58 4
27 37 3
28 58 2
28 59 1
29 50 5
29 59 2
30 50 2
30 51 5
31 51 4
31 52 3
32 40 4
32 52 4
32 53 1
33 53 4
33 54 5
34 41 2
34 54 4
34 55 1
35 56 4
35 55 5
36 56 5
36 57 4
36 38 4
37 57 4
37 58 4
37 44 2
38 43 1
38 58 3
38 59 4
39 50 1
39 59 3
40 50 4
40 51 5
41 51 1
41 52 1
42 52 5
42 53 2
43 53 1
43 54 1
44 54 3
44 55 4
45 56 2
45 55 3
46 56 4
46 57 1
47 57 1
47 58 1
48 58 3
48 59 5
49 50 5
49 59 1
50 64 1
50 66 2
50 67 4
50 68 1
50 69 1
50 65 1
50 61 5
50 62 2
50 60 5
50 63 3
51 66 5
51 67 3
51 68 3
51 69 1
51 65 1
51 64 4
51 62 2
51 63 5
51 60 5
51 61 5
52 67 2
52 68 5
52 69 3
52 65 1
52 64 1
52 66 4
52 63 2
52 60 4
52 61 5
52 62 5
52 31 2
53 66 4
53 69 1
53 65 1
53 64 4
53 67 4
53 68 1
53 60 5
53 61 5
53 62 5
53 63 3
54 64 4
54 69 1
54 65 5
54 67 1
54 66 2
54 68 1
54 60 5
54 61 1
54 62 2
54 63 3
55 64 3
55 65 4
55 68 4
55 15 5
55 67 3
55 66 2
55 69 4
55 24 5
55 25 3
55 60 1
55 61 3
55 62 3
55 63 3
56 64 3
56 65 5
56 66 3
56 68 1
56 67 3
56 69 3
56 60 3
56 61 4
56 62 2
56 63 3
57 64 1
57 65 2
57 66 4
57 67 2
57 69 4
57 68 1
57 60 1
57 61 3
57 62 4
57 63 4
58 64 1
58 65 3
58 66 3
58 67 1
58 68 4
58 60 2
58 69 3
58 28 3
58 61 1
58 62 4
58 63 2
59 64 3
59 65 4
59 66 5
59 67 5
59 68 5
59 69 2
59 61 4
59 60 2
59 48 4
59 49 2
59 18 5
59 19 4
59 28 2
59 29 3
59 62 5
59 63 1
60 61 1
61 65 5
62 68 3
63 67 2
64 100001 50
65 100001 50
66 100000 50
66 100002 50
66 100003 50
66 100004 50
67 100001 50
67 100002 50
67 100003 50
67 100004 50
68 100004 50
69 100000 50
69 100003 50
-2 0 50
-2 1 50
-2 2 50
-5 0 50
-5 5 50
-4 1 50
-4 4 50
-3 0 50
-3 2 50
-3 3 50
-1 0 50
-1 3 50
-1 5 50
