0 250 2
0 251 7
0 6 8
1 26 9
1 251 9
1 252 6
2 252 4
2 253 3
3 253 1
3 254 8
4 254 3
4 255 9
5 256 1
5 8 10
5 7 7
5 255 7
6 256 9
6 257 3
7 257 5
7 258 7
8 258 2
8 259 3
9 250 6
9 259 6
10 250 8
10 251 4
11 16 9
11 17 6
11 251 10
11 252 7
12 252 7
12 253 6
13 253 4
13 254 6
14 254 4
14 255 8
15 256 5
15 255 2
16 256 1
16 257 1
17 257 5
17 258 9
18 258 3
18 259 5
19 250 6
19 259 4
20 250 4
20 251 3
21 251 7
21 252 10
22 252 6
22 253 4
23 253 3
23 254 9
24 254 5
24 255 5
25 256 7
25 255 1
26 256 10
26 257 5
27 257 9
27 258 4
28 258 2
28 259 9
29 250 5
29 259 8
30 250 6
30 251 2
31 251 2
31 252 7
32 252 5
32 253 1
33 253 3
33 254 1
34 254 1
34 255 8
35 256 2
35 255 9
36 256 5
36 257 10
37 257 9
37 258 8
38 258 8
38 259 8
39 250 7
39 259 9
40 250 2
40 251 9
41 251 2
41 252 5
42 252 5
42 253 5
43 253 3
43 254 4
44 254 4
44 255 6
45 256 10
45 255 8
46 256 6
46 257 7
47 257 6
47 258 5
48 258 3
48 259 3
49 250 10
49 259 3
50 250 7
50 251 8
51 251 1
51 252 3
52 252 4
52 253 1
53 253 7
53 254 3
54 254 4
54 255 6
55 256 4
55 255 4
56 256 7
56 257 8
57 257 1
57 258 3
58 258 8
58 259 3
59 250 2
59 259 2
60 250 4
60 251 3
61 251 6
61 252 4
62 252 3
62 253 5
63 253 4
63 254 4
64 254 5
64 255 5
65 256 5
65 255 8
66 256 2
66 257 10
67 257 1
67 258 10
68 258 1
68 259 4
69 250 3
69 259 1
70 250 4
70 251 8
71 251 5
71 252 3
72 252 4
72 253 10
73 253 3
73 254 1
74 254 8
74 255 8
75 256 6
75 255 9
76 256 8
76 257 6
77 257 8
77 258 10
78 258 6
78 259 3
79 250 2
79 259 9
80 250 7
80 251 9
81 251 8
81 252 9
82 252 4
82 253 1
83 253 2
83 254 10
84 254 2
84 255 4
85 256 2
85 255 2
86 256 2
86 257 7
87 257 10
87 258 1
88 258 6
88 259 10
89 250 10
89 259 2
90 250 1
90 251 1
91 251 7
91 252 7
92 252 10
92 253 4
93 253 1
93 254 9
94 254 10
94 255 7
95 256 7
95 255 10
96 256 1
96 257 4
97 257 8
97 258 8
98 258 1
98 259 8
99 250 2
99 259 1
100 250 4
100 251 9
101 251 4
101 252 1
102 252 2
102 253 7
103 253 1
103 254 5
104 254 9
104 255 1
105 256 1
105 255 7
106 256 5
106 257 4
107 257 7
107 258 3
108 258 8
108 259 5
109 250 5
109 259 9
110 250 3
110 251 7
111 251 3
111 252 7
112 252 7
112 253 6
113 253 9
113 254 7
114 254 4
114 255 9
115 256 6
115 255 8
116 256 8
116 257 3
117 257 4
117 258 2
118 258 8
118 259 6
119 250 9
119 259 9
120 250 1
120 251 10
121 251 10
121 252 6
122 252 10
122 253 4
123 253 9
123 254 7
124 254 1
124 255 6
125 256 7
125 255 9
126 256 3
126 257 2
127 257 3
127 258 7
128 258 5
128 259 10
129 250 1
129 259 9
130 250 2
130 251 8
131 251 6
131 252 7
132 252 4
132 253 4
133 253 7
133 254 2
134 254 2
134 255 7
135 256 7
135 255 10
136 256 2
136 257 4
137 257 6
137 258 10
138 258 9
138 259 4
139 250 10
139 259 4
140 250 7
140 251 3
141 251 8
141 252 7
142 252 5
142 253 5
143 253 6
143 254 4
144 254 3
144 255 10
145 256 8
145 255 9
146 256 4
146 257 5
147 257 1
147 258 7
148 258 7
148 259 7
149 250 8
149 259 8
150 250 3
150 251 4
151 251 5
151 252 7
152 252 1
152 253 3
153 253 3
153 254 2
154 254 1
154 255 9
155 256 6
155 255 2
156 256 8
156 257 5
157 257 5
157 258 10
158 258 5
158 259 1
159 250 4
159 259 2
160 250 3
160 251 7
161 251 4
161 252 2
162 252 3
162 253 2
163 253 6
163 254 4
164 254 3
164 255 9
165 256 8
165 255 9
166 256 6
166 257 3
167 257 10
167 258 3
168 258 4
168 259 6
169 250 3
169 259 1
170 250 5
170 251 8
171 251 10
171 252 6
172 252 2
172 253 4
173 253 8
173 254 1
174 254 4
174 255 3
175 256 7
175 255 7
176 256 3
176 257 2
177 257 8
177 258 4
178 258 3
178 259 1
179 250 6
179 259 8
180 250 5
180 251 6
181 251 10
181 252 1
182 252 5
182 253 9
183 253 5
183 254 8
184 254 9
184 255 3
185 256 1
185 255 5
186 256 6
186 257 7
187 257 10
187 258 10
188 258 4
188 259 4
189 250 5
189 259 9
190 250 6
190 251 1
191 251 8
191 252 9
192 252 5
192 253 5
193 253 5
193 254 1
194 254 5
194 255 5
195 256 4
195 255 10
196 256 2
196 257 3
197 257 1
197 258 3
198 258 8
198 259 4
199 250 5
199 259 10
200 250 3
200 251 1
201 251 8
201 252 1
202 252 7
202 253 8
203 253 2
203 254 2
204 254 3
204 255 10
205 256 5
205 255 6
206 256 1
206 257 3
207 257 1
207 258 9
208 258 8
208 259 10
209 250 2
209 259 9
210 250 8
210 251 2
211 251 5
211 252 7
212 252 3
212 253 8
213 253 1
213 254 8
214 254 5
214 255 1
215 256 8
215 255 4
216 256 5
216 257 1
217 257 9
217 258 3
218 258 6
218 259 1
219 250 10
219 259 3
220 250 1
220 251 9
221 251 4
221 252 7
222 252 7
222 253 10
223 253 5
223 254 1
224 254 3
224 255 6
225 256 3
225 255 5
226 256 4
226 257 7
227 257 4
227 258 6
228 258 5
228 259 5
229 250 10
229 259 4
230 250 4
230 251 6
231 251 8
231 252 2
232 252 9
232 253 2
233 253 6
233 254 5
234 254 3
234 255 4
235 256 8
235 255 6
236 256 7
236 257 6
237 257 9
237 258 8
238 258 3
238 259 4
239 250 3
239 259 9
240 250 3
240 251 9
241 251 2
241 252 10
242 252 10
242 253 3
243 253 10
243 254 5
244 254 5
244 255 10
245 256 2
245 255 4
246 256 5
246 257 9
247 257 1
247 258 5
248 258 2
248 259 1
249 250 10
249 259 4
250 260 10
250 261 5
250 262 5
250 263 9
250 264 10
250 265 9
250 266 4
250 267 7
250 268 7
250 269 9
250 270 8
250 271 3
250 272 4
250 273 3
250 274 10
250 275 8
250 276 1
250 277 8
250 278 6
250 279 6
250 280 5
250 281 9
250 282 2
250 283 5
250 284 4
250 285 9
250 286 8
250 287 4
250 288 3
250 289 10
250 290 4
250 291 4
250 292 2
250 293 4
250 294 9
250 295 5
250 296 3
250 297 4
250 298 7
250 299 5
250 300 2
250 301 4
250 302 4
250 303 5
250 304 10
250 305 3
250 306 6
250 307 8
250 308 5
250 309 6
251 1 9
251 10 6
251 11 9
251 20 6
251 21 2
251 30 7
251 31 9
251 40 7
251 41 9
251 50 4
251 51 10
251 60 3
251 61 9
251 70 3
251 71 10
251 80 5
251 81 3
251 90 2
251 91 2
251 100 1
251 101 7
251 110 9
251 111 10
251 120 9
251 121 10
251 130 7
251 131 8
251 140 7
251 141 8
251 150 2
251 151 8
251 160 6
251 161 4
251 170 7
251 171 2
251 180 9
251 181 6
251 190 10
251 191 6
251 200 9
251 201 10
251 210 1
251 211 8
251 220 3
251 221 9
251 230 4
251 231 6
251 240 4
251 241 4
251 260 1
251 261 10
251 262 2
251 263 9
251 264 5
251 265 6
251 266 2
251 267 1
251 268 2
251 269 4
251 270 5
251 271 10
251 272 3
251 273 7
251 274 10
251 275 7
251 276 1
251 277 8
251 278 6
251 279 8
251 280 5
251 281 6
251 282 5
251 283 9
251 284 5
251 285 9
251 286 3
251 287 8
251 288 8
251 289 3
251 290 10
251 291 2
251 292 5
251 293 3
251 294 8
251 295 5
251 296 3
251 297 8
251 298 2
251 299 1
251 300 1
251 301 8
251 302 6
251 303 1
251 304 3
251 305 2
251 306 2
251 307 4
251 308 9
251 309 9
252 1 3
252 2 10
252 11 5
252 12 4
252 21 10
252 22 2
252 31 2
252 32 4
252 41 4
252 42 9
252 51 2
252 52 4
252 61 1
252 62 6
252 71 2
252 72 1
252 81 8
252 82 7
252 91 4
252 92 7
252 101 2
252 102 8
252 111 5
252 112 9
252 121 4
252 122 2
252 131 4
252 132 4
252 141 2
252 142 3
252 151 6
252 152 6
252 161 2
252 162 1
252 171 6
252 172 5
252 181 10
252 182 9
252 191 7
252 192 8
252 201 8
252 202 8
252 211 2
252 212 6
252 221 7
252 222 1
252 231 9
252 232 2
252 241 2
252 242 8
252 260 2
252 261 10
252 262 10
252 263 8
252 264 2
252 265 1
252 266 3
252 267 3
252 268 8
252 269 1
252 270 6
252 271 8
252 272 5
252 273 9
252 274 5
252 275 4
252 276 2
252 277 10
252 278 1
252 279 10
252 280 4
252 281 9
252 282 5
252 283 4
252 284 4
252 285 1
252 286 4
252 287 8
252 288 2
252 289 10
252 290 4
252 291 8
252 292 1
252 293 1
252 294 10
252 295 6
252 296 7
252 297 5
252 298 4
252 299 10
252 300 9
252 301 4
252 302 3
252 303 4
252 304 6
252 305 4
252 306 2
252 307 5
252 308 3
252 309 9
253 2 8
253 3 6
253 12 2
253 13 5
253 22 6
253 23 1
253 32 3
253 33 7
253 42 6
253 43 6
253 52 2
253 53 10
253 62 5
253 63 4
253 72 4
253 73 8
253 82 5
253 83 4
253 92 3
253 93 5
253 102 4
253 103 2
253 112 10
253 113 6
253 122 7
253 123 1
253 132 10
253 133 2
253 142 9
253 143 7
253 152 2
253 153 10
253 162 2
253 163 9
253 172 8
253 173 2
253 182 10
253 183 2
253 192 4
253 193 10
253 202 1
253 203 1
253 212 9
253 213 5
253 222 1
253 223 4
253 232 4
253 233 6
253 242 6
253 243 7
253 260 9
253 261 9
253 262 5
253 263 6
253 264 9
253 265 3
253 266 1
253 267 7
253 268 2
253 269 1
253 270 8
253 271 7
253 272 6
253 273 4
253 274 3
253 275 3
253 276 10
253 277 10
253 278 9
253 279 8
253 280 3
253 281 6
253 282 2
253 283 9
253 284 4
253 285 9
253 286 8
253 287 9
253 288 10
253 289 7
253 290 3
253 291 3
253 292 3
253 293 5
253 294 7
253 295 4
253 296 7
253 297 2
253 298 6
253 299 1
253 300 3
253 301 4
253 302 2
253 303 10
253 304 4
253 305 4
253 306 6
253 307 7
253 308 6
253 309 1
254 3 6
254 4 4
254 13 9
254 14 10
254 23 2
254 24 6
254 33 9
254 34 1
254 43 4
254 44 9
254 53 1
254 54 5
254 63 2
254 64 9
254 73 2
254 74 2
254 83 7
254 84 1
254 93 2
254 94 6
254 103 8
254 104 6
254 113 4
254 114 4
254 123 4
254 124 9
254 133 4
254 134 7
254 143 9
254 144 3
254 153 8
254 154 8
254 163 5
254 164 9
254 173 2
254 174 5
254 183 5
254 184 9
254 193 8
254 194 10
254 203 3
254 204 2
254 213 4
254 214 2
254 223 8
254 224 3
254 233 8
254 234 8
254 243 7
254 244 6
254 260 4
254 261 8
254 262 9
254 263 9
254 264 2
254 265 10
254 266 2
254 267 10
254 268 6
254 269 8
254 270 9
254 271 8
254 272 8
254 273 8
254 274 6
254 275 8
254 276 6
254 277 7
254 278 10
254 279 8
254 280 2
254 281 8
254 282 9
254 283 5
254 284 8
254 285 9
254 286 2
254 287 1
254 288 6
254 289 7
254 290 1
254 291 1
254 292 5
254 293 9
254 294 9
254 295 5
254 296 9
254 297 2
254 298 9
254 299 10
254 300 6
254 301 6
254 302 2
254 303 5
254 304 1
254 305 6
254 306 7
254 307 1
254 308 6
254 309 3
255 4 8
255 5 5
255 14 7
255 15 4
255 24 1
255 25 6
255 34 3
255 35 8
255 44 8
255 45 5
255 54 2
255 55 3
255 64 3
255 65 8
255 74 5
255 75 9
255 84 5
255 85 7
255 94 6
255 95 1
255 104 3
255 105 6
255 114 8
255 115 3
255 124 8
255 125 3
255 134 10
255 135 10
255 144 8
255 145 4
255 154 4
255 155 7
255 164 5
255 165 8
255 174 7
255 175 1
255 184 9
255 185 1
255 194 5
255 195 9
255 204 1
255 205 3
255 214 3
255 215 8
255 224 7
255 225 2
255 234 1
255 235 6
255 244 3
255 245 8
255 260 5
255 261 10
255 262 5
255 263 6
255 264 4
255 265 6
255 266 10
255 267 4
255 268 10
255 269 2
255 270 8
255 271 8
255 272 4
255 273 2
255 274 1
255 275 6
255 276 6
255 277 8
255 278 6
255 279 3
255 280 4
255 281 2
255 282 2
255 283 7
255 284 5
255 285 5
255 286 4
255 287 3
255 288 7
255 289 7
255 290 10
255 291 6
255 292 9
255 293 9
255 294 1
255 295 7
255 296 1
255 297 7
255 298 3
255 299 8
255 300 1
255 301 10
255 302 4
255 303 6
255 304 9
255 305 8
255 306 6
255 307 1
255 308 6
255 309 9
256 260 7
256 261 7
256 262 2
256 263 5
256 264 5
256 265 1
256 266 5
256 267 10
256 268 7
256 269 8
256 270 3
256 271 10
256 272 7
256 273 4
256 274 6
256 275 10
256 276 1
256 277 4
256 278 9
256 279 4
256 280 6
256 281 9
256 282 8
256 283 3
256 284 6
256 285 1
256 286 5
256 287 5
256 288 9
256 289 3
256 290 3
256 291 9
256 292 3
256 293 9
256 294 9
256 295 3
256 296 6
256 297 6
256 298 5
256 299 2
256 300 9
256 301 6
256 302 5
256 303 4
256 304 4
256 305 8
256 306 9
256 307 2
256 308 9
256 309 9
257 27 10
257 36 4
257 37 2
257 46 7
257 47 2
257 56 8
257 57 5
257 66 4
257 67 7
257 76 2
257 77 10
257 86 3
257 87 3
257 96 8
257 97 7
257 106 1
257 107 2
257 116 4
257 117 9
257 126 1
257 127 3
257 136 3
257 137 8
257 146 3
257 147 3
257 156 6
257 157 7
257 166 8
257 167 7
257 176 8
257 177 2
257 186 10
257 187 9
257 196 10
257 197 10
257 206 9
257 207 1
257 216 4
257 217 7
257 226 9
257 227 4
257 236 2
257 237 8
257 246 1
257 247 4
257 260 2
257 261 9
257 262 6
257 263 9
257 264 5
257 265 10
257 266 8
257 267 6
257 268 6
257 269 3
257 270 4
257 271 8
257 272 7
257 273 3
257 274 2
257 275 8
257 276 3
257 277 1
257 278 9
257 279 9
257 280 4
257 281 5
257 282 5
257 283 8
257 284 2
257 285 8
257 286 10
257 287 8
257 288 1
257 289 2
257 290 9
257 291 9
257 292 3
257 293 5
257 294 5
257 295 1
257 296 1
257 297 10
257 298 4
257 299 4
257 300 6
257 301 7
257 302 5
257 303 1
257 304 1
257 305 2
257 306 10
257 307 3
257 308 4
257 309 6
258 18 9
258 27 2
258 28 4
258 37 4
258 38 2
258 47 8
258 48 9
258 57 7
258 58 8
258 67 8
258 68 6
258 77 9
258 78 8
258 87 1
258 88 8
258 97 3
258 98 9
258 107 4
258 108 4
258 117 4
258 118 2
258 127 7
258 128 10
258 137 10
258 138 1
258 147 1
258 148 10
258 157 7
258 158 6
258 167 8
258 168 8
258 177 5
258 178 7
258 187 9
258 188 6
258 197 10
258 198 7
258 207 4
258 208 2
258 217 9
258 218 10
258 227 2
258 228 1
258 237 7
258 238 5
258 247 5
258 248 8
258 260 1
258 261 6
258 262 4
258 263 1
258 264 9
258 265 5
258 266 1
258 267 9
258 268 9
258 269 9
258 270 2
258 271 7
258 272 9
258 273 4
258 274 6
258 275 1
258 276 8
258 277 5
258 278 10
258 279 4
258 280 4
258 281 10
258 282 9
258 283 8
258 284 10
258 285 3
258 286 3
258 287 3
258 288 10
258 289 9
258 290 9
258 291 3
258 292 4
258 293 9
258 294 4
258 295 3
258 296 6
258 297 7
258 298 9
258 299 1
258 300 9
258 301 10
258 302 6
258 303 4
258 304 3
258 305 6
258 306 4
258 307 1
258 308 8
258 309 7
259 9 3
259 18 6
259 19 3
259 28 2
259 29 1
259 38 8
259 39 4
259 48 9
259 49 2
259 58 4
259 59 9
259 68 9
259 69 4
259 78 8
259 79 5
259 88 4
259 89 3
259 98 6
259 99 6
259 108 9
259 109 6
259 118 2
259 119 7
259 128 5
259 129 1
259 138 2
259 139 8
259 148 2
259 149 8
259 158 4
259 159 10
259 168 6
259 169 4
259 178 4
259 179 3
259 188 7
259 189 7
259 198 1
259 199 7
259 208 4
259 209 10
259 218 1
259 219 3
259 228 3
259 229 3
259 238 4
259 239 5
259 248 1
259 249 2
259 260 4
259 261 5
259 262 7
259 263 2
259 264 7
259 265 9
259 266 6
259 267 8
259 268 9
259 269 7
259 270 8
259 271 9
259 272 10
259 273 9
259 274 10
259 275 1
259 276 6
259 277 10
259 278 9
259 279 2
259 280 1
259 281 1
259 282 7
259 283 9
259 284 2
259 285 2
259 286 5
259 287 2
259 288 8
259 289 3
259 290 5
259 291 3
259 292 7
259 293 4
259 294 7
259 295 8
259 296 5
259 297 1
259 298 10
259 299 4
259 300 8
259 301 3
259 302 7
259 303 4
259 304 9
259 305 1
259 306 7
259 307 5
259 308 4
259 309 1
260 252 2
260 253 4
260 254 10
260 255 9
261 256 2
261 257 7
261 258 1
261 259 3
261 250 10
261 251 2
261 252 3
261 253 4
261 254 1
261 255 3
262 256 2
262 257 5
262 258 9
262 259 9
262 250 5
262 251 2
262 252 9
262 253 8
262 254 10
262 255 9
263 256 5
263 257 2
263 258 10
263 259 7
263 250 8
263 251 2
263 252 6
263 253 8
263 254 8
263 255 9
264 256 2
264 257 9
264 258 3
264 259 2
264 250 9
264 251 9
264 252 10
264 253 6
264 254 6
264 255 6
265 256 3
265 257 8
265 258 9
265 259 8
265 250 4
265 251 3
265 252 5
265 253 3
265 254 1
265 255 4
266 256 1
266 257 5
266 258 2
266 259 4
266 250 9
266 251 3
266 252 10
266 253 7
266 254 7
266 255 1
267 256 10
267 257 2
267 258 9
267 259 3
267 250 5
267 251 5
267 252 5
267 253 6
267 254 3
267 255 10
268 256 7
268 257 1
268 258 6
268 259 8
268 250 1
268 251 4
268 252 9
268 253 9
268 254 1
268 255 2
269 256 2
269 257 5
269 258 3
269 259 1
269 250 2
269 251 2
269 252 9
269 253 6
269 254 6
269 255 3
270 256 10
270 257 9
270 258 7
270 259 10
270 250 9
270 251 8
270 252 5
270 253 4
270 254 4
270 255 10
271 256 5
271 257 8
271 258 3
271 259 9
271 250 7
271 251 3
271 252 4
271 253 2
271 254 7
271 255 1
272 256 6
272 257 7
272 258 8
272 259 9
272 250 8
272 251 2
272 252 2
272 253 5
272 254 2
272 255 3
273 256 8
273 257 2
273 258 2
273 259 5
273 250 9
273 251 9
273 252 6
273 253 3
273 254 8
273 255 8
274 256 10
274 257 10
274 258 3
274 259 10
274 250 4
274 251 10
274 252 9
274 253 8
274 254 5
274 255 7
275 256 3
275 257 1
275 258 2
275 259 5
275 250 3
275 251 7
275 252 2
275 253 1
275 254 9
275 255 6
276 256 4
276 257 9
276 258 6
276 259 6
276 250 2
276 251 4
276 252 1
276 253 10
276 254 4
276 255 8
277 256 5
277 257 3
277 258 1
277 259 5
277 250 1
277 251 10
277 252 6
277 253 3
277 254 5
277 255 4
278 256 8
278 257 6
278 258 5
278 259 6
278 250 7
278 251 8
278 252 7
278 253 3
278 254 2
278 255 9
279 256 1
279 257 5
279 258 5
279 259 3
279 250 7
279 251 3
279 252 6
279 253 5
279 254 4
279 255 8
280 256 10
280 257 9
280 258 5
280 259 10
280 250 1
280 251 9
280 252 5
280 253 1
280 254 8
280 255 8
281 256 9
281 257 7
281 258 2
281 259 2
281 250 2
281 251 3
281 252 3
281 253 5
281 254 5
281 255 5
282 256 5
282 257 6
282 258 8
282 259 8
282 250 6
282 251 5
282 252 2
282 253 4
282 254 1
282 255 2
283 256 3
283 257 2
283 258 4
283 259 3
283 250 5
283 251 1
283 252 9
283 253 7
283 254 3
283 255 5
284 256 6
284 257 6
284 258 6
284 259 6
284 250 9
284 251 9
284 252 8
284 253 8
284 254 6
284 255 4
285 256 1
285 257 10
285 258 2
285 259 6
285 250 9
285 251 5
285 252 10
285 253 10
285 254 10
285 255 7
286 256 9
286 257 5
286 258 3
286 259 10
286 250 3
286 251 2
286 252 2
286 253 10
286 254 8
286 255 1
287 256 1
287 257 4
287 258 2
287 259 5
287 250 5
287 251 9
287 252 10
287 253 10
287 254 6
287 255 7
288 256 8
288 257 6
288 258 7
288 259 8
288 250 8
288 251 4
288 252 5
288 253 10
288 254 3
288 255 1
289 256 5
289 257 3
289 258 1
289 259 5
289 250 5
289 251 4
289 252 7
289 253 3
289 254 8
289 255 9
290 256 1
290 257 7
290 258 5
290 259 1
290 250 4
290 251 3
290 252 6
290 253 3
290 254 5
290 255 3
291 256 6
291 257 6
291 258 1
291 259 8
291 250 6
291 251 10
291 252 10
291 253 2
291 254 7
291 255 8
292 256 2
292 257 9
292 258 4
292 259 2
292 250 6
292 251 4
292 252 6
292 253 8
292 254 10
292 255 10
293 256 4
293 257 5
293 258 4
293 259 8
293 250 8
293 251 9
293 252 3
293 253 8
293 254 2
293 255 8
294 256 5
294 257 7
294 258 10
294 259 8
294 250 7
294 251 4
294 252 10
294 253 7
294 254 8
294 255 5
295 256 8
295 257 3
295 258 8
295 259 2
295 250 6
295 251 3
295 252 7
295 253 4
295 254 7
295 255 8
296 256 6
296 257 8
296 258 6
296 259 1
296 250 1
296 251 7
296 252 1
296 253 1
296 254 3
296 255 9
297 256 2
297 257 2
297 258 7
297 259 7
297 250 2
297 251 3
297 252 5
297 253 2
297 254 10
297 255 7
298 256 7
298 257 1
298 258 2
298 259 5
298 250 3
298 251 3
298 252 9
298 253 6
298 254 9
298 255 5
299 256 2
299 257 3
299 258 4
299 259 3
299 250 9
299 251 6
299 252 1
299 253 2
299 254 9
299 255 4
300 256 7
300 257 1
300 258 2
300 259 5
300 250 9
300 251 5
300 252 2
300 253 9
300 254 10
300 255 4
301 256 1
301 257 8
301 258 3
301 259 2
301 250 6
301 251 2
301 252 8
301 253 9
301 254 5
301 255 3
302 256 5
302 257 2
302 258 10
302 259 9
302 250 1
302 251 5
302 252 10
302 253 8
302 254 9
302 255 7
303 256 2
303 257 1
303 258 2
303 259 9
303 250 2
303 251 3
303 252 6
303 253 6
303 254 10
303 255 10
304 256 7
304 257 4
304 258 4
304 259 1
304 100001 100
304 100002 100
304 250 1
304 251 3
304 252 9
304 253 4
304 254 4
304 255 2
305 256 9
305 257 7
305 258 5
305 259 7
305 100003 100
305 250 8
305 251 5
305 252 4
305 253 3
305 254 4
305 255 9
306 256 3
306 257 3
306 258 8
306 259 7
306 100000 100
306 250 2
306 251 4
306 252 2
306 253 6
306 254 1
306 255 1
307 256 6
307 257 6
307 258 2
307 259 9
307 100004 100
307 100001 100
307 100002 100
307 100003 100
307 250 8
307 251 7
307 252 5
307 253 3
307 254 6
307 255 9
308 256 7
308 257 9
308 258 7
308 259 6
308 100001 100
308 100000 100
308 100002 100
308 100003 100
308 250 3
308 251 8
308 252 7
308 253 9
308 254 5
308 255 5
309 256 4
309 257 10
309 258 9
309 259 8
309 100004 100
309 100000 100
309 250 7
309 251 2
309 252 10
309 253 3
309 254 3
309 255 8
-2 1 100
-2 2 100
-5 2 100
-5 3 100
-4 3 100
-4 5 100
-3 2 100
-3 3 100
-1 1 100
-1 5 100
