0 73 5
0 19 3
0 125 5
0 126 4
0 35 1
1 34 2
1 4 1
1 75 1
1 120 1
1 126 3
1 127 4
2 128 2
2 37 3
2 6 5
2 8 2
2 46 1
2 47 4
2 127 5
3 128 3
3 129 5
3 64 1
3 17 3
4 129 1
4 9 4
4 13 4
4 82 1
4 125 2
4 31 1
5 7 5
5 11 3
5 12 5
5 48 3
5 125 3
5 126 3
6 101 5
6 40 5
6 10 1
6 127 5
6 53 1
6 59 3
6 126 1
6 63 4
7 128 3
7 26 1
7 27 1
7 127 4
8 128 3
8 129 3
8 61 2
9 56 4
9 129 5
9 125 2
10 76 2
10 125 4
10 126 1
10 29 4
11 16 1
11 14 5
11 126 2
11 127 1
12 128 5
12 42 5
12 127 3
13 128 1
13 129 5
13 44 2
13 45 4
13 79 5
13 15 2
14 32 5
14 129 2
14 18 1
14 125 4
14 22 3
15 20 3
15 125 4
15 126 5
16 126 4
16 127 3
17 128 4
17 98 4
17 68 1
17 21 2
17 25 3
17 127 3
18 128 5
18 129 1
18 116 5
19 129 2
19 125 1
19 33 5
20 86 2
20 100 1
20 125 4
20 126 2
21 36 1
21 106 3
21 111 5
21 23 2
21 24 2
21 126 5
21 127 4
22 128 5
22 57 2
22 127 2
23 128 2
23 129 3
23 51 4
23 28 4
23 41 4
24 129 3
24 125 5
24 70 4
25 125 5
25 126 1
26 117 3
26 30 1
26 126 3
26 127 1
27 128 1
27 127 5
28 128 4
28 129 2
28 90 2
29 129 4
29 125 5
29 78 4
30 38 1
30 125 2
30 126 4
30 55 1
31 99 5
31 126 1
31 127 4
32 128 2
32 85 2
32 127 2
33 128 2
33 129 3
33 60 2
33 110 3
33 39 2
34 129 1
34 125 4
35 88 4
35 114 4
35 125 1
35 126 1
36 126 1
36 127 4
37 128 1
37 69 5
37 127 5
38 128 5
38 129 5
38 91 2
39 72 2
39 129 2
39 125 5
40 50 3
40 125 2
40 126 1
41 49 1
41 43 4
41 126 5
41 127 5
42 128 2
42 127 5
43 128 3
43 129 2
43 105 3
44 129 1
44 125 1
45 83 3
45 125 4
45 126 2
46 126 5
46 127 1
47 128 3
47 62 3
47 54 2
47 127 1
48 128 4
48 129 2
48 113 4
49 129 3
49 125 3
50 125 2
50 126 4
51 58 4
51 71 5
51 52 3
51 126 3
51 127 3
52 128 3
52 127 2
53 128 5
53 129 5
53 77 4
53 65 5
54 92 1
54 129 4
54 74 2
54 108 3
54 125 4
55 125 5
55 126 3
56 112 2
56 123 4
56 126 2
56 127 2
57 128 2
57 127 4
58 128 5
58 129 5
58 124 4
59 129 5
59 125 4
60 66 5
60 67 2
60 125 3
60 126 2
60 93 3
61 126 3
61 127 4
62 128 1
62 103 1
62 127 4
63 128 3
63 129 5
64 129 2
64 125 4
65 80 3
65 125 4
65 126 4
66 126 5
66 127 4
67 128 3
67 119 3
67 84 5
67 127 5
68 128 3
68 129 2
68 89 4
69 129 5
69 125 5
70 125 2
70 126 5
71 97 1
71 126 4
71 127 2
72 128 4
72 127 2
73 128 1
73 129 1
74 129 2
74 125 2
74 81 5
75 125 5
75 126 3
76 126 5
76 127 2
77 128 1
77 127 2
78 128 2
78 129 1
79 129 1
79 125 3
80 118 2
80 122 3
80 125 4
80 126 5
81 126 4
81 127 5
82 128 4
82 87 3
82 127 4
83 128 3
83 129 4
83 104 3
84 129 3
84 125 5
85 125 4
85 126 3
86 126 1
86 127 4
87 128 3
87 127 2
88 128 1
88 129 2
89 129 4
89 125 3
89 95 1
90 102 4
90 125 3
90 126 4
91 109 1
91 94 3
91 126 5
91 127 5
92 128 3
92 127 2
93 128 3
93 129 2
94 96 5
94 129 3
94 125 3
95 125 2
95 126 5
96 126 2
96 127 5
97 128 5
97 127 2
98 128 5
98 129 1
98 121 4
99 129 1
99 125 4
100 125 2
100 126 4
101 126 2
101 127 5
102 128 3
102 127 4
103 128 4
103 129 4
103 107 2
104 129 1
104 125 4
105 125 5
105 126 1
106 115 2
106 126 2
106 127 2
107 128 5
107 127 1
108 128 4
108 129 2
109 129 1
109 125 2
110 125 3
110 126 5
111 126 2
111 127 1
112 128 3
112 127 1
113 128 5
113 129 3
114 129 2
114 125 3
115 125 1
115 126 3
116 126 5
116 127 3
117 128 5
117 127 4
118 128 2
118 129 5
119 129 1
119 125 3
120 125 2
120 126 3
121 126 4
121 127 4
122 128 5
122 127 2
123 128 2
123 129 2
124 129 2
124 125 2
125 130 4
125 131 4
125 132 2
125 133 2
125 134 4
125 135 2
125 136 2
125 137 3
125 138 4
125 139 2
125 140 5
125 141 4
125 142 2
125 143 2
125 144 4
125 145 5
125 146 4
125 147 4
125 148 3
125 149 2
125 150 4
125 151 1
125 152 2
125 153 3
125 154 1
125 155 1
125 156 2
125 157 5
125 158 4
125 159 3
125 160 5
125 161 4
125 162 5
125 163 3
125 164 1
125 165 2
125 166 3
125 167 5
125 168 2
125 169 5
125 170 3
125 171 1
125 172 1
125 173 3
125 174 3
125 175 1
125 176 3
125 177 4
125 178 1
125 179 1
126 130 4
126 131 3
126 132 1
126 133 4
126 134 3
126 135 3
126 136 4
126 137 3
126 138 5
126 139 4
126 140 4
126 141 5
126 142 4
126 143 5
126 144 4
126 145 2
126 146 4
126 147 2
126 148 4
126 149 2
126 150 2
126 151 2
126 152 1
126 153 4
126 154 4
126 155 1
126 156 1
126 157 4
126 158 1
126 159 1
126 160 1
126 161 1
126 162 3
126 163 3
126 164 2
126 165 5
126 166 4
126 167 3
126 168 4
126 169 1
126 170 1
126 171 1
126 172 5
126 173 4
126 174 5
126 175 3
126 176 4
126 177 2
126 178 4
126 179 2
127 130 4
127 131 1
127 132 2
127 133 4
127 134 4
127 135 5
127 136 5
127 137 2
127 138 3
127 139 4
127 140 3
127 141 5
127 142 4
127 143 2
127 144 5
127 145 2
127 146 1
127 147 5
127 148 1
127 149 5
127 150 5
127 151 3
127 152 5
127 153 4
127 154 2
127 155 2
127 156 1
127 157 2
127 158 3
127 159 5
127 160 5
127 161 2
127 162 2
127 163 5
127 164 3
127 165 5
127 166 3
127 167 3
127 168 3
127 169 5
127 170 3
127 171 4
127 172 2
127 173 4
127 174 1
127 175 3
127 176 5
127 177 1
127 178 2
127 179 1
128 130 5
128 131 3
128 132 3
128 133 4
128 134 1
128 135 4
128 136 4
128 137 5
128 138 3
128 139 3
128 140 1
128 141 4
128 142 1
128 143 2
128 144 5
128 145 5
128 146 3
128 147 1
128 148 4
128 149 4
128 150 1
128 151 2
128 152 1
128 153 4
128 154 4
128 155 3
128 156 1
128 157 5
128 158 4
128 159 3
128 160 2
128 161 2
128 162 5
128 163 4
128 164 3
128 165 3
128 166 5
128 167 3
128 168 3
128 169 1
128 170 5
128 171 2
128 172 1
128 173 5
128 174 3
128 175 2
128 176 4
128 177 1
128 178 2
128 179 3
129 130 5
129 131 4
129 132 2
129 133 1
129 134 2
129 135 1
129 136 5
129 137 1
129 138 2
129 139 4
129 140 5
129 141 5
129 142 2
129 143 2
129 144 3
129 145 5
129 146 4
129 147 2
129 148 2
129 149 1
129 150 2
129 151 3
129 152 4
129 153 2
129 154 3
129 155 5
129 156 5
129 157 2
129 158 5
129 159 1
129 160 1
129 161 5
129 162 5
129 163 3
129 164 1
129 165 5
129 166 2
129 167 3
129 168 2
129 169 3
129 170 4
129 171 2
129 172 1
129 173 4
129 174 1
129 175 1
129 176 4
129 177 5
129 178 5
129 179 5
130 165 5
131 155 4
132 159 2
133 134 1
134 173 5
135 147 1
136 155 4
137 150 3
138 140 3
139 159 2
140 152 2
141 160 1
142 152 4
143 147 2
144 154 4
145 170 3
146 151 2
147 175 1
148 159 4
149 154 2
150 164 4
151 175 3
152 176 2
153 161 2
154 176 3
155 167 4
156 173 1
157 170 4
158 167 1
159 167 5
160 169 4
161 175 2
162 172 2
163 165 3
164 169 2
165 168 4
166 168 1
167 177 4
168 176 1
169 172 1
170 175 5
171 174 5
172 177 1
173 175 2
174 100003 50
174 100004 50
175 100004 50
175 100001 50
175 100000 50
176 100003 50
177 100002 50
177 100000 50
178 179 4
179 100002 50
179 100003 50
179 100004 50
179 100001 50
-2 1 50
-2 5 50
-5 2 50
-5 3 50
-4 1 50
-4 5 50
-3 2 50
-3 5 50
-1 0 50
-1 2 50
