0 1 1
0 35 4
0 12 1
0 20 2
0 62 4
0 63 4
1 64 1
1 45 5
1 63 1
2 64 4
2 65 1
2 10 3
2 27 4
2 28 3
3 65 4
3 66 4
3 13 4
4 17 2
4 66 3
4 62 5
5 7 2
5 52 5
5 6 1
5 62 1
5 63 1
6 64 3
6 8 5
6 11 4
6 40 1
6 23 2
6 24 3
6 26 3
6 63 3
7 64 4
7 65 5
7 44 3
8 65 3
8 66 3
8 9 3
8 49 4
8 18 1
8 21 2
9 16 4
9 66 2
9 19 3
9 22 2
9 62 4
10 31 2
10 43 4
10 54 3
10 62 1
10 63 5
11 64 5
11 48 1
11 63 1
12 64 3
12 65 3
12 29 4
12 32 2
13 65 1
13 66 5
13 30 4
13 38 4
13 14 2
14 66 2
14 62 2
14 15 3
15 47 4
15 62 2
15 63 1
16 64 1
16 63 5
17 64 5
17 65 3
17 34 4
18 65 4
18 66 5
19 66 4
19 62 2
20 33 3
20 50 1
20 60 1
20 62 4
20 63 3
21 64 2
21 63 1
22 64 4
22 65 1
22 36 4
23 65 3
23 66 1
23 61 1
23 41 1
24 25 1
24 66 2
24 37 1
24 62 5
25 55 3
25 62 1
25 63 4
26 64 1
26 63 3
27 64 3
27 65 2
27 42 4
27 39 1
28 65 3
28 66 3
29 66 4
29 62 1
30 46 2
30 62 3
30 63 2
31 64 3
31 63 2
32 64 2
32 65 4
33 65 3
33 66 5
34 66 3
34 62 4
35 62 1
35 63 5
36 64 4
36 63 1
37 64 1
37 65 2
38 65 2
38 66 3
39 66 3
39 58 3
39 62 3
40 51 5
40 59 4
40 62 3
40 63 1
41 64 4
41 63 5
42 64 2
42 65 1
43 65 4
43 66 1
44 66 1
44 62 1
45 62 4
45 63 5
46 64 5
46 57 3
46 63 2
47 64 1
47 65 5
48 56 2
48 65 2
48 66 5
49 66 3
49 62 3
50 53 2
50 62 3
50 63 4
51 64 3
51 63 1
52 64 4
52 65 4
53 65 1
53 66 5
54 66 4
54 62 1
55 62 3
55 63 3
56 64 1
56 63 5
57 64 1
57 65 3
58 65 2
58 66 2
59 66 3
59 62 1
60 62 5
60 63 3
61 64 5
61 63 1
62 67 4
62 68 5
62 69 3
62 70 5
62 71 5
62 72 2
62 73 1
62 74 4
62 75 1
62 76 2
62 77 2
62 78 2
62 79 2
62 80 4
62 81 5
62 82 1
62 83 5
62 84 1
62 85 4
62 86 1
62 87 5
62 88 3
62 89 1
62 90 3
62 91 3
63 67 2
63 68 3
63 69 3
63 70 5
63 71 2
63 72 1
63 73 2
63 74 5
63 75 1
63 76 5
63 77 3
63 78 2
63 79 1
63 80 3
63 81 1
63 82 1
63 83 2
63 84 1
63 85 2
63 86 5
63 87 4
63 88 4
63 89 3
63 90 2
63 91 2
64 67 3
64 68 5
64 69 3
64 70 2
64 71 1
64 72 5
64 73 1
64 74 4
64 75 3
64 76 1
64 77 1
64 78 1
64 79 2
64 80 5
64 81 3
64 82 2
64 83 5
64 84 1
64 85 5
64 86 2
64 87 3
64 88 2
64 89 5
64 90 1
64 91 5
65 67 5
65 68 1
65 69 1
65 70 2
65 71 2
65 72 1
65 73 2
65 74 1
65 75 4
65 76 5
65 77 3
65 78 4
65 79 5
65 80 5
65 81 3
65 82 2
65 83 2
65 84 1
65 85 1
65 86 5
65 87 3
65 88 5
65 89 4
65 90 1
65 91 4
66 67 4
66 68 5
66 69 2
66 70 2
66 71 2
66 72 3
66 73 5
66 74 1
66 75 3
66 76 2
66 77 1
66 78 3
66 79 4
66 80 5
66 81 1
66 82 3
66 83 5
66 84 5
66 85 5
66 86 3
66 87 4
66 88 5
66 89 1
66 90 2
66 91 4
67 82 5
68 73 4
69 73 5
70 71 5
71 82 5
72 89 5
73 84 3
74 78 5
75 90 1
76 91 2
77 87 5
78 85 3
79 84 2
80 91 5
81 83 2
82 87 5
83 85 4
84 90 2
85 91 3
86 100001 50
86 100002 50
87 100004 50
87 100001 50
87 100002 50
87 100000 50
88 100003 50
88 100001 50
89 100002 50
90 100004 50
91 100003 50
91 100004 50
91 100000 50
-2 2 50
-2 4 50
-5 0 50
-5 5 50
-4 0 50
-4 2 50
-4 3 50
-3 0 50
-3 3 50
-1 0 50
-1 4 50
