0 16 5
0 15 5
1 16 7
1 15 2
2 16 9
2 15 4
3 16 4
3 15 10
4 16 7
4 15 3
5 16 9
5 15 2
6 16 4
6 15 1
7 16 9
7 15 5
8 16 7
8 15 8
9 16 6
9 15 10
10 16 4
10 15 7
11 16 4
11 15 6
12 16 4
12 15 5
13 16 9
13 15 9
14 16 5
14 15 9
15 1 1
15 2 4
15 3 7
15 4 4
15 5 5
15 6 6
15 7 6
15 8 6
15 9 10
15 10 4
15 11 4
15 12 2
15 13 6
15 14 3
15 17 5
15 18 5
15 19 2
15 20 6
15 21 3
15 22 2
15 23 6
15 24 6
15 25 7
15 26 5
15 27 8
15 28 3
15 29 2
15 30 10
15 31 3
16 17 5
16 18 4
16 19 3
16 20 10
16 21 7
16 22 6
16 23 5
16 24 1
16 25 5
16 26 1
16 27 8
16 28 2
16 29 2
16 30 3
16 31 2
17 23 7
18 16 9
18 15 3
19 16 9
19 15 8
20 16 9
20 15 4
21 16 2
21 15 9
22 16 5
22 15 3
23 16 9
23 15 8
24 16 9
24 15 7
25 16 9
25 15 7
26 16 8
26 100003 100
26 15 4
27 100000 100
27 100001 100
27 100003 100
27 100004 100
27 15 10
27 16 8
28 16 5
28 100002 100
28 15 1
29 16 1
29 100002 100
29 15 2
30 16 6
30 100000 100
30 100002 100
30 100001 100
30 15 8
31 16 10
31 100001 100
31 100004 100
31 15 1
-2 2 100
-2 3 100
-2 4 100
-5 2 100
-5 5 100
-4 1 100
-4 3 100
-3 1 100
-3 4 100
-1 1 100
-1 3 100
