0 25 2
0 26 3
0 11 3
0 12 4
0 7 3
1 26 4
1 27 2
2 27 1
2 28 4
2 6 1
3 28 4
3 29 4
4 25 5
4 10 5
4 29 1
5 8 4
5 25 4
5 26 3
6 16 5
6 9 3
6 26 1
6 27 5
7 27 3
7 28 4
8 20 4
8 28 1
8 29 4
9 25 1
9 29 3
10 25 1
10 26 2
10 15 2
11 26 1
11 27 3
12 27 2
12 28 5
12 22 5
13 17 3
13 28 2
13 29 4
14 25 2
14 29 3
15 25 1
15 26 2
16 26 2
16 27 5
17 27 4
17 28 4
17 21 4
18 28 2
18 29 3
19 25 5
19 29 1
20 25 5
20 26 5
21 26 1
21 27 1
22 27 5
22 28 4
23 28 4
23 29 3
24 25 3
24 29 4
25 32 4
25 34 1
25 35 2
25 38 2
25 33 3
25 39 1
25 36 2
25 37 5
25 30 3
25 31 5
26 34 4
26 35 4
26 36 1
26 32 3
26 39 4
26 33 4
26 38 1
26 37 1
26 30 5
26 31 3
27 32 2
27 35 1
27 36 5
27 33 4
27 34 2
27 39 5
27 38 3
27 37 2
27 30 3
27 31 5
28 32 4
28 33 4
28 36 2
28 37 3
28 38 3
28 39 4
28 34 5
28 35 1
28 30 1
28 31 3
29 32 2
29 33 3
29 34 4
29 37 1
29 35 1
29 39 4
29 13 2
29 14 3
29 18 2
29 19 2
29 23 3
29 24 5
29 36 3
29 38 5
29 30 3
29 31 5
30 35 3
31 34 4
32 37 5
33 38 2
34 100001 50
34 100003 50
34 100004 50
35 100000 50
35 100002 50
35 100003 50
35 100004 50
36 100000 50
36 100002 50
36 100003 50
37 100002 50
38 100004 50
39 100000 50
39 100001 50
-2 1 50
-2 2 50
-2 4 50
-5 0 50
-5 1 50
-5 3 50
-4 2 50
-4 4 50
-4 5 50
-3 1 50
-3 3 50
-3 5 50
-1 2 50
-1 5 50
