0 8 9
0 47 8
0 6 9
0 62 10
0 63 6
1 64 1
1 10 1
1 30 3
1 63 1
2 64 9
2 65 9
2 3 8
2 21 4
2 57 5
3 16 7
3 65 1
3 66 1
3 27 2
4 66 2
4 62 4
4 31 7
5 23 2
5 7 3
5 37 8
5 62 7
5 63 8
6 64 7
6 9 10
6 61 5
6 24 6
6 63 4
7 64 5
7 65 1
7 12 9
7 28 4
8 65 5
8 66 9
8 11 5
9 32 8
9 66 7
9 51 6
9 62 5
9 15 6
10 41 4
10 59 5
10 62 2
10 63 3
11 64 10
11 34 6
11 13 4
11 14 10
11 18 1
11 26 4
11 63 1
12 64 6
12 65 1
12 22 7
12 33 4
13 65 2
13 66 1
13 17 1
14 66 1
14 43 3
14 62 3
15 62 6
15 63 3
16 64 8
16 19 3
16 63 2
17 64 6
17 65 9
17 49 5
18 65 9
18 66 5
18 20 8
18 29 8
19 66 10
19 38 5
19 50 7
19 56 1
19 25 6
19 62 5
20 62 3
20 63 1
21 64 3
21 36 7
21 63 6
22 64 2
22 65 2
22 35 2
22 40 10
23 65 8
23 66 5
23 58 5
23 53 10
24 66 6
24 62 8
25 62 7
25 63 7
26 64 5
26 63 9
27 64 2
27 65 6
27 42 8
28 65 1
28 66 10
28 54 3
29 66 3
29 62 3
29 39 5
30 62 8
30 63 3
31 64 5
31 48 3
31 63 9
32 64 3
32 65 9
33 65 4
33 66 8
34 66 6
34 62 6
35 60 9
35 62 5
35 63 10
36 64 8
36 63 1
37 64 3
37 65 8
38 65 1
38 66 3
38 45 1
39 66 8
39 62 1
40 62 3
40 63 5
41 64 4
41 63 1
42 64 9
42 65 6
43 65 4
43 66 3
43 44 2
44 66 3
44 62 5
44 55 8
45 46 4
45 62 3
45 63 4
46 64 3
46 63 5
47 64 5
47 65 7
48 65 1
48 66 9
49 66 5
49 62 2
50 52 10
50 62 3
50 63 3
51 64 4
51 63 1
52 64 6
52 65 8
53 65 2
53 66 4
54 66 5
54 62 4
55 62 4
55 63 2
56 64 8
56 63 9
57 64 2
57 65 5
58 65 10
58 66 2
59 66 4
59 62 7
60 62 6
60 63 10
61 64 5
61 63 5
62 67 10
62 68 9
62 69 8
62 70 6
62 71 4
62 72 2
62 73 5
62 74 6
62 75 3
62 76 7
62 77 7
62 78 8
62 79 5
62 80 5
62 81 1
62 82 10
62 83 1
62 84 8
62 85 3
62 86 9
62 87 9
62 88 2
62 89 2
62 90 9
62 91 4
63 67 6
63 68 3
63 69 5
63 70 3
63 71 7
63 72 4
63 73 8
63 74 4
63 75 7
63 76 9
63 77 7
63 78 9
63 79 1
63 80 3
63 81 1
63 82 2
63 83 6
63 84 2
63 85 1
63 86 4
63 87 3
63 88 4
63 89 3
63 90 3
63 91 7
64 67 2
64 68 6
64 69 2
64 70 8
64 71 4
64 72 3
64 73 10
64 74 7
64 75 2
64 76 4
64 77 2
64 78 7
64 79 3
64 80 7
64 81 2
64 82 8
64 83 7
64 84 10
64 85 5
64 86 3
64 87 3
64 88 3
64 89 5
64 90 2
64 91 1
65 67 8
65 68 9
65 69 3
65 70 1
65 71 5
65 72 8
65 73 7
65 74 9
65 75 8
65 76 10
65 77 6
65 78 8
65 79 7
65 80 1
65 81 9
65 82 6
65 83 8
65 84 10
65 85 3
65 86 7
65 87 7
65 88 10
65 89 7
65 90 3
65 91 2
66 67 10
66 68 10
66 69 3
66 70 1
66 71 2
66 72 8
66 73 9
66 74 2
66 75 2
66 76 2
66 77 8
66 78 6
66 79 6
66 80 4
66 81 4
66 82 1
66 83 6
66 84 9
66 85 8
66 86 6
66 87 4
66 88 7
66 89 7
66 90 5
66 91 10
67 75 10
68 84 5
69 89 9
70 76 1
71 86 10
72 74 3
73 86 5
74 75 7
75 77 5
76 89 5
77 86 2
78 86 10
79 85 10
80 91 10
81 84 9
82 87 10
83 91 8
84 87 2
85 87 10
86 100003 100
86 100000 100
87 100003 100
87 100002 100
88 100004 100
88 100001 100
88 100000 100
89 100003 100
89 100000 100
90 100001 100
90 100002 100
91 100004 100
91 100001 100
-2 1 100
-2 2 100
-5 2 100
-5 4 100
-5 5 100
-4 2 100
-4 4 100
-4 5 100
-3 0 100
-3 1 100
-1 0 100
-1 1 100
-1 2 100
