0 125 10
0 126 4
0 7 2
1 6 4
1 126 9
1 127 1
2 128 5
2 127 9
3 128 3
3 129 5
4 129 4
4 130 6
5 130 6
5 131 2
6 131 2
6 132 8
7 132 5
7 133 5
8 133 5
8 134 5
9 125 8
9 134 1
10 125 9
10 126 2
11 126 1
11 127 5
12 128 9
12 127 3
13 128 1
13 129 1
14 129 4
14 130 7
15 130 6
15 131 5
16 131 3
16 132 6
17 132 8
17 133 8
18 133 3
18 134 9
19 125 5
19 134 5
20 125 7
20 126 6
21 126 4
21 127 10
22 128 10
22 127 1
23 128 1
23 129 6
24 129 4
24 130 6
25 130 5
25 131 2
26 131 5
26 132 4
27 132 6
27 133 3
28 133 10
28 134 4
29 125 3
29 134 8
30 125 7
30 126 3
31 126 6
31 127 7
32 128 4
32 127 2
33 128 4
33 129 9
34 129 3
34 130 5
35 130 5
35 131 1
36 131 8
36 132 8
37 132 3
37 133 8
38 133 1
38 134 5
39 125 5
39 134 4
40 125 6
40 126 5
41 126 7
41 127 1
42 128 4
42 127 3
43 128 4
43 129 6
44 129 5
44 130 8
45 130 7
45 131 5
46 131 10
46 132 9
47 132 8
47 133 6
48 133 7
48 134 7
49 125 10
49 134 8
50 125 1
50 126 9
51 126 6
51 127 8
52 128 10
52 127 10
53 128 7
53 129 10
54 129 4
54 130 6
55 130 9
55 131 4
56 131 1
56 132 3
57 132 6
57 133 5
58 133 7
58 134 5
59 125 2
59 134 2
60 125 5
60 126 4
61 126 9
61 127 2
62 128 1
62 127 2
63 128 10
63 129 8
64 129 6
64 130 7
65 130 3
65 131 8
66 131 6
66 132 6
67 132 8
67 133 9
68 133 10
68 134 6
69 125 6
69 134 1
70 125 3
70 126 8
71 126 10
71 127 1
72 128 9
72 127 5
73 128 6
73 129 4
74 129 6
74 130 5
75 130 2
75 131 5
76 131 10
76 132 5
77 132 8
77 133 1
78 133 2
78 134 6
79 125 6
79 134 8
80 125 2
80 126 5
81 126 7
81 127 3
82 128 10
82 127 5
83 128 9
83 129 10
84 129 2
84 130 1
85 130 8
85 131 10
86 131 10
86 132 1
87 132 8
87 133 3
88 133 1
88 134 2
89 125 10
89 134 5
90 125 8
90 126 2
91 126 2
91 127 7
92 128 5
92 127 9
93 128 1
93 129 10
94 129 3
94 130 6
95 130 9
95 131 9
96 131 7
96 132 1
97 132 1
97 133 8
98 133 10
98 134 9
99 125 6
99 134 10
100 125 5
100 126 6
101 126 3
101 127 2
102 128 7
102 127 1
103 128 2
103 129 2
104 129 2
104 130 9
105 130 1
105 131 10
106 131 7
106 132 6
107 132 1
107 133 7
108 133 3
108 134 10
109 125 3
109 134 3
110 125 2
110 126 2
111 126 5
111 127 9
112 128 4
112 127 4
113 128 2
113 129 8
114 129 1
114 130 10
115 130 9
115 131 8
116 131 4
116 132 10
117 132 1
117 133 7
118 133 3
118 134 8
119 125 5
119 134 2
120 125 6
120 126 5
121 126 2
121 127 8
122 128 3
122 127 10
123 128 4
123 129 9
124 129 1
124 130 2
125 135 10
125 136 1
125 9 8
125 10 10
125 139 4
125 140 6
125 141 1
125 142 9
125 143 10
125 144 1
125 145 10
125 146 5
125 19 6
125 20 7
125 149 1
125 150 4
125 151 5
125 152 10
125 153 1
125 154 2
125 155 3
125 156 2
125 29 5
125 30 7
125 159 8
125 39 10
125 40 7
125 157 2
125 49 8
125 50 10
125 158 10
125 137 8
125 59 5
125 60 8
125 138 6
125 69 8
125 70 10
125 79 2
125 80 3
125 89 7
125 90 2
125 99 7
125 100 6
125 109 3
125 110 8
125 147 8
125 119 6
125 120 6
125 148 6
126 135 1
126 136 9
126 137 10
126 10 8
126 11 2
126 140 3
126 141 1
126 142 9
126 143 9
126 144 10
126 145 5
126 146 4
126 147 6
126 20 10
126 21 6
126 150 1
126 151 5
126 152 10
126 153 3
126 154 1
126 155 7
126 156 7
126 157 6
126 30 8
126 31 7
126 40 3
126 41 4
126 50 10
126 51 7
126 158 6
126 138 9
126 159 10
126 60 6
126 61 9
126 139 4
126 70 3
126 71 2
126 80 8
126 81 6
126 90 3
126 91 8
126 148 8
126 100 7
126 101 1
126 110 8
126 111 3
126 120 5
126 121 5
126 149 4
127 150 3
127 135 2
127 136 6
127 137 3
127 138 7
127 11 5
127 12 4
127 141 3
127 142 7
127 143 9
127 144 1
127 145 6
127 146 1
127 147 2
127 148 7
127 21 10
127 22 9
127 151 10
127 152 7
127 153 4
127 154 8
127 155 7
127 156 7
127 157 8
127 158 5
127 31 5
127 32 10
127 41 10
127 42 3
127 51 8
127 52 5
127 159 3
127 61 9
127 62 10
127 139 9
127 71 8
127 72 3
127 140 7
127 81 6
127 82 2
127 91 7
127 92 3
127 101 3
127 102 8
127 111 1
127 112 5
127 121 2
127 122 2
127 149 1
128 150 2
128 135 7
128 136 4
128 137 2
128 138 5
128 139 7
128 12 8
128 13 9
128 142 5
128 143 1
128 144 6
128 145 10
128 146 7
128 147 6
128 148 2
128 149 5
128 22 4
128 23 8
128 152 9
128 153 9
128 154 8
128 155 6
128 156 8
128 157 9
128 158 9
128 159 3
128 32 1
128 33 8
128 42 7
128 43 7
128 52 8
128 53 5
128 151 10
128 62 7
128 63 7
128 72 10
128 73 3
128 141 5
128 82 8
128 83 4
128 92 6
128 93 8
128 102 4
128 103 2
128 112 5
128 113 5
128 140 9
128 122 8
128 123 6
129 135 1
129 136 2
129 137 6
129 138 2
129 139 10
129 140 8
129 13 6
129 14 7
129 143 4
129 144 10
129 145 4
129 146 1
129 147 9
129 148 6
129 149 7
129 150 5
129 23 9
129 24 2
129 153 7
129 154 2
129 155 4
129 156 4
129 157 2
129 158 4
129 159 10
129 33 2
129 34 2
129 43 7
129 44 9
129 53 8
129 54 1
129 151 5
129 63 5
129 64 10
129 73 9
129 74 5
129 141 6
129 83 3
129 84 8
129 142 9
129 152 6
129 93 4
129 94 8
129 103 10
129 104 5
129 113 10
129 114 10
129 123 10
129 124 7
130 135 9
130 136 4
130 137 9
130 138 5
130 139 5
130 140 1
130 141 5
130 14 1
130 15 9
130 144 10
130 145 10
130 146 9
130 147 3
130 148 3
130 149 1
130 150 1
130 151 9
130 24 6
130 25 8
130 154 10
130 155 5
130 156 9
130 157 3
130 158 10
130 159 5
130 34 9
130 35 9
130 44 10
130 45 8
130 142 6
130 54 2
130 55 5
130 64 3
130 65 8
130 74 10
130 75 2
130 84 6
130 85 7
130 152 3
130 143 3
130 94 7
130 95 6
130 104 2
130 105 9
130 114 1
130 115 3
130 153 7
130 124 8
131 135 10
131 136 6
131 137 5
131 138 10
131 139 5
131 140 1
131 141 10
131 142 7
131 15 10
131 16 5
131 145 7
131 146 7
131 147 8
131 148 8
131 149 7
131 150 3
131 151 8
131 152 8
131 25 6
131 26 1
131 155 8
131 156 5
131 154 8
131 158 10
131 159 2
131 35 5
131 36 4
131 45 1
131 46 10
131 157 10
131 55 6
131 56 7
131 65 7
131 66 7
131 75 9
131 76 5
131 85 5
131 86 9
131 143 3
131 95 9
131 96 6
131 144 3
131 105 7
131 106 4
131 115 8
131 116 9
131 153 9
132 136 6
132 137 2
132 138 4
132 139 6
132 140 4
132 141 5
132 142 2
132 143 3
132 16 10
132 17 4
132 146 1
132 144 10
132 148 1
132 149 7
132 150 3
132 151 8
132 152 3
132 153 3
132 26 1
132 27 1
132 156 10
132 154 3
132 158 5
132 159 10
132 155 8
132 36 5
132 37 5
132 135 8
132 46 8
132 47 8
132 56 7
132 57 7
132 66 8
132 67 2
132 76 9
132 77 6
132 86 7
132 87 4
132 96 5
132 97 3
132 145 9
132 106 6
132 107 4
132 157 6
132 147 6
132 116 6
132 117 10
133 137 6
133 138 5
133 139 10
133 140 5
133 141 6
133 142 4
133 143 6
133 144 4
133 17 1
133 18 8
133 147 8
133 148 5
133 149 4
133 150 10
133 151 2
133 152 1
133 153 3
133 154 2
133 27 2
133 28 5
133 157 5
133 158 2
133 159 7
133 155 7
133 37 8
133 38 6
133 156 8
133 135 3
133 47 8
133 48 9
133 136 8
133 57 7
133 58 2
133 67 9
133 68 9
133 77 7
133 78 4
133 87 1
133 88 2
133 97 2
133 98 6
133 145 6
133 107 9
133 108 9
133 146 9
133 117 9
133 118 6
134 135 7
134 8 4
134 9 9
134 138 1
134 139 4
134 140 9
134 141 1
134 142 5
134 143 7
134 144 8
134 145 7
134 18 1
134 19 3
134 148 3
134 149 5
134 150 6
134 151 7
134 152 3
134 153 10
134 154 9
134 155 6
134 28 8
134 29 9
134 158 10
134 159 9
134 38 9
134 39 7
134 156 2
134 157 8
134 48 7
134 49 6
134 137 4
134 58 2
134 59 8
134 146 7
134 68 6
134 69 7
134 78 1
134 79 2
134 88 9
134 89 10
134 98 10
134 99 2
134 108 4
134 109 9
134 147 3
134 118 3
134 119 6
134 136 7
135 144 9
136 125 5
136 126 10
136 127 3
137 133 8
137 134 5
137 125 6
137 126 1
137 127 3
138 128 3
138 129 1
138 130 5
138 131 4
138 132 3
138 133 5
138 134 4
138 125 1
138 126 9
138 127 9
139 128 9
139 129 5
139 130 10
139 131 1
139 132 5
139 133 10
139 134 1
139 125 9
139 126 7
139 127 5
140 128 8
140 129 1
140 130 5
140 131 7
140 132 9
140 133 2
140 134 10
140 125 1
140 126 6
140 127 6
141 128 3
141 129 8
141 130 10
141 131 4
141 132 9
141 133 8
141 134 5
141 125 3
141 126 5
141 127 8
142 128 1
142 129 6
142 130 7
142 131 3
142 132 6
142 133 5
142 134 4
142 125 3
142 126 6
142 127 8
143 128 4
143 129 1
143 130 5
143 131 8
143 132 8
143 133 9
143 134 3
143 125 7
143 126 7
143 127 10
144 153 5
145 128 8
145 129 9
145 130 8
145 131 3
145 132 6
145 133 5
145 134 7
145 125 4
145 126 8
145 127 1
146 128 6
146 129 7
146 130 6
146 131 9
146 132 5
146 133 4
146 134 8
146 125 10
146 126 8
146 127 4
147 128 10
147 129 8
147 130 4
147 131 5
147 132 10
147 133 3
147 134 5
147 125 1
147 126 9
147 127 7
148 128 8
148 129 9
148 130 3
148 131 4
148 132 1
148 133 4
148 134 2
148 125 10
148 126 6
148 127 10
149 128 2
149 129 5
149 130 1
149 131 9
149 132 7
149 133 8
149 134 1
149 125 3
149 126 10
149 127 6
150 151 1
151 130 5
151 131 9
151 132 3
151 133 3
151 134 8
151 125 8
151 126 4
151 127 5
152 128 2
152 129 9
152 130 3
152 131 2
152 132 4
152 133 6
152 134 3
152 125 4
152 126 9
152 127 3
153 159 3
154 128 8
154 129 8
154 130 4
154 131 7
154 132 8
154 133 4
154 134 9
154 100002 100
154 100004 100
154 125 5
154 126 2
154 127 4
155 128 3
155 129 2
155 130 9
155 131 4
155 132 2
155 133 2
155 134 10
155 100001 100
155 100003 100
155 100004 100
155 100000 100
155 125 10
155 126 10
155 127 3
156 128 1
156 129 2
156 130 6
156 131 1
156 132 1
156 133 2
156 134 10
156 100002 100
156 100003 100
156 125 10
156 126 7
156 127 10
157 128 5
157 129 2
157 130 5
157 131 2
157 132 5
157 133 8
157 134 8
157 100001 100
157 100003 100
157 100004 100
157 100000 100
157 125 8
157 126 2
157 127 5
158 128 9
158 129 10
158 130 8
158 131 7
158 132 9
158 133 6
158 134 5
158 100001 100
158 125 6
158 126 2
158 127 6
-2 0 100
-2 2 100
-2 5 100
-5 0 100
-5 2 100
-5 3 100
-4 0 100
-4 2 100
-4 4 100
-3 1 100
-3 2 100
-1 2 100
-1 5 100
