0 1 4
0 10 1
0 11 5
1 10 2
1 11 4
2 8 2
2 10 5
2 11 4
3 10 1
3 11 4
3 4 4
4 10 3
4 11 2
5 9 1
5 10 3
5 11 2
5 6 5
6 10 3
6 11 2
6 7 4
7 10 3
7 11 5
8 10 1
8 11 1
9 10 4
9 11 3
10 12 1
10 13 3
10 14 1
10 15 2
10 16 2
10 17 4
10 18 4
10 19 3
10 20 2
10 21 3
11 12 2
11 13 2
11 14 1
11 15 5
11 16 5
11 17 3
11 18 1
11 19 3
11 20 2
11 21 4
12 18 5
13 16 4
14 15 2
15 20 5
16 21 2
17 100001 50
17 100002 50
17 100003 50
17 100004 50
18 100003 50
19 100000 50
19 100001 50
19 100004 50
20 100000 50
20 100001 50
21 100000 50
21 100002 50
-2 0 50
-2 2 50
-5 2 50
-5 3 50
-5 5 50
-4 0 50
-4 3 50
-3 2 50
-3 3 50
-1 0 50
-1 2 50
-1 5 50
