0 1 1
0 2 2
0 7 3
0 8 3
0 11 1
0 15 1
0 48 5
0 19 1
0 53 3
0 22 2
0 56 1
0 26 2
0 29 1
1 6 3
1 10 3
1 43 5
1 44 3
1 45 3
1 24 2
1 19 1
1 56 5
1 25 1
1 58 3
1 30 2
1 31 4
2 32 1
2 36 1
2 41 4
2 42 5
2 45 1
2 17 4
2 52 5
2 54 4
2 23 2
2 57 5
2 10 1
3 34 5
3 38 5
3 12 1
3 44 2
3 45 2
3 15 3
3 48 1
3 52 5
3 24 1
3 25 1
3 59 4
3 31 4
4 33 3
4 34 5
4 45 2
4 46 4
4 15 1
4 16 3
4 18 3
4 20 1
4 21 4
4 57 1
4 27 4
4 31 4
5 32 3
5 35 3
5 9 4
5 42 1
5 11 5
5 13 2
5 17 1
5 20 1
5 21 2
5 23 4
5 28 5
5 10 5
6 33 5
6 8 4
6 41 3
6 11 4
6 12 5
6 15 4
6 16 1
6 21 1
6 7 4
6 30 1
6 31 1
7 38 3
7 49 1
7 8 2
7 10 5
7 44 4
7 13 2
7 17 2
7 20 3
7 53 3
7 29 2
8 37 1
8 40 2
8 11 5
8 12 2
8 13 1
8 14 2
8 19 5
8 26 3
8 31 1
9 32 1
9 34 5
9 36 1
9 12 5
9 46 2
9 47 2
9 52 2
9 54 4
9 23 3
9 27 3
9 31 2
10 47 5
10 48 5
10 51 2
10 22 4
10 55 5
10 28 5
10 30 2
10 37 3
11 34 2
11 35 5
11 43 4
11 49 1
11 24 4
11 56 5
11 57 4
11 58 5
12 59 2
12 37 1
12 17 3
12 54 5
12 23 2
12 57 1
12 27 2
12 29 2
13 16 3
13 33 5
13 43 4
13 46 4
13 15 2
13 48 5
13 18 4
13 39 5
13 30 1
14 38 5
14 23 5
14 45 1
14 46 5
14 15 5
14 50 5
14 22 1
14 55 1
14 56 2
14 58 5
14 26 4
15 36 4
15 39 5
15 42 5
15 49 5
15 35 4
15 54 2
16 32 2
16 34 1
16 50 4
16 37 5
16 23 3
16 18 1
16 57 4
16 55 4
16 25 3
17 32 2
17 37 2
17 47 1
17 49 5
17 20 2
17 22 1
17 26 5
17 30 3
18 35 1
18 38 5
18 40 5
18 41 5
18 20 1
18 56 1
18 36 4
18 58 2
18 59 2
19 35 1
19 33 1
19 27 4
19 24 2
19 53 1
19 55 2
19 56 4
19 59 1
19 31 3
20 37 1
20 38 2
20 47 1
20 54 4
20 24 2
21 33 3
21 41 1
21 47 5
21 49 2
21 52 2
21 24 5
21 57 4
22 39 3
22 47 2
22 48 2
22 53 4
22 56 1
22 58 5
23 53 1
23 55 1
23 29 3
23 30 1
24 36 4
24 50 5
24 52 2
24 28 4
25 32 4
25 40 4
25 42 4
25 43 1
25 44 1
25 50 1
25 54 1
26 35 2
26 39 5
26 59 3
26 52 5
26 57 1
26 27 4
27 45 5
27 50 5
27 41 1
27 59 3
27 31 3
28 39 5
28 41 3
28 44 3
28 46 2
28 55 3
28 58 1
28 29 3
29 46 3
29 47 3
29 51 3
29 54 2
29 31 1
30 33 2
30 49 1
30 42 5
30 52 5
31 36 4
32 38 1
32 41 3
32 47 5
32 56 5
33 51 1
33 37 4
33 36 2
33 59 1
34 39 5
34 45 2
34 49 2
34 53 1
34 54 3
35 51 3
35 40 2
35 46 5
35 52 3
36 39 4
36 48 1
36 55 5
37 40 2
37 51 4
37 59 5
38 41 4
38 43 4
38 48 4
38 50 1
39 44 4
39 50 5
39 58 5
40 46 3
40 55 3
40 56 5
40 57 5
40 59 3
41 47 3
41 58 1
42 45 3
42 49 2
42 52 1
42 54 4
42 57 4
43 44 4
43 45 4
43 50 5
43 53 3
43 58 2
44 46 2
44 48 3
44 57 5
45 51 5
46 50 2
47 55 5
48 51 2
48 53 4
49 58 1
49 53 5
50 52 3
51 54 3
51 56 4
51 59 5
52 58 1
53 55 4
54 100000 50
54 100003 50
54 100004 50
55 100003 50
56 59 4
57 100000 50
57 100001 50
58 100002 50
58 100004 50
59 100002 50
59 100000 50
59 100003 50
-2 2 50
-2 4 50
-2 5 50
-5 2 50
-5 3 50
-5 4 50
-4 0 50
-4 3 50
-4 5 50
-3 0 50
-3 2 50
-3 5 50
-1 0 50
-1 2 50
-1 3 50
