0 32 4
0 1 4
0 2 2
0 3 2
0 4 3
0 5 2
0 38 3
0 8 1
0 9 1
0 10 4
0 11 1
0 12 4
0 13 5
0 14 2
0 16 5
0 17 1
0 18 3
0 19 3
0 27 3
1 2 5
1 3 2
1 4 2
1 37 4
1 38 5
1 7 3
1 9 2
1 10 4
1 11 4
1 13 4
1 14 1
1 15 1
1 16 5
1 17 5
1 19 1
1 20 5
1 6 2
1 5 5
2 3 3
2 4 2
2 5 1
2 6 2
2 7 5
2 8 4
2 9 2
2 10 4
2 11 5
2 12 5
2 15 2
2 16 5
2 18 4
2 19 2
2 22 1
2 25 3
2 31 1
3 4 2
3 5 1
3 7 1
3 10 5
3 12 1
3 13 2
3 14 1
3 15 5
3 16 3
3 17 2
3 18 4
3 19 5
3 23 1
3 26 3
3 27 3
3 31 1
4 5 3
4 6 3
4 8 5
4 9 2
4 10 5
4 11 2
4 12 3
4 13 3
4 14 2
4 15 4
4 16 3
4 17 2
4 18 1
4 19 3
4 23 3
5 32 3
5 34 5
5 6 2
5 8 2
5 10 1
5 11 1
5 12 1
5 13 1
5 14 5
5 15 1
5 16 1
5 17 4
5 7 1
5 28 1
6 32 5
6 33 5
6 35 4
6 8 2
6 9 5
6 10 3
6 11 3
6 12 4
6 13 4
6 14 5
6 18 1
6 21 1
6 24 3
6 7 3
6 27 1
7 39 4
7 8 2
7 9 5
7 13 1
7 14 5
7 15 2
7 16 4
7 17 2
7 18 5
7 19 3
7 24 2
7 26 3
7 30 4
7 31 1
8 35 3
8 9 5
8 10 3
8 11 1
8 13 4
8 14 2
8 15 3
8 17 3
8 18 2
8 19 5
8 26 1
8 27 3
8 37 5
9 34 4
9 11 3
9 38 3
9 39 4
9 12 4
9 14 1
9 15 5
9 16 1
9 18 1
9 22 5
9 25 5
9 27 5
10 35 1
10 11 3
10 12 4
10 13 3
10 14 2
10 16 4
10 17 4
10 18 4
10 21 2
10 26 2
10 28 3
11 33 4
11 39 3
11 12 5
11 13 4
11 15 2
11 16 5
11 17 1
11 18 2
11 19 5
11 24 5
12 33 3
12 14 2
12 15 5
12 17 3
12 19 4
12 20 4
12 25 3
12 36 4
12 27 2
12 30 3
13 38 1
13 15 2
13 17 3
13 18 2
13 19 4
13 24 4
13 25 1
13 26 4
13 37 1
14 32 4
14 15 2
14 16 1
14 17 3
14 18 3
14 19 1
14 22 2
14 31 3
15 34 3
15 16 4
15 17 2
15 18 2
15 19 1
15 22 5
15 30 3
16 34 2
16 33 5
16 39 1
16 17 3
16 22 4
16 26 4
16 28 5
17 36 5
17 18 2
17 19 3
17 23 5
17 28 1
18 38 2
18 19 1
18 21 2
18 25 4
18 26 3
19 33 2
19 34 3
19 20 4
19 21 1
19 27 1
20 32 3
20 36 3
20 37 1
20 29 5
21 33 1
21 28 2
21 29 5
22 32 5
22 24 3
23 36 2
23 38 3
23 28 5
23 30 1
24 35 1
24 37 3
25 36 5
25 31 3
26 38 2
27 37 3
28 36 4
29 33 4
29 34 5
29 35 2
29 37 5
29 31 4
30 35 2
30 36 2
30 39 1
31 37 5
32 39 4
33 37 2
34 100002 50
34 39 3
35 100000 50
35 100001 50
35 100004 50
35 38 1
36 100000 50
36 100003 50
37 100002 50
37 100003 50
37 100001 50
38 100004 50
38 100001 50
38 100003 50
39 100000 50
-2 0 50
-2 3 50
-5 2 50
-5 3 50
-4 1 50
-4 2 50
-3 1 50
-3 2 50
-3 3 50
-1 1 50
-1 5 50
