0 1 6
0 3 6
0 37 8
0 38 3
0 8 9
0 12 5
0 11 1
0 44 7
0 45 2
0 15 9
0 17 4
0 20 7
0 21 9
0 24 6
0 28 1
0 13 7
1 32 6
1 16 3
1 4 7
1 33 7
1 9 1
1 46 2
1 48 2
1 17 7
1 19 1
1 41 8
1 23 7
1 25 5
1 27 3
1 29 4
1 31 2
2 32 10
2 33 5
2 4 5
2 37 2
2 6 5
2 9 3
2 10 8
2 44 6
2 16 5
2 17 10
2 19 3
2 20 5
2 22 10
2 41 5
2 29 8
3 34 2
3 35 7
3 36 2
3 37 8
3 42 3
3 43 4
3 45 2
3 13 6
3 10 1
3 19 4
3 23 3
3 18 5
3 29 7
3 30 2
4 34 10
4 36 7
4 39 6
4 8 8
4 11 7
4 12 5
4 13 6
4 14 10
4 16 7
4 23 5
4 25 3
4 26 1
4 31 9
5 7 1
5 8 8
5 9 7
5 43 4
5 13 8
5 45 2
5 14 3
5 47 6
5 17 9
5 19 10
5 22 6
5 24 4
5 25 10
5 27 10
5 28 2
6 38 2
6 7 3
6 8 4
6 43 7
6 12 1
6 46 8
6 47 3
6 16 5
6 14 6
6 23 8
6 26 1
6 15 4
6 29 7
6 31 10
7 33 9
7 34 2
7 39 10
7 8 10
7 41 4
7 11 3
7 44 5
7 12 5
7 17 3
7 18 1
7 23 3
7 27 3
7 31 1
8 33 10
8 35 3
8 40 10
8 44 3
8 42 2
8 43 4
8 12 6
8 15 6
8 20 8
8 22 1
9 16 8
9 35 1
9 40 5
9 41 9
9 10 2
9 15 3
9 48 2
9 18 9
9 19 6
9 21 4
9 24 3
9 47 1
10 39 8
10 40 9
10 41 10
10 42 8
10 45 8
10 13 1
10 48 8
10 18 2
10 26 2
10 28 1
10 30 4
10 31 2
11 16 7
11 34 8
11 17 6
11 38 3
11 43 10
11 13 9
11 46 7
11 47 9
11 48 5
11 49 4
11 18 10
11 26 4
12 32 9
12 35 1
12 16 4
12 18 6
12 19 6
12 22 2
12 23 4
12 24 3
12 28 3
12 31 8
13 39 3
13 42 2
13 45 4
13 14 4
13 16 7
13 49 6
13 19 1
13 23 1
13 30 8
14 45 7
14 38 10
14 46 5
14 15 3
14 16 10
14 17 2
14 19 4
14 20 2
14 24 8
14 27 8
14 29 1
15 17 7
15 39 3
15 43 1
15 45 6
15 40 9
15 18 4
15 19 8
15 20 3
15 26 10
15 29 8
16 38 8
16 48 9
16 17 9
16 27 6
16 28 4
16 31 6
17 40 4
17 42 7
17 47 5
17 20 10
17 25 9
17 30 2
18 36 5
18 38 6
18 43 9
18 44 2
18 47 2
18 48 1
18 21 2
18 41 6
19 37 6
19 48 9
19 20 10
19 22 1
19 25 10
19 26 7
20 34 4
20 21 6
20 23 8
20 25 1
20 30 3
21 36 10
21 45 5
21 23 8
21 24 4
21 27 3
21 28 4
21 30 8
21 31 4
22 32 1
22 34 7
22 35 8
22 39 2
22 44 8
22 23 1
22 37 3
23 32 5
23 38 2
24 33 5
24 40 6
24 47 1
24 49 4
24 26 1
24 27 1
25 38 7
25 46 3
25 36 4
25 28 2
25 30 4
25 31 8
26 32 2
26 38 9
26 41 7
26 46 3
26 49 7
27 33 8
27 35 9
27 38 7
27 40 10
27 41 3
28 32 9
28 34 3
28 46 6
28 49 2
28 30 5
29 36 2
29 39 8
29 42 4
29 43 3
29 44 8
29 35 3
30 33 8
30 39 9
30 43 5
30 46 9
31 37 4
31 47 1
31 49 1
32 36 8
32 44 2
32 46 4
32 47 6
32 49 7
33 37 4
33 38 7
33 41 8
33 48 1
33 40 9
34 37 9
34 46 5
34 47 9
34 49 6
34 35 2
35 39 7
35 42 5
35 45 10
35 40 8
36 37 7
36 43 7
36 44 6
36 45 4
36 48 8
37 39 3
37 40 1
37 42 10
38 46 3
39 40 9
39 42 6
40 44 5
41 42 4
41 44 2
41 49 7
42 47 1
42 48 6
43 45 9
43 49 10
44 100003 100
44 100002 100
44 49 5
44 100004 100
44 100001 100
44 100000 100
45 48 5
45 100003 100
46 100004 100
46 48 1
47 100002 100
47 49 6
48 100000 100
48 100004 100
49 100000 100
49 100001 100
-2 2 100
-2 3 100
-2 5 100
-5 2 100
-5 4 100
-5 5 100
-4 0 100
-4 2 100
-4 5 100
-3 4 100
-1 3 100
-1 4 100
-1 5 100
