0 33 3
0 2 1
0 3 4
0 36 4
0 37 3
0 6 1
0 1 1
0 8 1
0 9 2
0 10 3
0 11 4
0 12 1
0 13 3
0 15 1
0 16 5
0 17 5
0 18 1
0 19 5
0 22 5
0 4 2
0 5 5
1 2 1
1 3 3
1 4 2
1 5 1
1 6 5
1 7 5
1 8 5
1 9 3
1 10 1
1 11 4
1 12 4
1 13 3
1 14 5
1 15 1
1 16 1
1 17 4
1 18 5
1 19 5
1 24 4
1 29 2
2 34 5
2 3 4
2 4 5
2 5 2
2 6 1
2 7 2
2 8 3
2 9 2
2 10 3
2 11 4
2 12 4
2 13 2
2 14 1
2 15 1
2 16 3
2 17 4
2 18 3
2 19 5
2 39 3
3 33 3
3 4 1
3 5 5
3 6 4
3 7 4
3 8 1
3 9 2
3 10 5
3 11 1
3 12 2
3 14 1
3 15 5
3 16 3
3 17 5
3 18 2
3 19 3
3 22 4
3 27 4
4 5 2
4 38 5
4 7 5
4 8 5
4 9 4
4 10 5
4 11 1
4 13 5
4 14 5
4 15 2
4 16 2
4 34 5
4 18 2
4 19 4
4 6 5
4 28 2
4 37 2
5 37 4
5 6 4
5 7 4
5 8 1
5 9 4
5 10 3
5 11 5
5 12 2
5 13 1
5 14 5
5 15 2
5 18 5
5 19 1
5 32 3
5 25 3
5 29 5
6 7 4
6 8 3
6 9 4
6 10 1
6 11 3
6 12 2
6 13 1
6 14 3
6 15 5
6 16 5
6 17 3
6 18 3
6 19 2
6 22 3
6 29 4
7 32 2
7 36 4
7 39 2
7 8 5
7 9 4
7 11 5
7 12 4
7 13 3
7 14 4
7 15 2
7 16 1
7 17 4
7 18 5
7 19 1
7 24 5
8 9 3
8 10 3
8 11 5
8 12 1
8 13 2
8 14 5
8 15 2
8 16 5
8 17 3
8 18 1
8 21 1
8 33 3
8 26 2
9 10 1
9 11 3
9 12 4
9 13 2
9 14 1
9 15 2
9 16 4
9 17 2
9 18 2
9 19 2
9 28 3
9 30 1
10 35 2
10 11 4
10 12 3
10 14 1
10 15 5
10 16 5
10 17 4
10 18 2
10 19 4
10 20 3
10 29 3
10 30 4
11 38 1
11 12 2
11 13 4
11 14 5
11 15 3
11 16 1
11 17 1
11 18 2
11 19 2
11 25 3
12 13 1
12 14 4
12 15 5
12 16 5
12 17 3
12 18 5
12 19 3
12 23 4
12 28 3
12 30 4
13 36 1
13 37 5
13 14 3
13 15 2
13 17 2
13 18 5
13 19 2
13 25 2
13 28 1
13 30 2
14 32 5
14 36 5
14 15 1
14 16 4
14 17 2
14 18 1
14 21 1
14 31 3
15 34 1
15 16 5
15 17 2
15 18 3
15 19 3
15 26 2
16 39 4
16 17 4
16 18 5
16 19 2
16 20 4
16 23 1
16 27 5
17 39 2
17 18 5
17 19 1
17 24 5
17 27 4
17 28 3
18 21 1
18 23 4
18 26 2
19 35 3
19 33 5
19 34 4
19 23 3
19 25 3
20 24 2
20 37 5
20 38 4
21 25 3
21 39 4
22 38 5
22 31 1
23 35 5
24 35 3
25 31 5
26 27 3
26 34 4
27 32 1
28 30 3
29 31 5
30 33 3
31 38 2
31 36 2
32 35 3
33 37 1
34 100000 50
34 100001 50
34 100002 50
34 100004 50
35 36 5
36 100001 50
36 100002 50
36 100003 50
36 100004 50
37 100000 50
38 100000 50
38 100002 50
38 100003 50
39 100003 50
39 100004 50
-2 3 50
-2 4 50
-5 1 50
-5 3 50
-4 2 50
-4 3 50
-4 4 50
-3 0 50
-3 3 50
-1 4 50
-1 5 50
