0 1 1
0 2 10
0 3 3
0 37 8
0 38 9
0 7 9
0 40 2
0 9 2
0 11 5
0 12 2
0 34 2
0 15 10
0 16 9
0 18 1
0 19 3
0 22 8
0 28 3
0 30 9
1 32 6
1 2 8
1 35 2
1 4 8
1 12 10
1 42 8
1 11 5
1 44 8
1 46 8
1 16 10
1 17 5
1 18 5
1 25 9
1 26 5
1 27 3
1 28 4
1 10 6
2 3 7
2 4 3
2 6 8
2 7 4
2 8 5
2 9 6
2 10 9
2 43 9
2 13 4
2 14 5
2 47 10
2 16 3
2 49 9
2 11 5
2 26 7
2 15 5
3 16 7
3 35 8
3 4 9
3 6 5
3 17 10
3 9 5
3 10 1
3 11 7
3 13 6
3 14 5
3 47 7
3 48 4
3 34 9
3 20 5
3 21 7
3 15 3
4 36 9
4 5 5
4 6 4
4 40 6
4 9 7
4 13 7
4 46 1
4 15 7
4 16 7
4 17 9
4 18 7
4 19 3
4 29 6
4 30 8
4 31 9
5 34 7
5 6 2
5 40 2
5 9 5
5 42 9
5 11 10
5 12 1
5 13 5
5 14 2
5 15 6
5 16 2
5 17 9
5 18 2
5 20 4
5 8 8
5 28 8
5 29 3
6 34 6
6 8 4
6 9 9
6 43 1
6 12 6
6 45 2
6 14 7
6 48 9
6 17 1
6 18 2
6 24 10
6 25 4
6 26 2
6 27 6
7 33 10
7 45 9
7 25 10
7 48 2
7 8 9
7 11 6
7 13 7
7 46 10
7 47 5
7 16 3
7 17 2
7 18 6
7 40 3
7 23 6
7 39 5
7 28 2
8 37 2
8 9 3
8 10 1
8 11 4
8 12 3
8 13 10
8 14 7
8 17 7
8 18 1
8 19 1
8 20 6
8 22 2
8 24 3
8 28 9
9 16 8
9 39 9
9 10 10
9 15 3
9 48 4
9 49 5
9 19 8
9 21 10
9 25 3
9 27 3
9 42 9
10 19 3
10 33 3
10 27 5
10 43 9
10 13 5
10 14 4
10 45 2
10 11 2
10 17 1
10 18 6
10 41 10
10 25 2
10 47 10
11 35 1
11 12 5
11 14 4
11 15 9
11 17 6
11 18 9
11 19 1
11 21 8
11 28 2
11 31 8
12 32 8
12 36 6
12 38 4
12 31 2
12 42 6
12 13 10
12 45 4
12 14 5
12 15 6
12 18 8
12 19 4
12 27 5
13 33 2
13 34 2
13 38 6
13 47 9
13 40 6
13 19 8
13 17 5
13 15 4
13 30 10
13 31 7
14 37 3
14 49 2
14 40 1
14 15 1
14 16 2
14 18 4
14 19 8
14 21 5
14 22 7
14 23 5
15 33 9
15 38 8
15 42 2
15 44 5
15 49 4
15 18 3
15 26 9
15 31 5
16 35 6
16 37 2
16 39 2
16 47 7
16 43 7
16 21 10
16 36 7
16 29 2
16 30 10
17 34 5
17 38 6
17 45 1
17 18 3
17 20 4
17 22 4
17 24 4
17 28 10
18 35 4
18 40 8
18 42 7
18 22 1
18 39 1
19 43 10
19 44 7
19 49 7
19 23 2
19 36 6
19 27 9
19 28 8
19 29 8
19 31 7
20 33 10
20 37 5
20 43 1
20 35 6
20 21 7
20 31 4
21 35 10
21 41 7
21 49 3
21 29 1
22 32 2
22 43 2
22 48 8
22 24 1
22 30 3
23 34 7
23 44 3
23 47 9
23 49 7
23 25 8
23 29 9
23 30 8
24 34 6
24 37 2
24 45 6
24 46 5
24 26 3
24 31 6
25 34 1
25 44 7
25 48 10
25 26 3
26 37 4
26 44 4
26 46 5
26 27 6
27 36 9
27 37 4
27 42 3
28 44 8
28 45 6
29 34 3
29 36 7
29 38 1
29 45 9
30 38 7
30 39 7
30 41 5
30 43 2
31 46 6
31 48 7
32 37 5
32 38 10
32 33 2
32 41 10
32 39 2
32 46 2
32 47 5
33 35 9
33 41 3
33 47 1
33 49 8
34 44 6
35 40 9
35 41 2
36 39 1
36 42 6
36 44 2
36 48 3
37 41 4
38 45 1
38 46 9
39 48 5
39 45 1
39 49 4
40 44 10
40 47 3
41 43 10
41 46 7
41 49 5
42 43 3
42 46 3
43 47 8
44 100003 100
44 100001 100
44 100004 100
44 48 7
45 100000 100
45 100002 100
46 100001 100
47 100004 100
47 100003 100
47 100002 100
48 100000 100
49 100000 100
-2 2 100
-2 3 100
-5 0 100
-5 1 100
-4 1 100
-4 2 100
-4 4 100
-3 0 100
-3 2 100
-3 3 100
-1 1 100
-1 4 100
