0 1 4
0 2 3
0 3 5
0 4 1
0 37 5
0 6 3
0 39 4
0 40 5
0 9 1
0 10 5
0 11 2
0 12 4
0 13 3
0 15 5
0 48 2
0 17 5
0 7 5
0 27 3
0 5 1
0 29 1
0 31 1
1 33 2
1 34 4
1 4 3
1 37 1
1 6 3
1 7 2
1 40 1
1 9 4
1 10 1
1 11 2
1 44 5
1 13 4
1 12 1
1 15 3
1 16 1
1 8 5
1 19 5
1 14 4
1 17 3
1 5 3
2 32 1
2 3 1
2 34 2
2 43 4
2 4 3
2 37 1
2 6 5
2 7 2
2 8 1
2 41 1
2 11 4
2 14 2
2 47 1
2 19 1
2 20 2
2 9 3
2 25 4
2 15 2
2 28 1
2 31 1
3 16 4
3 35 2
3 17 2
3 5 4
3 6 3
3 39 2
3 9 1
3 42 3
3 7 2
3 12 5
3 45 1
3 14 2
3 13 1
3 48 4
3 49 3
3 18 1
3 19 4
3 20 1
3 15 3
4 32 4
4 16 1
4 36 3
4 6 1
4 17 5
4 8 4
4 9 4
4 11 4
4 44 5
4 15 3
4 48 1
4 49 5
4 18 5
4 19 5
4 40 5
4 22 3
4 41 5
4 26 4
5 33 3
5 34 3
5 14 4
5 7 4
5 40 4
5 41 3
5 10 3
5 39 1
5 44 1
5 13 3
5 12 2
5 16 3
5 8 5
5 18 4
5 19 2
5 21 1
5 9 4
5 25 4
6 33 1
6 34 1
6 38 1
6 42 4
6 7 1
6 13 3
6 14 3
6 15 4
6 16 1
6 11 3
6 18 2
6 35 4
6 17 1
6 23 3
6 36 5
6 10 1
7 33 5
7 36 5
7 40 3
7 9 2
7 10 4
7 11 3
7 12 2
7 13 5
7 14 3
7 15 4
7 16 3
7 49 5
7 17 1
7 24 1
7 28 2
8 35 1
8 36 1
8 39 1
8 41 2
8 10 3
8 12 2
8 14 2
8 47 5
8 9 1
8 19 2
8 20 1
8 21 3
8 23 3
8 24 1
8 26 1
8 15 2
8 30 2
9 42 2
9 43 4
9 12 3
9 13 3
9 14 5
9 15 1
9 16 1
9 17 2
9 18 2
9 21 3
9 46 1
9 33 2
9 30 3
10 34 5
10 35 5
10 17 3
10 38 4
10 41 4
10 43 1
10 44 1
10 12 3
10 15 1
10 11 1
10 49 5
10 19 4
10 28 3
10 29 3
10 16 2
11 35 1
11 36 3
11 41 5
11 42 1
11 12 5
11 13 2
11 14 2
11 15 5
11 17 5
11 19 4
11 20 3
11 21 2
11 26 1
11 29 1
12 16 4
12 17 1
12 42 4
12 24 2
12 13 5
12 14 3
12 15 1
12 48 2
12 49 5
12 18 2
12 22 5
12 31 5
13 35 2
13 37 3
13 17 5
13 42 1
13 46 5
13 14 1
13 15 4
13 43 4
13 21 4
13 22 2
13 28 2
13 29 2
14 32 5
14 17 5
14 37 2
14 39 5
14 15 2
14 16 3
14 40 3
14 18 1
14 26 2
14 31 4
15 17 1
15 39 4
15 40 4
15 16 3
15 49 3
15 18 5
15 46 3
16 32 5
16 18 5
16 42 2
16 44 4
16 45 4
16 17 4
16 19 3
16 23 3
16 29 4
16 31 5
17 32 2
17 41 2
17 46 4
17 43 1
17 18 3
17 29 5
17 30 4
18 33 5
18 34 1
18 38 5
18 39 5
18 40 5
18 45 2
18 47 2
18 19 3
18 24 1
18 26 1
18 27 5
19 35 2
19 39 3
19 41 4
19 43 1
19 34 1
19 47 3
19 24 3
19 25 3
19 27 3
19 28 2
19 30 1
20 36 3
20 38 2
20 34 2
20 46 2
20 47 5
20 28 4
21 37 5
21 38 2
21 44 2
21 25 2
21 27 5
22 32 4
22 33 5
22 46 5
22 47 1
22 23 5
22 27 4
22 28 2
23 33 3
23 34 1
23 35 3
23 37 5
23 46 2
23 27 5
24 38 5
24 41 4
24 42 3
24 45 2
24 26 1
25 37 5
25 45 3
25 47 2
25 49 5
25 31 4
25 28 4
26 33 4
26 35 3
26 27 5
26 30 1
27 44 1
27 29 3
27 30 2
28 47 2
28 42 1
29 36 1
29 41 2
29 43 3
30 34 2
30 45 5
30 46 4
30 40 2
31 36 3
31 45 3
31 49 4
31 46 5
32 38 4
32 44 5
32 45 1
32 47 5
33 49 1
34 36 5
35 48 5
36 43 5
36 49 4
37 43 1
37 45 5
38 40 4
38 47 2
38 48 3
39 43 1
39 44 2
40 45 1
41 48 5
42 48 4
43 45 5
44 100003 50
44 48 1
44 100001 50
45 100002 50
45 100004 50
45 48 1
46 100003 50
46 100004 50
46 48 2
47 100000 50
47 100001 50
47 100002 50
48 100000 50
48 100001 50
48 100003 50
49 100000 50
49 100004 50
-2 1 50
-2 3 50
-2 5 50
-5 3 50
-5 5 50
-4 0 50
-4 1 50
-4 2 50
-3 1 50
-3 3 50
-3 5 50
-1 0 50
-1 1 50
-1 4 50
