0 1 3
0 2 5
0 3 5
0 4 3
0 5 4
0 6 5
0 7 1
0 8 1
0 9 4
0 11 2
0 12 4
0 13 5
0 14 5
0 15 3
0 17 4
0 18 4
0 19 4
0 22 2
0 23 1
0 34 1
0 35 3
0 38 4
0 45 4
0 46 3
1 2 1
1 3 5
1 4 4
1 5 3
1 6 1
1 7 4
1 8 5
1 9 2
1 10 3
1 11 2
1 12 5
1 13 3
1 14 4
1 15 2
1 16 3
1 17 1
1 18 4
1 19 5
1 24 5
1 30 5
1 33 1
1 35 4
1 49 3
2 4 4
2 5 2
2 6 1
2 7 4
2 8 1
2 9 2
2 10 5
2 11 2
2 12 3
2 13 5
2 14 1
2 15 2
2 16 2
2 17 2
2 18 5
2 19 4
2 26 3
2 34 1
2 37 1
2 41 3
2 47 2
2 49 2
3 4 5
3 5 4
3 7 5
3 9 1
3 10 2
3 11 1
3 12 3
3 13 3
3 14 1
3 16 3
3 18 4
3 20 1
3 21 4
3 24 1
3 28 5
3 29 1
3 38 5
3 40 4
3 42 4
3 46 1
3 48 2
3 49 5
4 5 1
4 6 3
4 7 2
4 8 5
4 9 1
4 10 1
4 11 5
4 13 2
4 14 5
4 15 3
4 17 4
4 18 4
4 19 5
4 21 3
4 28 3
4 36 2
4 37 1
4 39 2
4 41 1
4 43 4
5 6 5
5 7 5
5 8 2
5 9 3
5 10 1
5 11 3
5 12 2
5 13 4
5 14 4
5 15 4
5 16 3
5 17 4
5 18 1
5 19 3
5 31 1
5 32 1
5 33 4
5 37 1
5 39 4
6 7 5
6 8 1
6 9 1
6 10 1
6 12 2
6 13 3
6 14 1
6 15 2
6 16 2
6 17 1
6 18 1
6 19 4
6 22 3
6 29 1
6 32 4
6 34 1
6 35 4
6 36 1
6 41 1
7 8 4
7 9 2
7 10 2
7 11 1
7 12 4
7 14 5
7 15 5
7 16 1
7 17 3
7 18 2
7 19 4
7 22 2
7 26 4
7 39 4
7 41 3
7 44 5
7 46 5
8 10 2
8 11 5
8 12 3
8 13 1
8 14 1
8 16 5
8 17 1
8 18 5
8 19 3
8 20 4
8 27 4
8 28 4
8 34 3
8 39 5
8 44 2
8 46 2
8 49 4
9 11 4
9 12 5
9 13 5
9 14 1
9 15 4
9 16 4
9 17 4
9 19 1
9 20 5
9 23 5
9 27 5
9 28 1
9 31 1
9 35 4
9 48 1
9 49 5
10 11 5
10 12 2
10 13 2
10 14 3
10 15 4
10 16 3
10 17 1
10 18 2
10 19 5
10 20 3
10 22 3
10 25 3
10 33 1
10 35 2
10 37 5
10 38 4
11 12 4
11 13 4
11 14 2
11 15 3
11 16 1
11 18 2
11 19 2
11 22 3
11 24 3
11 27 4
11 34 1
11 38 5
11 40 2
11 41 4
12 13 2
12 14 3
12 15 4
12 16 4
12 17 4
12 18 1
12 19 2
12 22 3
12 24 1
12 25 2
12 28 5
12 46 2
12 48 2
13 14 1
13 15 2
13 16 2
13 17 4
13 18 1
13 20 1
13 21 2
13 23 2
13 31 4
13 37 3
13 38 3
13 39 3
14 15 2
14 16 5
14 17 4
14 18 1
14 19 2
14 24 4
14 28 1
14 37 3
14 44 5
14 48 4
15 16 3
15 17 1
15 18 4
15 19 2
15 25 1
15 29 3
15 30 2
15 32 1
15 40 5
15 43 1
15 49 2
16 17 2
16 18 2
16 19 1
16 23 3
16 27 4
16 28 3
16 36 5
16 45 4
16 47 5
16 49 5
17 18 3
17 19 4
17 27 2
17 30 2
17 37 2
17 39 1
17 41 4
17 42 1
17 45 2
18 19 5
18 20 3
18 21 1
18 27 1
18 33 1
18 43 2
18 47 4
19 21 1
19 23 3
19 33 1
19 36 3
19 38 4
19 44 1
19 46 5
20 42 3
20 21 2
21 39 3
21 30 1
22 47 2
22 26 5
23 40 5
23 42 1
23 30 4
24 34 1
24 41 4
24 43 5
25 36 2
25 37 4
25 43 2
25 48 3
25 27 5
26 36 5
26 43 1
26 44 2
26 47 5
26 30 3
27 48 2
28 39 3
29 33 1
29 34 3
29 45 4
29 46 1
29 49 3
30 44 1
30 45 3
31 32 2
31 36 5
31 38 5
31 40 5
31 43 3
32 33 5
32 34 3
32 43 2
32 44 1
33 42 2
34 38 4
35 40 1
35 42 5
35 45 1
36 38 2
37 39 3
38 39 4
39 49 5
40 41 4
40 48 1
41 46 3
42 44 5
42 45 2
43 49 2
44 100002 50
44 100003 50
44 100004 50
45 100001 50
45 100002 50
45 47 4
46 100004 50
46 47 5
46 100003 50
47 100000 50
47 48 1
48 100001 50
48 100002 50
48 100004 50
48 100003 50
49 100000 50
49 100001 50
-2 2 50
-2 4 50
-2 5 50
-5 1 50
-5 3 50
-4 0 50
-4 2 50
-4 4 50
-3 2 50
-3 5 50
-1 3 50
-1 4 50
