0 1 4
0 43 3
0 36 4
0 5 5
0 6 2
0 33 1
0 10 2
0 11 3
0 14 1
0 48 5
0 49 2
0 50 4
0 52 1
0 54 5
0 59 5
1 33 5
1 35 1
1 11 5
1 44 5
1 14 1
1 15 5
1 49 4
1 18 2
1 52 5
1 25 3
1 24 3
1 57 1
1 26 3
1 28 1
2 48 2
2 3 5
2 4 2
2 5 1
2 49 5
2 8 1
2 10 2
2 44 4
2 45 5
2 46 3
2 16 5
2 17 5
2 19 1
2 27 5
2 29 2
3 32 3
3 2 4
3 6 5
3 9 2
3 46 5
3 15 2
3 49 4
3 51 4
3 53 3
3 54 1
3 56 4
3 57 4
3 58 2
3 26 4
3 21 2
4 19 2
4 34 3
4 15 5
4 47 5
4 42 1
4 44 3
4 2 2
4 45 5
4 16 5
4 51 1
4 25 3
4 56 1
4 57 3
4 59 2
4 29 5
5 38 4
5 8 2
5 9 5
5 41 1
5 15 3
5 16 3
5 19 1
5 21 1
5 55 2
5 56 2
5 25 2
5 59 5
5 53 5
6 37 1
6 40 1
6 41 2
6 42 2
6 43 1
6 48 2
6 21 5
6 54 2
6 24 3
6 26 1
6 27 3
6 28 3
6 29 1
7 34 5
7 8 3
7 41 1
7 10 2
7 11 1
7 12 3
7 45 4
7 15 1
7 13 4
7 51 3
7 22 2
7 9 2
7 28 5
7 44 2
7 30 3
8 33 4
8 2 3
8 43 5
8 48 1
8 5 1
8 7 4
8 40 1
8 11 4
8 45 1
8 15 1
8 16 2
8 57 1
8 24 2
8 25 2
8 31 5
9 38 3
9 7 5
9 12 3
9 16 3
9 50 4
9 52 3
9 53 2
9 54 3
9 55 1
9 24 4
9 25 5
9 22 1
9 31 5
10 33 4
10 2 5
10 43 3
10 37 5
10 38 4
10 39 5
10 7 2
10 34 3
10 45 1
10 16 5
10 22 4
10 55 2
10 24 3
10 58 4
11 35 1
11 7 4
11 8 3
11 44 5
11 15 4
11 16 5
11 17 5
11 18 2
11 19 5
11 20 1
11 56 2
11 57 2
11 59 4
12 16 4
12 34 4
12 49 5
12 9 5
12 7 1
12 45 2
12 46 5
12 47 4
12 48 3
12 17 4
12 20 2
12 54 4
12 56 5
12 29 5
12 30 4
13 32 3
13 35 4
13 39 5
13 7 4
13 44 4
13 46 1
13 47 1
13 43 3
13 50 4
13 19 5
13 54 1
13 57 3
13 27 5
13 29 3
13 30 5
14 32 5
14 35 3
14 1 1
14 23 5
14 46 4
14 25 3
14 53 3
14 55 3
14 24 5
14 57 3
14 26 5
14 28 1
14 58 5
14 31 1
15 33 4
15 34 4
15 3 3
15 36 4
15 5 2
15 7 4
15 8 3
15 42 5
15 11 4
15 48 2
15 17 3
15 1 3
15 20 3
15 21 5
15 4 5
16 43 2
16 4 2
16 5 4
16 8 1
16 9 1
16 10 5
16 11 3
16 12 4
16 50 5
16 52 1
16 41 3
16 55 4
16 28 3
16 30 3
17 32 3
17 2 4
17 37 3
17 39 1
17 11 3
17 12 1
17 50 4
17 15 3
17 48 3
17 18 5
17 20 4
17 25 4
17 58 4
17 28 5
17 52 3
18 32 5
18 1 2
18 43 1
18 37 5
18 38 1
18 41 1
18 11 5
18 47 4
18 17 1
18 53 5
18 54 5
18 55 2
18 56 5
18 26 3
18 58 2
19 33 3
19 2 4
19 43 4
19 4 2
19 5 4
19 40 2
19 11 1
19 44 3
19 13 2
19 46 1
19 22 1
19 23 1
19 27 5
19 29 5
19 31 5
20 32 5
20 33 3
20 11 5
20 36 2
20 41 5
20 42 4
20 43 4
20 12 4
20 15 1
20 17 4
20 50 3
20 35 4
20 58 4
20 27 5
21 32 3
21 33 4
21 34 5
21 3 4
21 5 2
21 6 2
21 44 4
21 15 3
21 48 5
21 56 3
21 50 2
21 23 3
21 24 4
21 25 4
22 35 5
22 39 5
22 40 4
22 9 4
22 42 2
22 7 2
22 46 4
22 27 5
22 49 3
22 51 5
22 26 3
22 59 3
22 10 4
23 32 4
23 51 2
23 36 1
23 37 5
23 38 4
23 14 1
23 19 4
23 53 2
23 55 4
23 25 4
23 58 5
23 59 3
23 29 2
23 21 4
24 6 1
24 8 1
24 41 4
24 10 1
24 14 1
24 49 2
24 51 1
24 40 3
24 21 3
24 9 5
24 59 4
24 28 2
24 30 5
25 1 5
25 34 3
25 4 1
25 5 5
25 39 4
25 8 1
25 9 2
25 14 1
25 48 4
25 17 1
25 21 3
25 23 5
25 26 4
25 31 4
26 35 1
26 6 3
26 40 5
26 18 3
26 14 1
26 47 1
26 50 5
26 3 2
26 22 4
26 55 3
26 56 2
26 25 1
26 59 4
27 33 5
27 2 5
27 35 4
27 37 2
27 6 4
27 43 2
27 45 1
27 13 4
27 19 2
27 20 3
27 22 5
27 52 5
27 38 3
27 29 2
28 32 2
28 1 1
28 36 2
28 6 1
28 7 5
28 42 1
28 44 5
28 14 1
28 16 5
28 17 1
28 52 4
28 46 1
28 24 3
28 31 3
29 51 1
29 2 2
29 36 2
29 6 3
29 38 5
29 39 2
29 12 2
29 45 5
29 13 5
29 19 3
29 23 3
29 4 5
29 27 4
29 30 3
30 33 2
30 38 4
30 39 1
30 42 2
30 7 1
30 12 2
30 13 4
30 16 3
30 52 1
30 24 2
30 57 1
30 58 1
30 29 2
30 31 4
31 37 4
31 38 5
31 8 2
31 9 1
31 14 4
31 48 5
31 49 5
31 50 2
31 19 1
31 55 4
31 25 4
31 59 1
31 28 1
31 30 5
32 33 3
32 34 1
32 3 2
32 37 2
32 13 2
32 14 1
32 45 1
32 17 1
32 18 3
32 52 1
32 21 1
32 23 1
32 20 3
32 28 3
33 35 1
33 32 4
33 8 1
33 41 5
33 10 1
33 15 2
33 19 4
33 20 3
33 21 3
33 54 3
33 27 2
33 30 2
34 36 5
34 39 3
34 44 5
34 10 4
34 7 5
34 12 2
34 15 1
34 48 2
34 51 1
34 21 1
34 54 5
34 25 2
34 4 2
35 37 5
35 1 4
35 41 1
35 11 3
35 13 2
35 14 1
35 47 4
35 50 2
35 20 3
35 22 4
35 26 3
35 59 2
36 37 4
36 41 5
36 42 3
36 46 4
36 15 3
36 20 2
36 57 3
36 23 5
36 56 4
36 52 4
36 28 3
36 29 5
37 38 4
37 6 2
37 10 2
37 55 3
37 45 3
37 17 5
37 18 5
37 23 4
37 57 3
37 27 2
37 31 1
38 41 3
38 10 1
38 44 1
38 18 2
38 9 5
38 53 2
38 54 3
38 23 2
38 27 1
38 5 3
38 29 4
38 30 3
38 31 3
39 40 3
39 10 1
39 13 5
39 45 1
39 17 1
39 50 2
39 51 4
39 22 4
39 55 4
39 25 1
39 58 1
39 29 1
39 30 5
40 46 2
40 47 1
40 48 4
40 49 5
40 19 3
40 53 1
40 54 1
40 24 1
40 26 1
40 58 2
41 46 1
41 16 3
41 50 4
41 20 5
41 24 4
41 57 4
41 5 1
42 59 2
42 4 4
42 6 3
42 15 1
42 48 3
42 49 2
42 20 2
42 22 4
42 56 3
42 36 4
42 47 1
42 28 4
42 30 1
42 52 2
43 50 1
43 6 2
43 8 2
43 10 3
43 13 4
43 16 4
43 18 4
43 19 5
43 20 5
43 53 4
43 57 3
43 58 1
43 27 5
44 2 3
44 4 2
44 38 5
44 7 4
44 11 3
44 34 5
44 46 4
44 13 1
44 19 4
44 21 2
44 47 5
44 28 5
44 53 3
45 2 1
45 4 3
45 37 3
45 39 2
45 8 4
45 10 5
45 7 4
45 12 5
45 52 4
45 54 1
45 57 3
45 27 4
45 29 3
46 51 3
46 2 5
46 3 5
46 36 4
46 40 3
46 41 3
46 12 4
46 13 2
46 14 3
46 44 3
46 19 3
46 52 4
46 22 1
46 28 2
47 40 1
47 44 4
47 42 3
47 12 2
47 13 4
47 49 5
47 18 3
47 53 1
47 57 2
47 58 3
47 59 1
47 26 1
48 6 4
48 49 5
48 40 2
48 42 3
48 12 3
48 2 4
48 15 3
48 17 1
48 21 1
48 8 4
48 25 5
48 31 1
49 2 1
49 3 1
49 40 4
49 42 2
49 12 3
49 47 3
49 48 1
49 53 2
49 22 4
49 55 2
49 24 3
49 31 4
50 41 5
50 43 5
50 13 2
50 16 4
50 17 3
50 20 3
50 21 1
50 9 5
50 56 5
50 26 4
50 31 3
51 53 4
51 55 4
51 24 4
51 7 3
51 58 3
51 59 1
51 29 2
52 1 5
52 36 4
52 0 4
52 9 4
52 42 5
52 45 1
52 46 1
52 16 2
52 17 4
52 54 2
52 27 1
52 28 2
52 30 3
53 54 1
54 100001 50
54 100000 50
55 100000 50
55 100001 50
55 100002 50
55 100003 50
55 56 2
55 26 1
55 31 1
55 37 5
56 100004 50
56 100002 50
56 100003 50
56 59 2
56 58 3
57 100000 50
57 1 1
57 45 1
57 43 1
57 4 1
57 37 2
57 100001 50
57 8 2
57 41 2
57 11 2
57 13 4
57 14 1
57 47 5
57 3 4
57 36 3
57 30 5
58 100002 50
58 3 2
58 100004 50
58 39 2
58 40 1
58 10 3
58 43 5
58 14 2
58 47 4
58 17 4
58 18 3
58 51 5
58 20 5
58 23 1
58 56 1
58 30 5
-2 1 50
-2 3 50
-2 4 50
-5 2 50
-5 5 50
-4 0 50
-4 3 50
-3 0 50
-3 1 50
-3 4 50
-1 0 50
-1 1 50
