0 34 4
0 3 4
0 38 5
0 39 4
0 11 2
0 17 2
0 35 2
0 20 3
0 22 1
0 23 2
0 27 1
0 31 1
1 4 3
1 5 4
1 38 3
1 7 5
1 8 4
1 10 4
1 11 2
1 20 5
1 21 1
1 39 2
1 6 1
1 28 4
2 34 2
2 35 1
2 38 2
2 7 1
2 8 1
2 13 1
2 15 3
2 16 3
2 19 1
2 22 1
2 24 5
2 29 4
3 35 3
3 36 5
3 38 4
3 39 5
3 9 1
3 16 3
3 18 2
3 19 1
3 23 4
3 27 5
3 30 2
4 32 5
4 38 1
4 7 4
4 11 1
4 16 2
4 17 5
4 18 4
4 24 2
4 25 5
4 39 4
4 31 4
5 32 5
5 9 5
5 12 5
5 14 1
5 16 1
5 19 5
5 20 3
5 22 5
5 26 4
5 27 5
5 31 4
6 32 1
6 34 3
6 35 2
6 39 2
6 15 5
6 17 2
6 20 3
6 24 5
6 26 2
6 30 2
6 31 3
7 32 3
7 10 1
7 16 1
7 17 5
7 20 2
7 36 3
7 28 4
7 29 5
7 30 2
8 32 5
8 38 4
8 34 2
8 18 5
8 19 5
8 22 5
8 25 4
8 26 2
8 27 3
8 28 1
9 37 2
9 39 2
9 14 1
9 16 5
9 18 2
9 19 1
9 21 2
9 25 3
9 28 3
9 29 4
10 35 1
10 36 2
10 37 5
10 12 3
10 19 4
10 20 3
10 26 5
10 27 2
10 29 2
10 30 4
11 14 3
11 15 1
11 16 2
11 17 3
11 19 3
11 21 3
11 22 1
11 26 4
11 29 4
12 36 1
12 39 4
12 13 3
12 15 3
12 16 2
12 17 5
12 19 2
12 20 1
12 26 4
12 27 2
13 35 1
13 36 1
13 37 3
13 18 3
13 19 5
13 21 3
13 23 1
13 25 3
13 27 3
13 28 3
14 33 5
14 34 1
14 35 5
14 36 3
14 37 3
14 39 5
14 15 4
14 26 2
14 27 3
15 32 4
15 33 2
15 37 2
15 16 5
15 21 3
15 25 5
15 30 4
16 33 1
16 21 4
16 31 1
17 33 4
17 39 4
17 18 1
17 19 5
17 22 3
17 29 5
18 32 1
18 33 2
18 36 2
18 39 4
18 22 5
18 26 3
19 21 2
19 23 2
20 32 5
20 33 3
20 34 4
20 36 1
20 21 3
20 25 2
20 30 3
21 32 4
21 35 3
21 37 2
21 22 1
21 24 3
21 28 3
22 36 4
22 34 2
22 25 3
22 26 1
22 27 4
22 37 4
23 33 4
23 36 1
23 37 3
23 35 1
23 39 2
23 32 3
23 24 3
23 26 4
23 28 4
23 31 5
24 32 1
24 33 1
24 34 1
24 38 1
24 25 5
24 36 1
24 27 1
24 29 5
24 30 4
25 33 2
25 37 3
25 38 3
25 36 4
25 30 4
25 31 1
26 34 5
26 28 5
26 29 3
26 30 5
27 33 3
27 38 1
27 39 1
27 31 3
28 32 5
28 34 2
28 35 4
28 37 1
28 38 5
28 30 1
29 33 4
29 35 5
29 36 3
29 37 3
29 30 2
29 31 5
30 37 2
30 39 4
30 31 3
31 32 1
31 33 3
31 38 5
31 37 3
32 34 5
33 34 1
33 35 5
34 35 4
34 100004 50
34 38 3
34 100001 50
34 100002 50
34 100000 50
35 37 5
35 100000 50
36 38 4
37 100000 50
37 100001 50
37 100004 50
37 100003 50
38 39 1
38 100001 50
38 100002 50
39 100002 50
-2 1 50
-2 3 50
-5 0 50
-5 3 50
-4 1 50
-4 4 50
-3 1 50
-3 5 50
-1 2 50
-1 3 50
-1 4 50
