0 32 10
0 2 4
0 37 10
0 39 1
0 9 7
0 13 8
0 14 8
0 15 7
0 16 2
0 18 4
0 24 3
0 26 5
0 5 4
0 31 1
1 2 6
1 35 5
1 4 10
1 6 8
1 39 2
1 10 2
1 11 2
1 13 2
1 15 4
1 16 5
1 19 7
1 20 3
1 21 3
1 30 4
2 36 8
2 5 5
2 6 1
2 9 2
2 12 6
2 13 8
2 14 5
2 16 9
2 17 3
2 27 8
2 29 1
2 30 5
3 34 1
3 4 1
3 5 2
3 39 9
3 8 5
3 9 7
3 10 4
3 11 6
3 14 3
3 15 10
3 22 8
3 23 9
3 24 3
3 29 8
4 19 4
4 35 7
4 38 2
4 9 3
4 10 10
4 13 2
4 15 5
4 16 4
4 17 10
4 3 10
4 22 4
4 25 5
4 28 6
5 33 7
5 34 8
5 37 9
5 38 7
5 39 1
5 11 3
5 18 3
5 35 7
5 22 7
5 26 4
5 28 7
6 36 1
6 38 5
6 7 10
6 8 4
6 11 4
6 12 5
6 19 3
6 22 4
6 23 2
6 24 5
6 25 8
6 30 10
7 32 9
7 33 8
7 35 8
7 37 7
7 9 4
7 11 4
7 19 10
7 22 9
7 23 8
7 24 10
7 28 5
7 29 2
7 30 10
8 33 4
8 37 7
8 9 4
8 12 10
8 13 10
8 16 8
8 17 8
8 18 4
8 19 7
8 20 8
8 21 3
8 27 7
9 33 2
9 35 8
9 36 7
9 38 5
9 10 2
9 12 1
9 17 2
9 24 10
10 33 6
10 37 1
10 39 1
10 11 1
10 13 3
10 14 5
10 35 4
10 22 2
10 25 5
10 28 2
11 32 3
11 34 6
11 12 8
11 16 3
11 35 9
11 23 9
11 28 7
11 37 9
12 33 3
12 38 3
12 39 9
12 15 9
12 18 2
12 25 10
12 27 10
12 29 7
12 30 1
13 33 1
13 34 7
13 15 4
13 17 8
13 19 7
13 25 4
13 27 4
13 28 3
14 37 4
14 38 1
14 39 8
14 16 9
14 17 9
14 18 1
14 21 2
14 27 7
14 28 5
14 29 5
15 16 9
15 18 8
15 21 6
15 24 2
15 26 1
15 27 4
15 28 5
15 31 2
16 38 6
16 39 6
16 17 7
16 23 1
16 26 3
16 31 1
17 36 3
17 19 3
17 20 7
17 22 1
17 25 7
17 29 1
17 30 10
18 34 1
18 36 7
18 38 4
18 39 6
18 19 8
18 21 10
18 26 1
18 28 6
19 34 9
19 33 9
19 23 2
19 26 6
19 27 5
19 31 4
20 34 9
20 35 8
20 36 1
20 38 9
20 21 10
20 24 6
20 27 10
20 29 5
20 31 5
21 32 9
21 22 4
21 23 1
21 24 5
21 27 5
21 29 7
22 33 1
22 34 3
22 25 6
22 31 8
23 32 3
23 35 5
23 36 4
23 26 7
23 27 7
24 36 6
24 25 4
24 29 3
24 30 3
25 32 6
25 33 5
25 37 10
25 26 9
26 32 9
26 37 4
26 29 9
26 31 9
27 34 3
27 39 4
28 32 8
28 38 10
28 39 4
29 37 9
29 35 5
30 33 8
30 37 8
30 34 8
30 38 9
30 31 8
31 32 3
31 34 9
31 36 8
31 33 9
32 35 9
32 36 9
32 39 1
33 37 2
34 100000 100
34 100001 100
34 100002 100
34 36 7
35 100003 100
35 38 10
35 100001 100
36 100000 100
36 100004 100
36 37 9
36 100002 100
37 100001 100
37 100003 100
38 100000 100
38 100002 100
39 100004 100
-2 2 100
-2 4 100
-2 5 100
-5 2 100
-5 5 100
-4 1 100
-4 5 100
-3 0 100
-3 2 100
-3 5 100
-1 4 100
