0 1 1
0 2 7
0 3 1
0 4 9
0 5 4
0 6 3
0 7 10
0 8 2
0 9 1
0 11 6
0 12 8
0 13 5
0 14 6
0 15 4
0 16 4
0 17 6
0 18 5
0 19 9
0 34 10
0 40 3
0 54 2
0 57 9
1 2 1
1 3 2
1 4 2
1 5 9
1 6 8
1 7 9
1 8 10
1 9 5
1 10 10
1 11 8
1 12 10
1 13 4
1 14 10
1 15 4
1 16 2
1 17 10
1 18 1
1 19 7
1 23 10
1 46 2
1 47 3
2 3 10
2 4 3
2 6 7
2 8 5
2 9 3
2 10 1
2 11 4
2 12 3
2 13 4
2 14 6
2 15 9
2 16 5
2 17 1
2 18 5
2 19 10
2 23 3
2 28 6
2 39 8
2 41 6
2 46 1
3 4 10
3 6 10
3 7 2
3 8 3
3 9 10
3 10 9
3 11 8
3 12 5
3 13 10
3 14 7
3 15 6
3 16 5
3 17 7
3 18 2
3 19 7
3 28 3
3 29 7
3 52 2
3 53 1
4 5 3
4 6 6
4 7 1
4 8 6
4 9 2
4 10 5
4 11 4
4 12 6
4 13 4
4 14 10
4 15 4
4 16 2
4 17 7
4 18 7
4 19 10
4 29 4
4 46 2
4 54 3
5 6 5
5 7 2
5 8 8
5 9 2
5 10 10
5 11 9
5 12 9
5 13 6
5 15 10
5 16 2
5 17 4
5 18 6
5 19 10
5 22 6
5 26 9
5 35 5
5 39 2
5 54 5
5 59 10
6 7 8
6 8 7
6 9 5
6 10 4
6 11 6
6 12 10
6 13 4
6 14 3
6 15 2
6 16 5
6 17 7
6 18 8
6 19 9
6 22 8
6 37 2
6 57 9
7 8 9
7 10 7
7 11 9
7 12 10
7 13 6
7 14 7
7 15 7
7 17 5
7 18 10
7 19 1
7 25 8
7 30 6
7 31 4
7 40 6
7 52 1
7 53 4
8 9 1
8 10 1
8 11 3
8 12 4
8 13 2
8 14 10
8 15 3
8 16 8
8 17 3
8 18 1
8 32 2
8 36 7
8 47 6
8 50 6
9 10 2
9 11 9
9 12 5
9 13 6
9 14 5
9 15 10
9 16 6
9 17 1
9 18 7
9 19 7
9 21 10
9 24 1
9 34 5
9 38 6
9 44 4
10 12 10
10 13 7
10 14 1
10 15 2
10 16 6
10 17 5
10 18 10
10 19 7
10 27 9
10 32 7
10 34 5
10 38 8
10 51 2
11 12 8
11 13 4
11 14 2
11 15 6
11 16 6
11 17 5
11 18 7
11 19 3
11 26 8
11 36 1
11 49 5
11 56 6
12 14 5
12 15 3
12 16 1
12 17 9
12 18 3
12 19 3
12 26 7
12 33 2
12 53 4
12 56 9
13 14 10
13 15 1
13 16 8
13 17 9
13 18 4
13 19 8
13 20 10
13 28 5
13 31 5
13 48 2
14 15 6
14 16 8
14 17 6
14 18 6
14 19 8
14 20 9
14 42 2
14 48 5
14 55 9
15 16 9
15 17 9
15 18 7
15 19 10
15 30 9
15 48 9
15 49 8
16 17 5
16 18 7
16 19 3
16 20 8
16 33 6
16 35 5
16 43 2
17 18 6
17 19 5
17 35 5
17 51 3
17 58 8
18 19 3
18 29 1
18 43 1
18 50 5
19 37 3
19 44 1
19 49 9
19 55 1
20 26 6
21 25 1
21 42 7
21 23 1
22 41 10
23 30 10
24 44 7
24 55 8
25 40 10
26 45 7
27 59 5
27 43 2
28 56 6
29 32 7
30 39 1
31 47 2
32 45 1
33 37 6
34 54 7
35 52 3
36 45 2
37 54 2
38 58 8
39 54 1
40 45 2
41 58 10
42 50 10
43 52 4
44 46 2
45 57 6
46 47 9
47 52 3
48 55 2
49 57 6
50 53 4
51 59 3
52 56 9
53 59 9
54 100002 100
55 100002 100
55 100004 100
56 100000 100
56 100001 100
56 100003 100
57 100000 100
57 100004 100
57 100001 100
58 100002 100
58 100004 100
59 100000 100
59 100001 100
59 100003 100
-2 1 100
-2 2 100
-2 5 100
-5 0 100
-5 4 100
-5 5 100
-4 0 100
-4 3 100
-4 4 100
-3 2 100
-3 3 100
-1 1 100
-1 4 100
