0 1 9
0 6 7
0 38 4
0 39 7
0 41 10
0 10 9
0 43 10
0 14 1
0 48 1
0 21 5
0 46 7
0 26 1
1 32 4
1 3 8
1 5 9
1 38 2
1 39 9
1 40 4
1 9 1
1 42 5
1 14 10
1 37 1
1 31 4
2 32 8
2 33 10
2 4 1
2 5 1
2 38 2
2 12 10
2 44 2
2 16 5
2 49 9
2 23 4
2 25 5
2 30 9
3 38 2
3 12 10
3 46 5
3 48 6
3 17 6
3 18 4
3 19 3
3 21 1
3 24 1
3 27 9
3 29 7
4 16 8
4 2 3
4 38 10
4 7 7
4 8 3
4 10 8
4 46 1
4 47 3
4 48 3
4 17 2
4 19 8
4 15 6
5 37 6
5 40 9
5 41 1
5 43 2
5 12 9
5 45 5
5 46 6
5 47 3
5 21 7
5 28 3
6 35 7
6 37 1
6 38 10
6 41 3
6 42 2
6 11 2
6 47 7
6 48 7
6 22 7
6 23 10
6 31 4
7 49 10
7 38 6
7 39 9
7 40 7
7 42 4
7 11 8
7 14 10
7 15 8
7 17 6
7 19 9
7 25 5
8 39 9
8 41 9
8 10 4
8 11 8
8 44 5
8 45 9
8 15 5
8 48 6
8 20 6
8 26 1
8 30 5
9 36 10
9 41 1
9 10 3
9 13 2
9 16 9
9 17 9
9 22 3
9 24 1
9 25 9
9 26 1
9 27 6
10 32 8
10 37 4
10 17 3
10 24 5
10 25 9
10 28 9
10 29 3
10 36 2
11 33 5
11 36 10
11 13 10
11 45 5
11 40 4
11 18 3
11 21 10
11 23 8
11 29 9
12 32 3
12 41 6
12 43 8
12 13 4
12 35 5
12 21 1
12 22 4
12 37 4
12 31 10
13 32 9
13 35 7
13 40 5
13 44 5
13 49 5
13 20 3
13 43 8
13 41 7
13 28 1
14 32 1
14 38 1
14 42 2
14 45 5
14 49 3
14 20 9
14 22 2
14 24 2
14 25 7
15 33 9
15 35 5
15 37 3
15 46 7
15 48 2
15 19 5
15 20 9
15 29 5
15 30 9
16 35 7
16 37 2
16 40 10
16 41 6
16 42 9
16 49 4
16 23 6
16 26 9
16 27 7
17 45 5
17 48 2
17 19 1
17 20 1
17 21 6
17 22 5
17 27 5
18 32 5
18 34 2
18 48 6
18 20 10
18 22 5
18 26 7
18 27 1
18 28 8
18 29 6
18 30 2
19 34 5
19 47 6
19 20 10
19 21 2
19 24 8
19 26 7
19 29 7
20 36 7
20 49 8
20 42 6
20 43 9
20 21 8
20 23 5
20 25 3
20 30 3
20 31 6
21 35 1
21 36 6
21 37 6
21 42 1
21 45 3
21 46 8
21 23 5
21 26 8
22 33 5
22 35 4
22 37 8
22 40 7
22 41 6
22 45 9
22 24 8
22 26 6
22 27 2
22 29 6
23 34 4
23 38 7
23 39 1
23 45 1
23 47 1
23 25 7
23 26 3
23 28 1
23 30 10
23 31 7
24 34 7
24 38 10
24 39 4
24 44 4
24 45 3
24 29 7
24 49 7
24 28 3
24 42 4
24 30 1
25 33 7
25 34 1
25 40 1
25 41 8
25 44 8
25 27 10
25 29 2
25 30 6
25 31 7
26 48 1
26 34 8
26 39 5
26 41 5
26 43 2
26 40 8
26 27 7
27 34 5
27 38 4
27 39 7
27 45 6
27 46 4
27 28 2
27 29 2
27 31 3
28 32 9
28 33 9
28 36 3
28 39 9
28 40 8
28 47 1
28 49 1
28 30 5
28 37 5
29 36 2
29 39 5
29 44 9
29 48 2
29 42 3
29 30 5
30 36 5
30 37 2
30 41 1
30 43 4
30 44 6
30 40 6
31 32 1
31 35 10
31 33 1
31 42 6
31 43 3
31 44 4
31 45 1
31 47 5
31 41 10
32 34 2
32 35 4
32 37 1
32 33 10
32 43 6
32 47 8
32 39 1
33 37 10
33 41 1
33 43 7
33 44 9
33 46 10
33 48 10
33 49 2
33 47 7
34 35 4
34 39 5
34 43 9
34 44 10
34 46 6
34 47 7
34 48 4
34 49 3
35 36 5
35 38 10
35 44 8
35 45 2
35 41 1
35 47 7
36 38 3
36 40 9
36 44 8
36 46 3
36 47 5
36 48 1
36 42 10
37 48 1
37 42 1
37 44 1
38 40 7
38 41 3
38 39 1
39 43 3
39 46 4
39 49 10
40 42 8
40 43 4
40 46 3
41 49 10
42 44 5
42 49 10
42 46 2
43 44 6
43 47 2
43 49 3
44 100000 100
44 47 10
45 46 9
45 47 9
45 48 1
45 49 5
45 100003 100
46 100004 100
46 100003 100
46 49 1
46 100002 100
46 47 4
47 100004 100
48 49 5
48 100002 100
48 100000 100
48 100001 100
49 100003 100
49 100004 100
49 100001 100
-2 1 100
-2 2 100
-2 4 100
-5 2 100
-5 3 100
-5 4 100
-4 4 100
-4 5 100
-3 2 100
-3 3 100
-1 0 100
-1 2 100
-1 3 100
