0 33 4
0 5 1
0 7 4
0 8 5
0 12 5
0 13 1
0 14 2
0 15 3
0 16 4
0 17 1
0 19 4
0 21 1
0 23 4
0 25 1
0 31 2
1 32 5
1 19 1
1 34 2
1 35 1
1 4 3
1 5 4
1 6 3
1 7 2
1 9 4
1 11 2
1 2 2
1 14 2
1 17 5
1 3 5
1 28 3
2 34 2
2 3 1
2 4 3
2 37 4
2 6 4
2 8 2
2 10 3
2 13 4
2 14 1
2 16 2
2 19 2
2 20 1
2 24 2
2 5 3
3 33 4
3 36 5
3 7 5
3 8 1
3 16 1
3 17 3
3 18 5
3 19 4
3 20 1
3 1 5
3 22 5
3 24 4
3 27 5
3 29 5
4 33 1
4 34 3
4 5 2
4 6 3
4 39 2
4 10 4
4 11 5
4 13 3
4 15 2
4 16 5
4 18 2
4 19 5
4 2 3
4 36 5
5 37 5
5 6 2
5 39 3
5 9 2
5 10 2
5 16 1
5 18 1
5 19 1
5 21 2
5 23 2
5 29 4
6 38 1
6 9 3
6 11 1
6 12 5
6 13 4
6 14 3
6 16 4
6 17 2
6 21 5
6 24 4
6 25 3
7 32 1
7 37 2
7 38 5
7 33 4
7 10 5
7 11 3
7 12 2
7 13 3
7 14 2
7 18 4
7 20 1
7 26 1
8 32 5
8 33 1
8 37 5
8 38 1
8 39 1
8 10 5
8 15 4
8 23 3
8 24 2
8 27 2
8 28 4
8 30 5
9 32 1
9 35 5
9 36 5
9 33 5
9 10 5
9 11 2
9 12 5
9 15 1
9 22 5
9 23 4
9 29 4
9 30 5
10 39 4
10 13 5
10 14 3
10 18 5
10 21 1
10 36 2
10 29 4
10 30 4
10 37 5
11 33 4
11 14 2
11 15 5
11 20 2
11 23 4
11 24 3
11 25 3
11 27 2
11 29 3
11 31 3
12 32 1
12 35 1
12 37 3
12 13 3
12 17 4
12 20 5
12 21 4
12 25 4
12 26 1
12 27 4
12 30 5
13 38 3
13 16 1
13 17 2
13 18 2
13 22 2
13 25 2
13 26 2
13 28 5
14 37 2
14 15 2
14 19 3
14 20 4
14 22 5
14 23 4
14 29 1
14 30 2
15 34 4
15 35 3
15 36 3
15 17 2
15 18 2
15 19 5
15 20 5
15 25 3
15 27 5
16 35 5
16 36 4
16 39 3
16 17 5
16 20 3
16 21 2
16 23 5
16 31 3
17 33 1
17 34 5
17 38 3
17 18 2
17 19 4
17 21 3
17 22 1
18 35 4
18 34 4
18 19 1
18 21 1
18 28 3
18 30 5
18 31 3
19 38 3
19 34 1
19 35 1
19 30 1
19 31 5
20 33 1
20 39 3
20 24 5
21 34 4
21 22 1
21 25 2
22 32 5
22 35 2
22 23 2
22 26 4
22 27 3
23 36 4
23 31 3
23 37 4
24 32 2
24 38 2
24 26 4
24 30 2
24 31 1
25 35 5
25 28 4
25 29 3
25 31 2
26 38 1
26 39 1
26 27 3
26 28 2
26 30 2
26 31 3
27 32 5
27 37 4
27 28 4
27 29 3
28 34 2
28 35 1
28 36 4
28 29 1
29 33 4
29 39 3
30 34 4
30 37 3
31 32 5
31 35 2
32 38 4
32 39 3
33 39 2
34 100003 50
34 38 2
34 100001 50
34 100002 50
35 100000 50
36 37 5
36 38 1
36 39 3
36 100003 50
36 100004 50
37 100000 50
37 100003 50
38 100000 50
38 100001 50
39 100002 50
39 100004 50
-2 1 50
-2 4 50
-2 5 50
-5 0 50
-5 4 50
-4 0 50
-4 3 50
-4 5 50
-3 3 50
-3 4 50
-1 0 50
-1 5 50
