0 32 5
0 1 10
0 2 5
0 3 6
0 4 8
0 5 7
0 6 8
0 8 4
0 9 7
0 10 7
0 11 7
0 12 7
0 13 4
0 14 1
0 16 7
0 17 4
0 18 2
0 19 10
0 27 10
0 31 4
1 2 10
1 3 1
1 4 10
1 5 2
1 6 6
1 39 3
1 9 2
1 10 4
1 11 1
1 13 4
1 14 6
1 15 7
1 16 5
1 17 8
1 18 4
1 19 10
1 24 3
1 7 10
1 30 3
2 3 5
2 4 2
2 5 4
2 6 9
2 7 9
2 8 8
2 9 10
2 11 2
2 12 9
2 13 3
2 14 9
2 15 6
2 16 6
2 18 9
2 19 6
2 21 6
2 22 1
2 25 10
3 33 10
3 34 7
3 4 1
3 5 5
3 6 5
3 8 2
3 9 6
3 10 9
3 11 1
3 12 7
3 14 1
3 15 9
3 16 1
3 17 9
3 21 7
3 25 4
3 13 9
4 5 5
4 38 10
4 39 4
4 8 9
4 9 1
4 10 1
4 11 5
4 15 5
4 16 1
4 17 8
4 18 4
4 19 9
4 20 3
4 24 1
4 7 5
4 6 9
5 36 9
5 37 10
5 7 4
5 8 8
5 9 4
5 10 2
5 12 1
5 13 10
5 14 7
5 15 9
5 16 5
5 17 6
5 18 10
5 19 10
5 26 10
6 33 3
6 34 10
6 36 2
6 8 9
6 10 3
6 12 5
6 13 4
6 14 7
6 16 9
6 17 9
6 18 7
6 19 9
6 11 5
6 28 8
6 30 3
7 34 5
7 35 5
7 38 9
7 39 8
7 8 10
7 9 4
7 10 9
7 11 8
7 12 4
7 14 3
7 17 10
7 18 3
7 19 7
7 20 7
7 24 9
7 30 4
8 37 4
8 9 7
8 10 5
8 11 2
8 14 2
8 16 7
8 17 10
8 18 10
8 19 7
8 23 7
8 25 5
8 26 2
8 28 7
9 11 2
9 12 5
9 13 7
9 14 1
9 15 10
9 16 10
9 17 3
9 18 5
9 19 5
9 23 6
9 27 4
9 29 8
10 34 3
10 11 4
10 12 10
10 13 9
10 14 8
10 15 6
10 16 7
10 17 9
10 18 10
10 19 1
10 27 6
10 29 8
11 12 9
11 13 10
11 14 1
11 16 1
11 17 4
11 18 9
11 19 10
11 22 1
11 23 7
11 31 8
12 33 1
12 37 2
12 13 10
12 14 1
12 15 9
12 16 5
12 17 7
12 18 4
12 19 9
12 39 6
12 38 5
13 35 7
13 14 10
13 15 6
13 16 5
13 17 3
13 18 6
13 19 5
13 20 4
13 22 10
13 24 3
14 15 7
14 16 3
14 17 8
14 18 7
14 19 1
14 26 8
14 29 1
15 32 10
15 38 2
15 16 1
15 34 8
15 19 4
15 21 8
15 22 1
15 26 3
15 28 3
15 31 6
16 33 3
16 17 7
16 18 9
16 19 6
16 21 2
17 33 5
17 36 5
17 19 10
17 20 9
17 25 10
18 19 10
18 21 10
18 23 3
18 29 6
18 37 10
19 37 3
19 27 1
20 24 6
20 36 9
21 30 8
22 25 7
22 28 6
23 32 9
23 24 5
24 33 4
25 38 4
26 32 2
26 27 9
27 35 4
28 34 2
28 39 2
29 35 8
29 30 6
30 39 2
31 32 8
31 37 4
31 38 1
32 36 9
33 35 7
34 100000 100
34 100001 100
35 100002 100
35 36 1
35 100004 100
36 100002 100
36 100004 100
37 100000 100
37 100001 100
37 100002 100
37 100003 100
38 100000 100
38 100003 100
38 100004 100
39 100001 100
-2 1 100
-2 2 100
-2 4 100
-5 0 100
-5 2 100
-5 4 100
-4 2 100
-4 4 100
-3 2 100
-3 3 100
-3 4 100
-1 1 100
-1 2 100
