0 32 3
0 1 1
0 3 4
0 48 9
0 38 6
0 33 7
0 40 2
0 44 8
0 10 2
0 12 2
0 14 8
0 47 9
0 16 8
0 23 2
0 36 6
0 26 10
0 42 4
0 30 3
1 2 9
1 4 8
1 5 9
1 6 8
1 40 1
1 9 7
1 43 6
1 12 2
1 45 1
1 14 8
1 13 8
1 16 7
1 17 5
1 19 5
1 21 7
1 24 10
1 31 10
2 16 3
2 35 3
2 4 8
2 5 9
2 8 5
2 42 6
2 43 10
2 45 5
2 14 9
2 15 3
2 48 7
2 3 5
2 20 6
2 22 3
2 25 8
2 28 9
2 29 3
3 32 5
3 36 9
3 38 8
3 7 9
3 40 2
3 9 1
3 39 2
3 13 6
3 14 3
3 8 7
3 19 10
3 17 6
3 46 9
3 25 7
3 27 9
3 31 9
4 48 3
4 35 2
4 5 10
4 6 10
4 9 7
4 10 5
4 11 5
4 13 7
4 14 10
4 15 7
4 16 8
4 17 6
4 18 3
4 19 7
4 46 6
4 43 8
5 33 6
5 43 6
5 8 1
5 11 4
5 13 8
5 46 10
5 15 8
5 16 8
5 17 3
5 18 6
5 19 10
5 7 8
5 25 5
5 26 2
5 27 7
6 33 5
6 34 6
6 35 7
6 38 6
6 7 9
6 40 4
6 41 8
6 11 6
6 44 1
6 46 3
6 47 8
6 48 3
6 12 1
6 24 4
6 26 4
6 28 5
7 17 5
7 37 8
7 39 4
7 8 6
7 10 10
7 43 1
7 15 10
7 16 7
7 40 3
7 22 10
7 23 2
7 24 9
7 25 6
7 47 2
7 28 7
8 16 2
8 41 3
8 34 9
8 14 2
8 48 1
8 19 9
8 20 4
8 21 7
8 24 9
8 26 7
8 27 9
8 28 5
8 30 3
8 31 3
9 32 2
9 36 7
9 40 10
9 41 4
9 10 5
9 12 9
9 13 8
9 47 1
9 16 8
9 18 10
9 35 10
9 21 8
9 22 4
9 15 10
9 42 4
10 33 10
10 43 3
10 19 4
10 32 6
10 39 8
10 13 6
10 14 7
10 48 5
10 18 9
10 35 9
10 41 6
10 23 8
10 36 6
10 29 2
11 16 8
11 34 2
11 38 6
11 39 4
11 40 10
11 12 6
11 42 1
11 44 7
11 15 2
11 48 4
11 22 3
11 23 6
11 24 5
11 33 9
11 30 8
12 36 8
12 37 1
12 38 1
12 40 1
12 42 2
12 13 5
12 15 1
12 49 2
12 18 7
12 24 7
12 28 4
12 29 5
12 31 4
13 44 9
13 15 7
13 16 5
13 49 2
13 19 5
13 41 2
13 23 7
13 25 5
13 29 1
13 30 3
13 37 5
14 42 9
14 43 1
14 45 6
14 46 9
14 47 9
14 48 6
14 17 9
14 19 3
14 36 4
14 27 5
14 29 5
15 32 9
15 37 3
15 42 2
15 18 2
15 19 2
15 21 2
15 39 1
15 26 2
15 29 9
15 31 10
16 36 5
16 40 4
16 39 5
16 17 5
16 18 8
16 49 4
16 30 8
16 31 8
17 48 5
17 38 8
17 45 7
17 46 5
17 19 10
17 22 10
17 23 6
17 25 3
17 33 9
17 28 10
17 21 10
18 35 5
18 40 7
18 41 4
18 43 5
18 47 9
18 49 10
18 21 8
18 22 2
18 25 4
18 28 3
18 42 8
19 32 6
19 33 4
19 27 10
19 44 8
19 47 10
19 22 6
19 25 4
19 30 10
20 36 9
20 37 9
20 44 10
20 34 5
20 45 5
20 49 6
20 21 4
20 23 6
20 25 3
20 26 8
21 34 10
21 42 7
21 43 10
21 49 7
21 28 9
22 37 4
22 40 3
22 42 7
22 29 9
22 30 3
23 33 9
23 35 5
23 47 4
23 48 8
23 27 6
24 36 3
24 49 8
24 27 8
24 28 8
24 30 9
24 31 4
25 35 5
25 48 6
25 29 1
26 34 5
26 35 2
26 38 7
26 44 5
26 45 1
26 28 10
27 32 9
27 35 5
27 37 8
27 39 10
27 45 5
28 45 1
28 30 8
29 45 9
29 37 10
29 44 8
29 31 3
30 32 4
30 34 5
30 37 5
31 38 2
31 39 7
31 41 7
31 46 10
32 34 9
32 38 1
32 39 8
32 43 8
33 39 7
33 44 1
33 46 9
33 47 4
34 38 6
34 41 4
34 47 7
34 49 4
35 41 10
35 44 8
36 45 5
36 46 9
36 49 6
37 39 1
37 42 7
37 49 3
38 44 1
38 45 10
39 47 4
40 41 2
41 46 3
41 47 7
42 49 1
43 44 4
43 49 1
44 100001 100
44 100003 100
44 100000 100
45 100000 100
45 100003 100
45 100001 100
45 100002 100
45 46 9
46 100001 100
46 48 10
46 100004 100
47 100004 100
48 100000 100
48 100002 100
48 100004 100
49 100002 100
-2 2 100
-2 5 100
-5 1 100
-5 3 100
-5 4 100
-4 0 100
-4 2 100
-3 1 100
-3 2 100
-3 3 100
-1 1 100
-1 4 100
