0 35 4
0 11 7
0 44 10
0 13 8
0 49 7
0 22 3
0 25 10
0 26 6
0 29 8
1 9 4
1 43 7
1 44 4
1 45 2
1 13 8
1 19 3
1 21 2
1 26 3
1 27 9
1 31 7
2 32 2
2 36 4
2 7 7
2 8 5
2 11 7
2 12 8
2 45 9
2 19 10
2 26 2
3 41 9
3 43 1
3 13 7
3 14 10
3 15 1
3 18 7
3 22 7
3 47 1
3 31 8
4 6 9
4 39 8
4 8 1
4 44 6
4 45 5
4 20 7
4 21 8
4 29 7
4 30 3
5 32 10
5 34 7
5 35 4
5 11 8
5 46 3
5 19 8
5 20 4
5 25 9
5 29 8
6 37 6
6 43 7
6 12 7
6 46 10
6 47 2
6 14 5
6 23 8
6 30 3
7 33 8
7 34 6
7 8 10
7 42 5
7 12 9
7 2 1
7 13 9
7 23 10
7 27 4
8 42 7
8 44 1
8 13 3
8 46 9
8 18 9
8 23 5
8 10 6
9 32 7
9 36 4
9 42 6
9 43 2
9 45 4
9 14 9
9 17 9
9 22 8
9 29 10
10 41 2
10 43 9
10 49 10
10 21 2
10 22 9
10 25 8
10 26 2
10 27 6
10 30 9
11 36 3
11 48 10
11 17 2
11 20 8
11 26 9
11 29 5
12 32 5
12 33 7
12 46 4
12 16 5
12 18 2
12 26 6
13 34 6
13 36 4
13 16 7
13 28 9
14 40 2
14 47 4
14 15 10
14 17 6
14 19 7
14 27 6
15 32 9
15 38 6
15 43 6
15 49 9
15 18 7
15 20 6
15 28 3
16 35 10
16 37 5
16 44 6
16 49 9
16 20 3
16 24 5
16 31 1
17 35 1
17 37 3
17 48 9
17 24 3
17 28 7
17 30 3
18 47 5
18 49 7
18 21 8
18 15 9
18 28 6
18 30 3
19 33 3
19 45 5
19 20 1
19 22 5
19 31 4
20 32 7
20 33 2
20 34 10
20 43 7
20 37 3
20 39 9
20 40 2
20 44 6
20 45 9
20 46 1
20 28 8
21 32 3
21 33 4
21 34 10
21 35 1
21 36 5
21 38 7
21 39 8
21 40 3
21 46 2
21 47 6
21 22 10
21 24 4
21 4 2
21 30 2
22 32 4
22 38 3
22 33 8
22 40 1
22 43 2
22 45 9
22 49 5
22 23 1
22 24 8
22 27 10
22 42 4
23 33 2
23 35 5
23 37 10
23 41 10
23 44 9
23 45 4
23 46 2
23 48 4
23 24 4
23 26 1
23 38 6
23 28 5
23 31 5
24 34 3
24 35 3
24 37 5
24 40 1
24 43 5
24 45 5
24 47 1
24 49 10
24 26 2
24 28 4
24 29 8
24 31 4
25 32 6
25 35 4
25 36 10
25 38 2
25 39 5
25 40 3
25 41 3
25 46 10
25 48 3
25 26 1
25 28 9
25 29 6
25 30 3
25 37 2
26 32 4
26 37 7
26 33 3
26 44 8
26 34 7
26 48 9
26 49 1
26 41 8
27 32 8
27 34 6
27 36 4
27 37 6
27 40 1
27 43 5
27 44 7
27 45 8
27 47 1
27 46 3
27 29 3
27 31 4
28 33 4
28 34 10
28 38 9
28 40 10
28 41 10
28 42 5
28 43 6
28 46 9
28 31 5
29 36 9
29 39 2
29 40 2
29 42 3
29 43 10
29 47 1
29 49 4
29 30 3
29 31 5
30 35 4
30 38 5
30 39 10
30 41 7
30 43 7
30 44 6
30 45 4
30 42 7
30 31 5
31 34 1
31 38 5
31 48 6
31 40 6
31 41 2
31 45 1
31 47 7
32 36 5
32 42 2
32 45 10
32 46 10
32 48 1
32 37 8
33 41 8
33 42 5
33 43 9
33 45 4
33 46 7
33 44 3
33 48 2
33 47 6
34 35 3
34 36 8
34 40 9
34 41 6
34 39 8
34 47 9
34 48 6
35 36 2
35 38 3
35 40 1
35 39 1
35 48 2
35 49 6
35 37 10
36 39 7
36 40 7
36 42 8
36 44 7
36 48 8
36 49 5
37 48 7
37 38 1
37 41 8
37 42 7
37 46 5
37 47 7
38 41 7
38 42 6
38 43 2
38 44 6
38 46 4
38 48 7
38 47 1
39 41 10
39 42 1
39 43 9
39 44 3
39 45 9
39 47 8
39 48 2
39 49 7
40 44 6
40 46 4
40 47 7
40 49 6
41 42 8
41 47 3
41 48 4
41 49 10
42 44 7
42 45 4
42 49 9
43 47 10
44 48 7
44 100000 100
44 100004 100
44 100001 100
45 100003 100
45 46 8
45 100001 100
46 100003 100
46 100004 100
46 100000 100
46 49 9
47 100002 100
48 49 8
48 100004 100
49 100002 100
49 100003 100
49 100001 100
49 100000 100
-2 2 100
-2 4 100
-2 5 100
-5 0 100
-5 1 100
-4 3 100
-4 4 100
-3 4 100
-3 5 100
-1 1 100
-1 3 100
