0 1 3
0 2 2
0 3 4
0 4 10
0 5 6
0 6 2
0 7 2
0 8 10
0 9 10
0 10 10
0 11 4
0 12 6
0 13 3
0 14 6
0 15 6
0 16 4
0 17 9
0 18 6
0 19 1
0 37 8
0 39 5
0 44 6
0 47 9
0 49 4
1 2 5
1 3 3
1 4 2
1 5 3
1 6 3
1 7 10
1 8 3
1 9 2
1 10 8
1 11 3
1 12 5
1 13 6
1 14 5
1 15 3
1 16 2
1 17 5
1 18 3
1 19 4
1 23 7
1 42 1
1 45 3
1 46 9
1 49 8
2 3 10
2 4 9
2 5 8
2 6 9
2 7 1
2 8 2
2 9 5
2 10 5
2 11 6
2 12 4
2 13 4
2 14 8
2 15 5
2 16 4
2 17 10
2 18 10
2 19 9
2 24 1
2 27 4
2 34 7
2 45 7
2 46 10
3 4 1
3 5 5
3 6 1
3 7 1
3 8 4
3 9 8
3 10 1
3 11 3
3 12 3
3 14 10
3 15 6
3 16 10
3 17 2
3 18 2
3 19 8
3 20 1
3 29 5
3 30 3
3 31 9
3 36 8
3 46 7
4 5 1
4 6 4
4 7 7
4 8 6
4 9 4
4 10 6
4 11 10
4 13 9
4 14 6
4 15 9
4 16 7
4 17 7
4 18 5
4 19 1
4 24 7
4 26 2
4 29 9
4 32 3
4 41 10
4 44 4
5 6 6
5 7 3
5 8 3
5 9 8
5 10 9
5 11 4
5 12 4
5 13 6
5 14 9
5 15 8
5 16 8
5 17 10
5 18 5
5 19 3
5 33 5
5 34 5
5 37 5
5 40 4
5 47 2
6 8 1
6 9 10
6 10 6
6 11 4
6 12 1
6 13 10
6 14 4
6 15 6
6 16 4
6 17 6
6 18 2
6 19 8
6 24 6
6 26 1
6 35 2
6 46 10
6 48 7
6 49 1
7 8 3
7 9 5
7 10 2
7 11 5
7 12 5
7 13 1
7 14 2
7 15 7
7 16 7
7 17 5
7 18 8
7 19 10
7 25 10
7 32 3
7 34 10
7 36 8
7 42 2
7 47 5
8 9 6
8 10 3
8 11 10
8 12 2
8 13 1
8 14 10
8 15 8
8 16 5
8 17 4
8 18 10
8 19 3
8 20 5
8 24 2
8 30 7
8 32 2
8 42 1
9 10 7
9 11 7
9 12 3
9 14 8
9 15 7
9 16 9
9 17 5
9 18 6
9 19 10
9 21 6
9 29 8
9 36 7
9 37 7
9 38 7
9 41 7
10 11 2
10 12 4
10 13 8
10 14 7
10 15 8
10 16 3
10 17 10
10 18 1
10 19 1
10 22 3
10 23 8
10 27 4
10 35 7
10 47 6
11 12 5
11 13 2
11 14 2
11 15 2
11 17 6
11 18 10
11 19 9
11 20 7
11 35 6
11 37 6
11 42 3
11 43 9
11 48 7
12 13 10
12 14 6
12 15 8
12 16 8
12 17 5
12 19 10
12 26 1
12 27 3
12 31 4
12 39 2
12 40 4
12 44 9
12 48 4
13 14 10
13 15 4
13 17 6
13 18 1
13 19 1
13 20 7
13 21 8
13 22 9
13 23 2
13 34 2
13 39 5
13 43 3
13 46 6
14 15 2
14 16 5
14 17 8
14 18 3
14 19 9
14 30 7
14 31 10
14 40 6
14 47 4
14 48 6
15 16 3
15 17 3
15 18 9
15 19 9
15 23 10
15 31 10
15 33 6
15 35 3
15 49 1
16 17 5
16 18 10
16 19 10
16 25 8
16 26 2
16 27 5
16 36 7
16 41 9
16 44 6
16 49 9
17 18 7
17 19 10
17 26 2
17 34 7
17 40 2
17 44 8
17 48 1
18 19 5
18 22 6
18 25 6
18 29 7
18 37 8
18 40 9
18 47 9
19 21 10
19 32 5
19 40 9
19 41 1
19 43 8
20 44 1
20 23 3
21 34 6
21 39 1
21 42 4
22 45 6
22 25 8
22 29 1
23 39 8
24 41 1
24 28 1
25 49 2
25 28 4
26 27 6
27 43 4
28 33 6
28 38 2
28 45 1
28 31 3
29 38 8
30 37 9
30 45 10
30 35 7
31 32 7
32 38 1
33 36 6
33 43 8
33 48 8
34 44 2
35 45 6
36 42 6
37 43 4
38 39 10
38 43 5
39 45 2
40 48 10
41 46 2
42 48 10
43 45 1
44 100002 100
45 100000 100
46 100000 100
46 100004 100
46 100001 100
46 100003 100
47 100001 100
47 100004 100
48 100002 100
48 100003 100
48 100004 100
49 100002 100
49 100003 100
-2 1 100
-2 5 100
-5 1 100
-5 2 100
-5 4 100
-4 1 100
-3 0 100
-3 2 100
-3 3 100
-1 2 100
-1 3 100
