0 8 2
0 48 3
0 23 4
0 24 5
0 25 5
0 28 5
1 39 3
1 16 2
1 21 2
1 22 1
1 28 4
1 30 3
2 39 5
2 41 1
2 43 3
2 19 2
2 20 4
2 27 4
3 32 4
3 35 2
3 40 3
3 41 5
3 10 4
3 45 3
3 49 4
4 32 4
4 37 3
4 6 4
4 7 5
4 12 2
4 46 3
4 17 1
4 30 5
5 36 2
5 39 2
5 9 3
5 11 3
5 47 4
5 15 4
5 28 1
6 36 4
6 43 3
6 17 4
6 21 3
6 27 4
6 31 4
7 34 4
7 38 4
7 13 2
7 24 4
7 27 4
7 31 2
8 34 2
8 12 1
8 20 4
8 23 5
8 30 2
9 12 3
9 48 2
9 19 4
9 20 5
9 30 3
9 31 4
10 35 5
10 36 5
10 45 5
10 14 4
10 28 2
10 31 4
11 34 5
11 39 1
11 14 1
11 46 4
11 22 3
12 15 4
12 22 4
12 47 3
13 34 4
13 36 1
13 43 3
13 45 5
13 20 1
14 32 1
14 38 1
14 46 2
14 48 3
15 33 1
15 37 5
15 43 4
15 48 4
16 39 4
16 41 4
16 45 1
16 18 2
16 29 3
17 35 5
17 49 1
17 25 4
17 27 1
18 37 4
18 20 5
18 24 1
18 27 1
18 29 1
19 39 2
19 45 2
19 25 1
19 31 3
20 33 5
20 34 3
20 37 2
20 38 2
20 42 1
20 43 5
20 44 5
20 46 3
20 45 1
20 48 5
20 22 1
20 23 3
20 24 2
20 47 3
20 30 3
21 35 5
21 36 1
21 38 2
21 39 1
21 40 1
21 41 5
21 42 3
21 45 3
21 46 1
21 47 3
21 49 4
21 22 5
21 24 5
21 25 5
21 33 1
21 27 4
21 28 2
21 30 3
22 32 2
22 34 3
22 36 4
22 33 3
22 44 4
22 42 4
22 46 2
22 47 5
22 48 3
22 41 4
22 23 5
22 25 4
22 26 5
22 29 4
22 31 5
23 33 2
23 32 3
23 37 2
23 38 2
23 39 4
23 41 5
23 42 2
23 44 2
23 47 1
23 48 3
23 49 2
23 40 2
23 24 5
23 26 5
23 27 1
23 28 3
24 32 3
24 35 3
24 36 3
24 37 2
24 38 3
24 41 1
24 43 5
24 49 5
24 25 5
24 26 3
24 27 2
24 28 2
24 29 5
24 30 5
25 32 4
25 34 2
25 37 3
25 38 3
25 49 2
25 40 5
25 42 4
25 46 4
25 47 1
25 48 4
25 28 5
25 29 4
25 30 1
25 31 1
26 32 2
26 33 5
26 34 5
26 35 2
26 36 1
26 37 5
26 40 3
26 41 2
26 42 4
26 43 3
26 44 1
26 45 1
26 46 2
26 27 3
26 28 1
26 29 2
26 31 3
27 33 3
27 36 1
27 38 2
27 40 2
27 43 1
27 45 5
27 46 2
27 39 2
27 49 3
27 29 3
27 30 4
28 32 1
28 33 3
28 35 1
28 39 3
28 40 5
28 41 4
28 44 2
28 47 1
28 48 3
28 29 3
28 37 3
29 32 5
29 33 4
29 35 5
29 38 1
29 42 2
29 43 2
29 44 1
29 45 3
29 46 2
29 47 1
29 49 3
29 30 2
30 34 5
30 37 5
30 39 3
30 43 5
30 45 3
30 47 2
30 48 1
30 40 4
30 31 3
30 36 5
31 32 1
31 33 3
31 34 5
31 36 3
31 38 1
31 40 5
31 42 4
31 44 5
31 46 2
31 48 1
31 49 4
32 33 4
32 34 1
32 36 5
32 37 3
32 38 4
32 40 1
32 41 5
32 42 1
32 44 2
33 34 2
33 35 5
33 38 2
33 39 5
33 43 3
33 44 2
33 45 4
33 46 5
33 49 2
34 43 5
34 37 5
34 44 2
34 46 3
34 49 1
34 48 5
34 40 5
34 35 1
35 36 1
35 37 2
35 38 5
35 40 3
35 41 3
35 44 2
35 45 4
35 46 2
35 47 3
35 42 1
36 39 3
36 40 5
36 38 5
36 43 4
36 44 3
36 49 2
36 42 1
37 40 4
37 41 3
37 42 1
37 44 5
37 48 5
37 49 3
37 47 4
38 40 2
38 41 1
38 42 2
38 39 5
38 44 5
38 45 5
39 43 4
39 48 5
39 44 3
39 45 1
39 46 2
39 49 2
40 41 3
40 42 3
40 45 2
40 46 3
40 49 1
41 42 3
41 43 2
41 44 2
41 45 3
41 47 4
41 49 4
42 43 5
42 44 2
42 46 2
42 47 4
42 48 5
43 45 2
43 47 2
43 48 5
43 46 5
44 47 1
44 48 2
44 49 1
44 100003 50
44 100004 50
45 100002 50
45 47 2
45 49 1
45 100001 50
46 100004 50
46 47 4
46 48 3
46 100002 50
47 100000 50
47 100001 50
47 48 3
47 49 1
47 100003 50
48 100004 50
48 49 5
49 100000 50
49 100003 50
49 100001 50
49 100002 50
-2 1 50
-2 5 50
-5 0 50
-5 4 50
-5 5 50
-4 3 50
-4 4 50
-4 5 50
-3 1 50
-3 2 50
-3 3 50
-1 3 50
-1 5 50
