0 33 3
0 35 4
0 37 1
0 1 6
0 41 2
0 43 2
0 16 10
0 53 9
0 54 3
0 58 9
0 27 6
0 29 8
0 21 3
1 19 9
1 5 10
1 6 5
1 12 9
1 45 7
1 46 10
1 15 5
1 51 10
1 54 3
1 56 9
1 58 6
1 27 2
2 36 8
2 37 2
2 39 6
2 10 8
2 43 10
2 44 3
2 46 4
2 51 10
2 53 10
2 55 1
2 24 1
2 30 9
2 31 4
3 51 10
3 36 7
3 38 8
3 48 9
3 8 6
3 9 8
3 44 7
3 13 5
3 16 7
3 19 7
3 22 7
3 26 2
3 29 2
3 31 9
4 36 9
4 37 8
4 38 3
4 7 4
4 41 2
4 10 10
4 11 4
4 46 3
4 15 7
4 50 2
4 25 10
4 59 5
4 31 3
5 6 6
5 38 9
5 7 3
5 40 4
5 14 2
5 15 10
5 49 1
5 52 8
5 55 4
5 24 1
5 25 8
5 28 4
6 48 2
6 49 1
6 18 6
6 51 1
6 56 5
6 57 6
6 58 1
6 59 1
6 28 8
6 29 9
6 30 8
7 33 4
7 37 3
7 40 2
7 55 8
7 12 10
7 45 4
7 13 3
7 19 8
7 54 4
7 23 8
7 26 2
8 33 4
8 34 4
8 35 7
8 40 6
8 47 10
8 56 5
8 52 1
8 21 3
8 54 7
8 24 3
8 26 9
8 59 3
8 30 4
9 38 8
9 15 10
9 43 3
9 44 5
9 13 2
9 47 9
9 35 1
9 21 7
9 56 3
9 25 10
9 58 2
9 27 6
10 41 3
10 43 10
10 13 9
10 47 8
10 15 10
10 17 3
10 19 6
10 55 9
10 56 8
10 26 1
10 27 6
11 33 4
11 44 8
11 43 10
11 12 4
11 45 10
11 47 9
11 16 6
11 18 8
11 54 5
11 58 4
11 27 4
11 26 1
12 34 4
12 44 1
12 45 7
12 15 9
12 18 3
12 19 9
12 21 8
12 23 6
12 26 9
12 27 3
13 37 5
13 39 1
13 40 4
13 20 1
13 55 2
13 57 10
13 26 1
13 42 6
13 31 9
14 38 8
14 41 5
14 52 1
14 17 2
14 20 10
14 23 9
14 24 5
14 25 10
14 26 9
14 28 3
14 58 9
14 31 10
15 38 1
15 16 7
15 21 10
15 23 4
15 24 3
15 57 9
15 42 5
16 32 2
16 37 7
16 33 8
16 44 10
16 43 8
16 51 10
16 53 2
16 54 7
16 56 1
17 33 7
17 43 9
17 48 6
17 49 4
17 50 2
17 19 2
17 20 1
17 54 9
17 23 6
17 57 6
17 30 5
18 33 2
18 39 4
18 42 10
18 47 6
18 48 2
18 50 8
18 53 6
18 59 1
18 29 8
18 30 6
19 32 8
19 41 2
19 45 5
19 47 7
19 52 4
19 22 9
19 58 3
20 34 4
20 37 10
20 38 5
20 49 2
20 45 7
20 52 9
20 53 10
20 54 3
20 56 8
20 25 7
20 30 3
20 31 10
21 33 8
21 34 6
21 59 4
21 39 9
21 40 8
21 47 3
21 51 1
21 22 10
21 57 9
21 31 6
22 34 5
22 40 6
22 42 9
22 43 8
22 46 3
22 47 5
22 24 9
22 56 2
22 25 6
22 27 1
22 28 4
22 30 8
23 33 8
23 35 2
23 38 4
23 43 2
23 27 7
23 50 5
23 46 5
23 24 1
23 57 3
23 47 5
24 38 2
24 45 3
24 47 6
24 48 7
24 46 5
24 56 7
24 26 9
24 29 1
25 32 5
25 33 1
25 41 9
25 42 6
25 43 5
25 47 2
25 52 10
25 58 10
25 29 9
26 34 7
26 36 8
26 43 3
26 53 6
26 46 9
26 28 4
27 34 9
27 36 4
27 49 6
27 51 8
27 52 7
27 41 3
27 28 1
28 32 6
28 59 5
28 36 4
28 38 6
28 39 3
28 44 3
28 50 8
28 51 8
28 53 6
29 32 10
29 34 1
29 37 10
29 41 4
29 45 7
29 48 1
29 49 8
29 59 1
29 31 8
30 50 10
30 40 3
30 45 5
30 46 5
30 53 8
30 55 6
30 57 10
30 59 5
31 33 5
31 39 6
31 42 9
31 44 6
31 53 2
31 52 4
31 58 2
32 51 1
32 34 6
32 40 1
32 44 7
32 45 8
32 53 2
32 54 6
32 55 9
32 56 3
32 58 3
33 36 7
33 43 6
33 53 10
33 40 6
34 35 7
34 36 3
34 44 4
34 48 3
34 50 1
34 57 9
35 37 7
35 39 5
35 40 7
35 45 10
35 46 10
35 48 5
35 49 7
35 50 8
35 52 3
35 57 7
36 37 3
36 43 6
36 51 7
36 52 2
36 53 1
36 54 6
36 57 7
37 43 4
37 46 6
37 47 1
37 53 4
37 39 3
38 46 4
38 48 1
38 50 10
38 52 3
38 58 9
39 41 10
39 45 5
39 48 2
39 49 2
39 55 9
39 57 9
39 59 3
40 41 4
40 42 4
40 43 4
40 49 1
40 56 3
41 45 4
41 51 4
41 52 4
41 57 10
41 42 9
42 44 2
42 47 4
42 50 9
42 51 2
42 54 6
42 56 4
42 58 2
43 58 9
44 48 4
44 51 5
44 53 8
44 55 5
45 49 9
45 56 10
46 55 2
46 48 10
46 54 9
46 59 6
47 56 4
47 58 10
48 49 10
48 55 3
48 59 2
49 50 1
49 51 6
49 54 4
49 55 3
50 55 8
50 52 1
50 57 9
50 59 9
51 53 5
52 59 9
52 56 3
53 56 1
54 100002 100
54 55 5
54 58 4
54 100000 100
54 100001 100
55 59 6
56 100002 100
56 100000 100
57 100000 100
57 100001 100
57 100003 100
57 100004 100
57 58 1
57 59 9
58 100002 100
58 100003 100
58 100004 100
58 100001 100
59 100003 100
-2 0 100
-2 1 100
-5 1 100
-5 3 100
-4 1 100
-4 3 100
-4 5 100
-3 3 100
-3 4 100
-1 2 100
-1 4 100
