0 33 7
0 5 2
0 7 1
0 8 9
0 12 10
0 13 5
0 14 5
0 15 10
0 16 2
0 17 6
0 19 3
0 21 5
0 23 10
0 25 2
0 31 3
1 32 8
1 19 5
1 34 9
1 35 3
1 4 1
1 5 9
1 6 9
1 7 6
1 9 5
1 11 2
1 2 3
1 14 9
1 17 2
1 3 8
1 28 6
2 34 6
2 3 1
2 4 3
2 37 5
2 6 10
2 8 3
2 10 5
2 13 10
2 14 4
2 16 7
2 19 6
2 20 5
2 24 7
2 5 3
3 33 8
3 36 1
3 7 3
3 8 1
3 16 7
3 17 6
3 18 4
3 19 1
3 20 5
3 1 1
3 22 9
3 24 3
3 27 9
3 29 9
4 33 5
4 34 10
4 5 1
4 6 3
4 39 9
4 10 8
4 11 3
4 13 7
4 15 7
4 16 9
4 18 7
4 19 5
4 2 3
4 36 4
5 37 6
5 6 7
5 39 10
5 9 2
5 10 9
5 16 10
5 18 2
5 19 5
5 21 1
5 23 4
5 29 2
6 38 7
6 9 8
6 11 8
6 12 4
6 13 6
6 14 6
6 16 1
6 17 8
6 21 9
6 24 2
6 25 6
7 32 7
7 37 1
7 38 7
7 33 3
7 10 4
7 11 6
7 12 2
7 13 8
7 14 4
7 18 6
7 20 7
7 26 6
8 32 7
8 33 3
8 37 10
8 38 2
8 39 7
8 10 10
8 15 8
8 23 6
8 24 5
8 27 5
8 28 4
8 30 6
9 32 2
9 35 5
9 36 1
9 33 3
9 10 10
9 11 7
9 12 8
9 15 9
9 22 9
9 23 3
9 29 8
9 30 3
10 39 1
10 13 5
10 14 6
10 18 5
10 21 5
10 36 1
10 29 8
10 30 9
10 37 4
11 33 6
11 14 1
11 15 3
11 20 7
11 23 3
11 24 9
11 25 6
11 27 3
11 29 3
11 31 6
12 32 3
12 35 7
12 37 5
12 13 1
12 17 3
12 20 10
12 21 7
12 25 1
12 26 4
12 27 8
12 30 4
13 38 7
13 16 4
13 17 6
13 18 10
13 22 7
13 25 10
13 26 10
13 28 9
14 37 7
14 15 2
14 19 7
14 20 3
14 22 5
14 23 8
14 29 7
14 30 8
15 34 6
15 35 2
15 36 6
15 17 7
15 18 1
15 19 6
15 20 7
15 25 2
15 27 9
16 35 5
16 36 4
16 39 4
16 17 1
16 20 3
16 21 2
16 23 3
16 31 6
17 33 2
17 34 8
17 38 2
17 18 9
17 19 10
17 21 2
17 22 4
18 35 9
18 34 5
18 19 1
18 21 2
18 28 6
18 30 10
18 31 2
19 38 5
19 34 7
19 35 3
19 30 9
19 31 3
20 33 9
20 39 10
20 24 1
21 34 3
21 22 10
21 25 5
22 32 4
22 35 10
22 23 4
22 26 6
22 27 10
23 36 8
23 31 3
23 37 1
24 32 5
24 38 9
24 26 6
24 30 4
24 31 3
25 35 5
25 28 10
25 29 10
25 31 9
26 38 4
26 39 3
26 27 1
26 28 8
26 30 6
26 31 8
27 32 10
27 37 10
27 28 1
27 29 8
28 34 7
28 35 4
28 36 10
28 29 1
29 33 2
29 39 8
30 34 4
30 37 1
31 32 5
31 35 7
32 38 6
32 39 9
33 39 4
34 100000 100
34 38 3
34 100004 100
35 100000 100
35 100002 100
35 100004 100
35 100001 100
36 100001 100
36 100002 100
36 37 5
36 38 8
36 39 5
36 100003 100
37 100003 100
37 100004 100
38 100000 100
38 100002 100
39 100001 100
-2 1 100
-2 2 100
-5 0 100
-5 1 100
-4 0 100
-4 1 100
-4 4 100
-3 0 100
-3 3 100
-3 4 100
-1 2 100
-1 4 100
