0 1 5
0 6 1
0 38 2
0 39 5
0 41 1
0 10 5
0 43 4
0 14 1
0 48 3
0 21 4
0 46 3
0 26 3
1 32 3
1 3 3
1 5 5
1 38 4
1 39 2
1 40 1
1 9 5
1 42 4
1 14 5
1 37 4
1 31 4
2 32 3
2 33 1
2 4 1
2 5 5
2 38 5
2 12 4
2 44 1
2 16 4
2 49 4
2 23 4
2 25 1
2 30 3
3 38 2
3 12 5
3 46 5
3 48 2
3 17 3
3 18 4
3 19 1
3 21 2
3 24 4
3 27 3
3 29 4
4 16 1
4 2 3
4 38 2
4 7 2
4 8 4
4 10 3
4 46 1
4 47 4
4 48 2
4 17 3
4 19 2
4 15 1
5 37 5
5 40 1
5 41 2
5 43 3
5 12 5
5 45 3
5 46 3
5 47 3
5 21 4
5 28 5
6 35 5
6 37 3
6 38 5
6 41 1
6 42 5
6 11 1
6 47 5
6 48 4
6 22 1
6 23 1
6 31 4
7 49 1
7 38 4
7 39 2
7 40 5
7 42 4
7 11 4
7 14 4
7 15 4
7 17 3
7 19 5
7 25 2
8 39 1
8 41 3
8 10 1
8 11 1
8 44 3
8 45 1
8 15 5
8 48 1
8 20 3
8 26 2
8 30 5
9 36 1
9 41 1
9 10 1
9 13 1
9 16 2
9 17 3
9 22 3
9 24 4
9 25 2
9 26 1
9 27 5
10 32 1
10 37 5
10 17 5
10 24 4
10 25 4
10 28 2
10 29 4
10 36 1
11 33 4
11 36 3
11 13 1
11 45 5
11 40 2
11 18 5
11 21 2
11 23 4
11 29 4
12 32 2
12 41 2
12 43 2
12 13 1
12 35 2
12 21 2
12 22 3
12 37 4
12 31 4
13 32 4
13 35 3
13 40 4
13 44 1
13 49 1
13 20 5
13 43 5
13 41 1
13 28 5
14 32 3
14 38 3
14 42 3
14 45 4
14 49 3
14 20 4
14 22 1
14 24 5
14 25 1
15 33 4
15 35 2
15 37 5
15 46 5
15 48 3
15 19 1
15 20 4
15 29 3
15 30 3
16 35 1
16 37 1
16 40 4
16 41 3
16 42 4
16 49 1
16 23 2
16 26 4
16 27 3
17 45 3
17 48 5
17 19 5
17 20 2
17 21 2
17 22 2
17 27 2
18 32 4
18 34 1
18 48 3
18 20 2
18 22 1
18 26 1
18 27 3
18 28 5
18 29 4
18 30 4
19 34 4
19 47 3
19 20 3
19 21 2
19 24 2
19 26 3
19 29 1
20 36 4
20 49 2
20 42 5
20 43 4
20 21 3
20 23 4
20 25 5
20 30 4
20 31 2
21 35 3
21 36 1
21 37 3
21 42 3
21 45 3
21 46 2
21 23 2
21 26 2
22 33 4
22 35 5
22 37 2
22 40 3
22 41 1
22 45 4
22 24 4
22 26 1
22 27 2
22 29 4
23 34 4
23 38 3
23 39 2
23 45 1
23 47 3
23 25 4
23 26 4
23 28 2
23 30 2
23 31 1
24 34 1
24 38 4
24 39 1
24 44 5
24 45 1
24 29 2
24 49 5
24 28 4
24 42 3
24 30 2
25 33 3
25 34 2
25 40 5
25 41 1
25 44 3
25 27 5
25 29 5
25 30 5
25 31 5
26 48 4
26 34 5
26 39 1
26 41 5
26 43 1
26 40 4
26 27 4
27 34 4
27 38 2
27 39 1
27 45 1
27 46 3
27 28 2
27 29 4
27 31 4
28 32 3
28 33 5
28 36 3
28 39 1
28 40 4
28 47 1
28 49 1
28 30 4
28 37 1
29 36 4
29 39 3
29 44 5
29 48 3
29 42 3
29 30 4
30 36 5
30 37 2
30 41 1
30 43 3
30 44 3
30 40 5
31 32 3
31 35 5
31 33 1
31 42 5
31 43 4
31 44 3
31 45 4
31 47 5
31 41 2
32 34 2
32 35 2
32 37 2
32 33 2
32 43 3
32 47 2
32 39 5
33 37 2
33 41 1
33 43 5
33 44 5
33 46 5
33 48 5
33 49 4
33 47 2
34 35 3
34 39 4
34 43 4
34 44 1
34 46 5
34 47 2
34 48 5
34 49 4
35 36 2
35 38 3
35 44 3
35 45 2
35 41 3
35 47 3
36 38 5
36 40 1
36 44 1
36 46 3
36 47 3
36 48 1
36 42 4
37 48 4
37 42 1
37 44 4
38 40 1
38 41 2
38 39 1
39 43 1
39 46 3
39 49 3
40 42 2
40 43 1
40 46 4
41 46 5
42 44 4
42 49 4
42 46 3
43 44 5
43 47 4
43 49 3
44 100000 50
44 100001 50
44 100004 50
44 47 2
44 100003 50
44 100002 50
45 100000 50
45 100001 50
45 100002 50
45 100004 50
45 46 3
45 47 4
45 48 5
45 49 4
45 100003 50
46 49 4
46 47 3
47 100002 50
48 49 2
48 100000 50
49 100003 50
49 100004 50
-2 0 50
-2 1 50
-2 4 50
-5 0 50
-5 1 50
-5 3 50
-4 0 50
-4 2 50
-4 4 50
-3 1 50
-1 1 50
-1 4 50
