0 2 5
0 38 10
0 39 6
0 8 1
0 11 8
0 34 6
0 46 3
0 18 6
0 53 8
0 55 3
0 24 7
1 35 10
1 40 2
1 42 7
1 11 2
1 46 7
1 49 2
1 18 6
1 59 1
1 23 4
1 27 9
1 29 6
2 6 3
2 39 1
2 44 2
2 47 1
2 17 9
2 52 7
2 53 3
2 57 6
2 15 4
2 31 10
3 32 9
3 34 10
3 5 3
3 6 2
3 8 3
3 44 10
3 13 2
3 49 2
3 22 6
3 23 1
3 59 8
4 32 3
4 33 8
4 59 8
4 6 8
4 44 7
4 19 2
4 52 6
4 23 5
4 20 2
4 27 2
4 30 5
5 38 2
5 9 6
5 42 2
5 43 5
5 47 6
5 50 9
5 52 6
5 54 8
5 56 9
5 57 2
6 42 9
6 12 9
6 14 10
6 49 5
6 52 9
6 53 9
6 22 7
6 55 3
7 32 8
7 43 9
7 46 10
7 47 9
7 20 5
7 21 2
7 22 3
7 56 9
7 15 10
7 28 4
7 31 6
8 0 7
8 3 3
8 40 5
8 10 2
8 14 3
8 16 9
8 19 5
8 22 2
8 56 5
8 26 3
8 29 7
9 51 4
9 5 7
9 38 3
9 39 4
9 41 7
9 13 2
9 16 7
9 19 10
9 21 3
9 26 6
9 58 9
10 8 7
10 41 5
10 23 5
10 44 5
10 13 7
10 14 10
10 50 10
10 53 9
10 54 10
10 55 4
10 21 5
11 1 10
11 38 10
11 40 5
11 12 5
11 14 6
11 47 5
11 50 8
11 22 2
11 57 1
11 31 4
12 35 2
12 6 1
12 39 10
12 11 6
12 44 1
12 14 7
12 47 10
12 49 6
12 50 10
12 52 1
12 58 8
13 3 5
13 9 10
13 38 9
13 41 8
13 10 8
13 44 3
13 48 1
13 52 1
13 55 4
13 24 5
13 57 8
14 33 1
14 6 10
14 8 2
14 10 2
14 11 2
14 12 5
14 17 4
14 19 9
14 52 9
14 55 10
14 31 9
15 2 9
15 37 3
15 7 9
15 39 2
15 48 6
15 52 4
15 53 4
15 54 4
15 25 9
15 58 7
15 28 3
16 36 9
16 8 8
16 9 2
16 23 3
16 45 2
16 46 1
16 49 9
16 50 4
16 52 1
16 41 6
16 28 9
17 2 9
17 42 7
17 55 6
17 34 4
17 14 3
17 50 2
17 53 8
17 54 10
17 57 3
17 25 7
17 30 6
18 0 9
18 1 9
18 36 10
18 37 10
18 38 3
18 42 8
18 44 1
18 53 6
18 24 6
18 26 5
18 29 6
19 33 5
19 35 4
19 4 10
19 38 5
19 8 3
19 9 8
19 14 9
19 47 9
19 52 9
19 53 1
19 23 9
20 32 6
20 34 5
20 4 6
20 7 3
20 43 1
20 44 9
20 46 10
20 50 6
20 51 1
20 22 5
20 55 3
20 24 10
20 39 2
20 26 7
20 36 9
20 31 4
21 33 8
21 34 8
21 35 4
21 37 3
21 38 9
21 7 5
21 40 2
21 41 6
21 10 6
21 43 9
21 46 7
21 48 8
21 54 2
21 9 6
21 25 9
21 58 5
22 33 9
22 3 8
22 40 4
22 6 5
22 7 8
22 8 2
22 43 3
22 46 6
22 11 10
22 49 10
22 20 8
22 57 9
22 24 2
22 25 5
22 55 5
22 37 10
23 1 9
23 3 9
23 4 9
23 40 5
23 10 8
23 44 4
23 45 5
23 47 3
23 16 1
23 24 5
23 50 1
23 19 6
23 54 9
23 56 3
23 57 8
23 28 9
24 32 6
24 35 9
24 42 9
24 43 2
24 29 5
24 13 6
24 45 3
24 18 2
24 51 3
24 20 8
24 22 4
24 23 1
24 26 1
24 59 9
24 58 4
25 32 8
25 49 1
25 41 7
25 42 2
25 15 5
25 48 6
25 17 3
25 51 1
25 52 4
25 21 7
25 22 3
25 55 9
25 56 8
25 58 5
25 30 4
25 53 10
26 32 1
26 35 3
26 36 5
26 38 8
26 39 9
26 8 1
26 9 2
26 45 10
26 47 4
26 40 8
26 18 8
26 20 2
26 56 7
26 24 7
26 28 9
26 30 8
27 32 8
27 1 7
27 35 4
27 4 3
27 37 9
27 38 7
27 33 10
27 48 2
27 50 2
27 51 1
27 52 4
27 54 4
27 55 3
27 36 6
27 28 4
27 30 8
28 34 1
28 35 4
28 36 3
28 37 6
28 39 6
28 40 9
28 7 4
28 45 5
28 46 7
28 15 5
28 16 1
28 23 1
28 26 1
28 27 1
28 58 9
28 31 8
29 34 2
29 37 6
29 39 5
29 8 1
29 42 1
29 43 6
29 45 1
29 24 3
29 18 5
29 51 10
29 40 9
29 56 5
29 57 9
29 58 2
29 59 5
30 32 9
30 4 7
30 49 1
30 41 2
30 43 3
30 46 3
30 47 9
30 48 3
30 17 5
30 25 2
30 57 1
30 55 5
30 36 4
30 26 6
30 27 2
30 31 5
31 2 5
31 7 10
31 40 8
31 41 7
31 42 8
31 11 9
31 34 9
31 14 3
31 48 4
31 51 8
31 20 7
31 46 9
31 39 8
31 59 9
31 28 8
31 30 1
32 33 1
32 3 4
32 4 10
32 7 10
32 41 4
32 42 8
32 47 8
32 48 7
32 51 7
32 20 8
32 54 1
32 24 8
32 25 5
32 26 4
32 27 4
32 30 4
33 36 2
33 37 9
33 38 1
33 42 5
33 46 2
33 14 7
33 48 9
33 49 1
33 19 2
33 21 5
33 22 3
33 56 4
33 4 5
33 58 6
33 27 8
34 3 7
34 37 9
34 17 2
34 40 9
34 45 3
34 47 8
34 49 7
34 50 8
34 20 3
34 21 1
34 54 3
34 56 7
34 28 5
34 29 4
34 31 9
35 38 10
35 40 10
35 12 1
35 44 3
35 21 4
35 46 9
35 19 10
35 52 6
35 53 3
35 24 8
35 58 6
35 27 6
35 28 4
35 26 1
35 51 10
36 59 10
36 40 5
36 42 8
36 45 2
36 46 5
36 16 4
36 18 7
36 20 6
36 54 7
36 56 10
36 58 3
36 27 4
36 28 9
36 26 8
36 30 4
37 34 7
37 59 9
37 39 3
37 43 10
37 46 3
37 15 3
37 48 9
37 18 8
37 21 7
37 22 10
37 56 3
37 57 10
37 27 1
37 28 6
37 29 4
38 13 2
38 43 1
38 18 8
38 19 6
38 21 2
38 55 5
38 56 7
38 57 7
38 26 5
38 27 3
39 0 5
39 2 10
39 37 8
39 9 5
39 43 8
39 12 3
39 46 10
39 15 4
39 49 6
39 51 9
39 52 9
39 20 1
39 26 1
39 28 5
39 29 5
39 31 4
40 1 1
40 34 1
40 35 10
40 36 1
40 8 4
40 11 2
40 45 1
40 50 3
40 51 8
40 21 1
40 22 3
40 23 10
40 26 5
40 28 2
40 29 5
40 31 6
41 32 1
41 45 7
41 9 3
41 42 1
41 13 10
41 47 6
41 16 3
41 50 3
41 21 5
41 54 7
41 56 2
41 25 3
41 58 4
41 10 3
41 30 8
41 31 8
42 41 5
42 46 4
42 47 8
42 48 7
42 17 2
42 18 1
42 24 1
42 25 4
42 29 4
42 31 8
43 59 10
43 22 9
43 38 4
43 39 8
43 7 9
43 45 7
43 50 1
43 51 7
43 20 1
43 21 4
43 54 10
43 24 3
43 37 6
43 29 4
43 30 2
43 5 7
44 35 1
44 4 2
44 10 5
44 55 2
44 12 2
44 13 8
44 45 10
44 18 3
44 3 7
44 20 3
44 53 10
44 54 6
44 23 9
44 56 1
44 59 4
45 43 5
45 36 1
45 40 2
45 41 6
45 23 6
45 44 1
45 16 2
45 26 2
45 54 6
45 55 6
45 24 6
45 58 4
45 59 1
45 28 3
45 29 9
46 0 5
46 1 2
46 35 9
46 36 9
46 37 6
46 39 5
46 42 1
46 7 9
46 16 7
46 20 7
46 21 6
46 22 2
46 33 4
46 28 1
46 30 3
46 31 4
47 32 8
47 51 9
47 2 8
47 5 10
47 7 2
47 41 7
47 42 6
47 11 9
47 12 4
47 34 9
47 19 6
47 52 8
47 23 5
47 57 9
47 26 4
47 30 10
48 32 3
48 33 2
48 27 6
48 37 1
48 42 6
48 13 4
48 15 6
48 50 1
48 25 10
48 21 5
48 54 6
48 55 2
48 57 1
48 31 6
48 30 2
48 53 2
49 34 10
49 3 4
49 33 3
49 6 10
49 39 9
49 54 10
49 12 7
49 16 8
49 53 5
49 22 7
49 57 1
49 25 6
49 58 3
49 59 8
49 30 5
50 34 2
50 27 1
50 5 10
50 40 3
50 41 6
50 10 3
50 11 10
50 12 8
50 48 9
50 17 3
50 20 8
50 53 7
50 43 8
50 23 10
50 59 3
51 59 2
51 39 2
51 40 9
51 9 8
51 43 7
51 47 3
51 24 2
51 35 10
51 20 10
51 55 7
51 56 10
51 25 10
51 27 6
51 29 8
51 31 1
52 2 8
52 35 6
52 4 7
52 5 7
52 6 10
52 39 3
52 47 3
52 12 6
52 13 9
52 14 2
52 15 1
52 16 9
52 19 3
52 57 5
52 25 6
52 27 1
53 2 3
53 35 6
53 6 3
53 17 7
53 10 8
53 44 6
53 50 10
53 15 7
53 48 3
53 49 8
53 18 7
53 19 10
53 56 4
53 25 5
53 59 4
54 32 10
54 100000 100
54 34 5
54 36 5
54 5 10
54 49 1
54 41 8
54 10 3
54 43 8
54 44 8
54 45 5
54 15 2
54 48 6
54 17 1
54 21 8
54 23 4
54 100001 100
54 27 6
55 0 2
55 100002 100
55 6 2
55 38 8
55 10 3
55 44 8
55 13 1
55 14 4
55 45 2
55 48 9
55 17 6
55 51 3
55 20 10
55 22 9
55 25 8
55 27 5
55 30 7
56 100000 100
56 33 2
56 34 5
56 100003 100
56 36 2
56 37 9
56 38 2
56 7 9
56 8 4
56 41 10
56 44 4
56 100002 100
56 51 2
56 53 7
56 23 6
56 25 5
56 26 2
56 100001 100
56 29 5
56 5 9
57 100000 100
57 2 2
57 100004 100
57 37 1
57 38 5
57 49 2
57 11 7
57 13 5
57 47 5
57 48 7
57 17 7
57 52 10
57 22 4
57 23 4
57 58 4
57 29 6
57 30 3
57 5 3
58 100002 100
58 35 1
58 36 3
58 100001 100
58 41 8
58 12 9
58 45 5
58 100004 100
58 15 5
58 49 5
58 100003 100
58 25 9
58 21 9
58 9 2
58 24 1
58 57 1
58 59 9
58 28 6
58 29 2
-2 2 100
-2 4 100
-5 0 100
-5 2 100
-5 4 100
-4 0 100
-4 1 100
-4 2 100
-3 0 100
-3 2 100
-3 5 100
-1 3 100
-1 5 100
