0 1 4
0 34 3
0 3 2
0 36 4
0 5 3
0 38 5
0 39 5
0 42 2
0 13 4
0 15 3
0 16 4
0 49 3
0 25 5
0 33 3
0 27 4
1 32 2
1 35 3
1 4 5
1 41 3
1 12 2
1 46 1
1 47 2
1 48 3
1 17 5
1 19 1
1 14 2
1 24 1
1 25 1
1 29 5
2 33 2
2 35 3
2 36 1
2 37 1
2 8 1
2 47 1
2 10 5
2 11 4
2 13 4
2 15 2
2 21 2
2 9 5
2 31 5
2 28 2
2 5 4
3 32 4
3 35 2
3 6 5
3 7 2
3 12 1
3 45 4
3 14 1
3 16 2
3 18 2
3 23 2
3 25 2
3 28 2
3 29 3
3 31 3
4 33 1
4 5 5
4 6 1
4 9 2
4 10 1
4 43 1
4 45 5
4 15 5
4 16 2
4 17 2
4 20 4
4 22 1
4 23 1
4 25 5
5 6 1
5 9 1
5 42 4
5 45 1
5 46 2
5 47 3
5 49 2
5 19 3
5 24 4
5 36 3
5 28 3
5 30 1
6 7 1
6 40 2
6 43 5
6 12 1
6 14 3
6 27 2
6 8 2
6 46 1
6 25 3
6 31 1
6 30 4
6 37 5
7 36 5
7 9 4
7 44 4
7 17 1
7 18 5
7 35 3
7 20 2
7 21 1
7 23 5
7 24 3
7 26 1
7 29 3
7 30 1
8 33 1
8 39 2
8 41 5
8 10 1
8 44 1
8 12 5
8 49 1
8 18 3
8 9 1
8 23 5
8 24 2
8 25 2
8 31 1
9 32 4
9 34 3
9 41 5
9 11 3
9 12 4
9 13 4
9 14 1
9 19 3
9 21 5
9 39 3
10 34 5
10 27 3
10 37 1
10 38 3
10 40 5
10 44 4
10 14 3
10 15 3
10 18 4
10 19 2
10 21 2
10 47 2
11 48 2
11 34 2
11 37 2
11 38 4
11 12 3
11 13 3
11 14 3
11 16 4
11 17 3
11 18 5
11 20 5
11 25 5
11 30 4
12 32 1
12 34 2
12 43 4
12 44 1
12 13 3
12 14 2
12 17 3
12 46 4
12 31 2
13 48 5
13 43 5
13 47 4
13 16 2
13 19 4
13 22 3
13 25 3
13 27 3
13 28 1
13 30 2
14 34 2
14 36 5
14 15 4
14 48 1
14 17 5
14 24 3
14 28 4
14 29 4
15 33 1
15 38 3
15 40 5
15 41 4
15 43 1
15 34 1
15 46 1
15 20 4
15 26 3
15 31 5
16 37 3
16 42 1
16 46 4
16 45 5
16 48 3
16 43 3
16 19 4
16 20 1
16 21 5
16 26 2
17 34 2
17 38 3
17 44 4
17 45 2
17 22 3
17 25 4
17 26 4
17 27 3
17 31 1
18 37 1
18 38 3
18 39 2
18 44 2
18 48 5
18 49 3
18 21 1
18 23 2
18 28 2
18 42 2
19 32 5
19 39 2
19 42 1
19 43 1
19 46 4
19 23 5
19 24 3
19 25 2
19 26 1
20 33 4
20 35 1
20 36 1
20 38 1
20 39 5
20 26 1
20 47 1
20 31 4
21 32 3
21 37 1
21 47 1
21 22 1
21 41 2
21 29 3
21 31 4
22 37 5
22 38 3
22 39 5
22 40 3
22 41 3
22 44 1
22 46 1
22 23 1
22 30 2
23 32 1
23 36 3
23 37 2
23 46 5
23 28 4
23 29 1
24 36 3
24 38 3
24 39 5
24 40 3
24 26 3
24 29 2
24 30 2
25 34 2
25 45 5
25 27 3
26 40 1
26 42 5
26 46 1
26 48 5
26 27 3
26 29 3
27 32 4
27 35 5
27 41 3
27 45 1
27 47 5
27 49 5
28 32 3
28 35 2
28 40 3
28 45 4
28 47 3
28 48 1
29 37 1
29 38 2
29 45 4
29 48 2
29 30 2
30 36 1
30 41 2
30 46 3
30 47 4
30 49 1
31 36 2
31 37 1
31 47 4
31 49 3
32 35 1
32 38 4
32 43 2
32 49 3
33 35 4
33 37 1
33 41 2
33 44 3
33 45 1
33 46 5
33 49 3
34 39 1
34 40 4
34 41 3
34 42 1
35 42 2
35 43 4
35 44 2
35 49 2
36 39 4
36 40 2
36 48 3
37 46 3
38 40 4
38 44 5
39 42 1
39 49 3
39 41 3
40 41 4
40 42 4
40 45 5
41 43 2
42 47 3
42 48 5
42 49 1
43 44 1
43 48 4
43 47 3
44 100002 50
44 100004 50
44 45 2
44 48 1
44 100001 50
45 100002 50
45 100004 50
45 49 5
45 100003 50
46 100000 50
46 100004 50
47 100003 50
47 100001 50
48 49 5
49 100002 50
49 100000 50
49 100001 50
-2 0 50
-2 4 50
-2 5 50
-5 3 50
-5 4 50
-4 0 50
-4 2 50
-3 1 50
-3 2 50
-3 3 50
-1 4 50
-1 5 50
