0 33 9
0 2 10
0 54 4
0 7 5
0 9 2
0 10 1
0 11 9
0 12 1
0 18 1
0 15 5
0 50 7
0 22 9
0 23 4
0 24 10
0 26 9
0 27 10
0 29 7
1 48 6
1 2 3
1 4 6
1 5 8
1 8 9
1 15 10
1 42 6
1 11 8
1 46 5
1 47 6
1 16 9
1 40 3
1 18 8
1 51 2
1 53 3
1 26 5
1 59 5
2 3 9
2 36 1
2 5 1
2 7 6
2 8 6
2 42 7
2 43 2
2 12 10
2 14 6
2 48 5
2 17 4
2 50 1
2 51 6
2 26 5
2 27 8
3 33 2
3 54 8
3 9 1
3 43 4
3 12 9
3 45 7
3 14 3
3 47 1
3 18 5
3 46 6
3 22 4
3 26 8
3 29 2
3 13 9
3 30 10
3 31 3
4 54 3
4 6 5
4 39 3
4 40 8
4 47 8
4 10 9
4 11 4
4 8 6
4 13 8
4 15 7
4 45 7
4 48 6
4 17 1
4 20 6
4 22 4
4 27 8
4 5 3
5 32 8
5 35 4
5 10 9
5 43 8
5 13 2
5 46 6
5 15 1
5 48 10
5 18 10
5 14 4
5 24 4
5 27 4
5 42 1
5 31 7
6 35 9
6 37 1
6 38 9
6 39 1
6 41 4
6 11 2
6 44 4
6 13 3
6 46 5
6 17 5
6 18 3
6 14 5
6 24 2
6 57 8
6 26 6
6 27 6
6 30 8
7 33 2
7 27 1
7 44 4
7 45 9
7 46 6
7 47 10
7 17 6
7 20 2
7 21 3
7 25 3
7 58 6
7 59 10
7 28 10
7 29 2
7 31 4
8 32 10
8 34 5
8 37 1
8 39 5
8 42 9
8 12 2
8 13 1
8 46 3
8 15 2
8 16 3
8 51 1
8 53 4
8 25 10
8 29 10
9 35 10
9 41 3
9 44 4
9 18 1
9 14 7
9 47 5
9 49 5
9 50 1
9 51 2
9 46 6
9 22 10
9 23 6
9 26 10
9 29 9
9 30 6
10 33 8
10 19 10
10 32 3
10 42 10
10 16 3
10 18 10
10 51 5
10 52 10
10 21 2
10 54 3
10 23 7
10 24 7
10 58 4
10 27 5
11 33 9
11 38 9
11 48 4
11 42 10
11 44 3
11 45 8
11 15 4
11 16 6
11 18 8
11 19 10
11 20 9
11 58 3
11 59 7
12 37 5
12 49 3
12 41 7
12 43 9
12 15 5
12 17 8
12 50 3
12 51 1
12 52 6
12 23 7
12 25 1
12 26 1
12 28 10
13 40 6
13 42 3
13 47 8
13 48 1
13 51 8
13 20 8
13 56 7
13 25 10
13 26 4
13 59 6
13 28 1
13 30 1
14 33 4
14 36 8
14 42 8
14 44 4
14 45 4
14 46 8
14 48 8
14 24 3
14 52 6
14 53 2
14 56 3
14 28 3
15 39 10
15 44 5
15 43 2
15 46 8
15 48 9
15 18 2
15 35 1
15 22 7
15 59 1
15 29 8
16 19 10
16 43 1
16 47 6
16 45 8
16 59 7
16 17 4
16 50 4
16 51 6
16 22 8
16 23 4
16 26 5
16 27 8
16 29 3
17 32 5
17 35 8
17 40 2
17 42 4
17 39 6
17 45 1
17 52 3
17 53 5
17 54 7
17 55 10
17 24 2
18 36 10
18 38 9
18 29 5
18 48 4
18 49 2
18 23 1
18 25 8
18 42 8
19 59 6
19 36 2
19 38 10
19 43 7
19 45 10
19 48 9
19 56 3
19 50 1
19 35 2
19 53 9
19 24 10
19 27 3
19 42 10
19 21 10
20 33 8
20 34 1
20 41 9
20 53 10
20 54 4
20 57 7
20 59 1
20 28 10
20 31 7
21 32 10
21 33 8
21 34 10
21 54 9
21 40 10
21 39 3
21 22 6
21 55 7
21 56 9
21 57 6
22 37 8
22 25 4
22 58 1
22 28 5
22 29 5
22 30 3
23 39 2
23 44 2
23 42 6
23 46 1
23 47 9
23 49 3
23 53 10
24 33 3
24 34 5
24 35 2
24 36 8
24 55 7
24 30 4
25 33 8
25 34 5
25 50 4
25 36 7
25 43 5
25 54 5
25 31 6
26 45 4
26 47 10
26 53 7
26 30 5
27 41 2
27 54 6
27 57 4
27 37 7
28 34 4
28 39 1
28 41 1
28 47 10
28 45 4
28 57 8
28 52 6
29 50 8
29 53 8
29 55 6
29 57 8
30 37 10
30 41 10
30 45 10
30 55 9
30 59 4
30 31 7
31 36 9
31 40 6
31 44 9
31 46 4
31 53 1
31 54 7
31 58 8
32 43 1
32 52 4
32 55 7
32 56 9
32 57 2
32 58 4
32 59 4
32 37 8
33 49 1
33 50 1
33 56 2
34 39 8
34 41 4
34 43 9
34 40 1
34 50 2
34 55 9
34 59 6
35 38 4
35 40 2
35 43 4
35 46 4
35 48 3
35 56 3
36 50 7
36 49 5
36 56 2
36 54 8
36 57 9
36 58 5
37 59 3
37 47 6
37 52 8
37 54 9
37 55 7
37 58 7
38 40 5
38 45 6
38 49 2
38 53 1
38 55 3
38 56 1
38 57 5
38 58 6
39 41 3
39 44 9
39 47 7
39 40 8
40 52 9
40 55 3
40 57 8
41 51 7
41 52 5
41 53 2
41 57 2
42 45 1
43 49 7
43 56 4
44 49 1
44 51 9
44 52 3
44 56 8
45 49 5
46 48 3
47 57 1
48 52 3
49 51 7
49 54 3
49 57 4
49 58 7
50 53 4
50 58 7
51 58 1
51 59 1
52 55 2
52 56 4
53 55 6
54 100000 100
54 100002 100
54 100004 100
54 100001 100
55 100000 100
55 100001 100
55 56 2
55 58 10
56 100002 100
56 100003 100
56 100000 100
57 100003 100
58 100003 100
58 100004 100
59 100002 100
-2 0 100
-2 1 100
-2 2 100
-5 2 100
-5 3 100
-5 4 100
-4 1 100
-4 2 100
-4 4 100
-3 1 100
-3 3 100
-3 4 100
-1 0 100
-1 2 100
-1 4 100
