0 32 3
0 1 4
0 34 2
0 3 2
0 9 5
0 10 2
0 2 5
0 46 5
0 13 2
0 17 1
0 18 5
0 51 1
0 22 3
0 29 3
1 2 2
1 5 3
1 8 3
1 9 4
1 10 2
1 11 3
1 44 2
1 13 1
1 17 2
1 52 2
1 22 5
1 29 4
1 30 4
2 33 1
2 4 5
2 37 2
2 38 3
2 8 4
2 41 2
2 11 5
2 14 2
2 15 2
2 9 1
2 26 2
2 5 3
3 4 3
3 5 4
3 13 2
3 14 1
3 16 3
3 17 3
3 20 5
3 25 2
3 57 3
3 28 4
3 37 2
3 30 4
3 52 5
4 32 4
4 37 3
4 6 5
4 39 4
4 10 4
4 46 5
4 15 3
4 48 3
4 14 1
4 22 2
4 55 4
4 24 2
5 36 4
5 6 5
5 8 1
5 9 1
5 11 4
5 44 1
5 45 2
5 47 3
5 49 1
5 18 4
5 19 2
6 36 2
6 7 5
6 8 2
6 10 1
6 13 4
6 46 2
6 16 4
6 17 4
6 23 3
6 56 2
6 58 2
6 28 2
6 29 2
7 32 4
7 33 3
7 34 4
7 37 5
7 39 3
7 40 2
7 42 1
7 45 4
7 14 4
7 49 5
7 55 2
7 57 4
7 58 3
7 28 4
8 35 2
8 9 2
8 42 1
8 11 3
8 13 1
8 47 4
8 16 4
8 17 1
8 18 3
8 29 3
9 35 5
9 36 1
9 39 3
9 10 5
9 11 1
9 48 2
9 52 4
9 25 4
9 28 3
10 34 5
10 12 2
10 14 3
10 19 4
10 20 5
10 23 1
10 56 5
10 27 4
10 31 5
11 33 5
11 34 5
11 39 4
11 12 2
11 13 2
11 22 4
11 55 4
11 58 3
11 54 1
12 33 4
12 36 4
12 39 4
12 41 4
12 43 4
12 18 4
12 46 3
12 47 2
12 50 5
12 19 2
12 53 2
12 31 4
13 27 4
13 42 4
13 15 3
13 52 5
13 53 4
13 57 5
13 59 3
13 31 1
14 44 3
14 15 4
14 48 5
14 50 1
14 52 4
14 21 2
14 54 1
14 29 4
14 30 2
15 32 2
15 59 4
15 37 1
15 29 1
15 47 5
15 50 1
15 26 4
15 27 2
15 58 3
15 30 5
16 33 3
16 35 1
16 41 2
16 45 1
16 46 5
16 56 3
16 51 4
16 53 3
16 54 2
16 23 3
16 24 2
17 32 4
17 35 2
17 37 2
17 43 2
17 18 3
17 53 3
17 57 2
17 38 4
17 31 4
18 36 2
18 48 1
18 51 3
18 52 5
18 53 1
18 24 5
18 58 5
18 28 3
18 21 4
19 33 5
19 34 2
19 36 1
19 40 5
19 43 3
19 52 4
19 55 1
19 56 1
19 57 4
19 28 3
19 31 5
20 34 1
20 35 5
20 40 5
20 45 2
20 52 4
20 54 2
20 25 4
21 38 2
21 42 4
21 48 5
21 22 3
21 58 2
21 30 3
21 31 2
22 38 5
22 45 3
22 53 1
22 23 5
23 40 1
23 44 2
23 50 2
23 53 3
23 59 2
24 41 4
24 42 4
24 47 2
24 49 1
24 51 4
24 30 4
25 39 4
25 43 3
25 49 2
25 50 3
25 55 5
25 56 4
26 36 2
26 40 3
26 47 4
26 48 5
26 57 3
26 58 5
26 30 4
27 32 1
27 44 3
27 52 5
27 53 3
27 56 3
27 29 4
28 40 2
28 41 5
28 46 3
29 37 2
29 44 1
30 38 5
30 44 3
31 51 5
31 41 2
31 56 2
32 43 1
32 51 4
32 57 2
33 48 2
33 35 5
33 47 2
34 44 1
34 45 3
34 50 5
35 42 2
35 50 3
35 58 5
36 38 4
36 56 4
37 48 5
37 59 4
38 40 1
38 45 4
38 59 2
39 49 3
39 50 1
39 51 2
40 51 4
40 44 1
41 43 1
41 46 1
41 57 2
42 56 1
42 50 1
42 59 2
43 49 4
43 45 1
43 59 2
44 46 1
45 54 2
46 47 3
46 53 1
47 54 5
48 51 1
49 57 5
49 54 3
49 55 4
50 55 2
51 55 1
52 54 2
53 58 3
54 100001 50
54 55 5
54 59 4
55 100004 50
55 100002 50
55 58 1
55 59 5
56 100000 50
56 100001 50
56 100002 50
56 100004 50
57 100000 50
57 100004 50
57 100003 50
57 100001 50
58 100000 50
58 100002 50
59 100003 50
-2 0 50
-2 1 50
-5 3 50
-4 3 50
-4 4 50
-3 3 50
-3 5 50
-1 2 50
-1 3 50
