0 1 3
0 2 10
0 3 6
0 4 1
0 5 8
0 6 9
0 7 8
0 8 4
0 9 7
0 10 6
0 11 3
0 12 8
0 13 9
0 14 1
0 15 10
0 16 10
0 17 6
0 18 10
0 19 10
0 27 1
0 31 4
0 46 7
0 55 8
0 56 8
0 57 6
1 2 2
1 3 10
1 4 5
1 5 7
1 6 7
1 7 5
1 8 8
1 9 9
1 11 4
1 12 6
1 13 8
1 14 5
1 15 8
1 16 8
1 17 3
1 18 7
1 19 3
1 32 10
1 37 9
1 39 1
1 44 10
1 46 9
1 47 3
1 56 9
2 3 3
2 4 1
2 7 9
2 8 5
2 9 10
2 10 10
2 12 10
2 13 1
2 14 5
2 15 3
2 16 4
2 17 8
2 18 8
2 19 8
2 30 2
2 31 9
2 34 3
2 40 6
2 44 7
2 47 5
2 53 4
2 54 10
2 56 10
3 4 8
3 5 5
3 6 7
3 7 10
3 8 6
3 9 3
3 10 6
3 12 8
3 13 7
3 14 8
3 15 3
3 16 2
3 18 10
3 19 7
3 21 1
3 23 5
3 24 1
3 28 9
3 31 2
3 46 7
3 51 2
3 57 5
4 5 3
4 6 7
4 8 2
4 9 4
4 12 7
4 13 4
4 14 4
4 16 6
4 17 5
4 19 10
4 21 6
4 28 2
4 32 7
4 33 1
4 40 4
4 41 2
4 42 4
4 43 8
4 45 8
4 46 7
4 47 5
5 6 8
5 7 3
5 8 4
5 9 7
5 10 4
5 11 7
5 12 8
5 13 2
5 14 5
5 16 8
5 18 1
5 19 1
5 20 8
5 25 10
5 28 2
5 29 5
5 36 6
5 41 5
5 47 3
5 48 7
5 53 7
6 7 9
6 8 4
6 9 10
6 10 3
6 11 1
6 12 5
6 13 4
6 14 1
6 15 2
6 16 9
6 17 8
6 18 7
6 19 6
6 27 7
6 31 5
6 33 8
6 34 5
6 35 7
6 52 4
6 58 10
7 8 2
7 9 9
7 10 1
7 11 4
7 12 1
7 13 6
7 14 3
7 15 3
7 16 9
7 17 6
7 18 3
7 19 10
7 22 3
7 27 3
7 36 4
7 38 5
7 41 7
7 42 9
7 43 2
8 9 9
8 10 7
8 11 4
8 12 6
8 13 1
8 14 3
8 15 6
8 16 4
8 17 8
8 18 3
8 19 9
8 26 9
8 37 6
8 38 7
8 39 2
8 42 5
8 53 9
9 10 2
9 11 6
9 13 10
9 14 9
9 15 10
9 16 1
9 17 6
9 18 8
9 19 4
9 22 5
9 26 10
9 36 4
9 43 8
9 44 9
9 50 10
9 58 6
10 11 2
10 12 6
10 13 10
10 14 1
10 15 10
10 16 6
10 17 5
10 19 9
10 20 8
10 22 8
10 27 7
10 31 1
10 34 9
10 49 1
10 50 8
10 53 8
10 54 4
11 12 9
11 13 3
11 14 1
11 15 4
11 16 9
11 17 2
11 19 8
11 21 3
11 23 7
11 29 3
11 30 2
11 38 7
11 41 4
11 47 3
11 48 9
11 52 5
11 58 6
12 13 5
12 14 7
12 15 10
12 16 3
12 17 9
12 18 3
12 19 6
12 23 1
12 27 1
12 28 4
12 51 2
12 52 6
12 56 9
12 57 4
13 14 10
13 16 6
13 17 2
13 18 5
13 19 9
13 27 10
13 29 7
13 34 2
13 38 7
13 45 5
13 52 1
13 57 2
14 15 3
14 16 6
14 17 1
14 18 3
14 19 8
14 35 9
14 39 6
14 46 9
14 55 9
14 56 8
14 57 1
15 16 4
15 17 9
15 18 1
15 19 4
15 23 9
15 32 6
15 33 9
15 39 4
15 44 10
15 49 6
15 51 1
15 56 2
15 57 1
16 17 3
16 18 2
16 19 3
16 22 9
16 25 6
16 32 5
16 40 1
16 45 5
16 59 8
17 18 7
17 19 7
17 20 2
17 23 2
17 28 5
17 29 10
17 34 7
17 51 10
17 54 1
17 59 9
18 19 4
18 29 5
18 37 10
18 38 1
18 49 10
18 51 8
18 53 5
18 55 5
18 56 5
18 59 2
19 21 5
19 29 10
19 46 5
19 50 5
19 51 6
19 59 8
20 33 6
20 38 8
20 40 6
20 49 4
20 51 3
20 54 2
21 43 2
21 45 10
21 48 2
21 25 10
21 28 10
22 40 3
22 43 7
22 24 8
22 58 10
22 31 5
23 35 9
23 50 9
23 24 2
23 30 6
24 37 4
24 39 6
24 41 2
24 45 1
24 47 8
24 30 3
25 35 8
25 48 8
25 49 8
25 52 4
25 26 6
25 59 3
26 32 8
26 33 2
26 34 10
26 36 8
26 44 2
26 46 7
27 32 5
27 49 6
27 59 8
28 43 6
28 47 6
28 49 5
29 33 8
29 36 4
29 45 5
30 32 4
30 35 5
30 37 6
30 39 4
30 55 3
31 33 9
31 37 10
31 59 9
32 55 10
32 36 8
33 42 10
33 50 9
34 36 6
34 39 2
34 48 10
35 36 3
35 41 1
35 42 5
35 59 10
36 57 9
37 48 3
37 54 3
37 57 6
38 40 6
38 44 8
38 47 5
39 49 7
39 59 5
40 43 9
40 55 10
40 58 1
41 45 10
41 53 3
41 56 1
42 44 10
42 52 5
42 53 9
42 58 7
43 54 5
43 55 10
44 50 4
44 55 8
45 52 2
45 55 1
46 52 6
46 54 10
47 51 4
48 54 4
48 58 6
48 53 2
49 57 4
50 52 3
50 53 7
50 58 8
51 56 8
52 56 7
53 58 3
54 100001 100
54 100004 100
54 100002 100
54 58 8
55 57 1
56 57 2
57 100000 100
57 100001 100
57 100003 100
57 100004 100
58 100000 100
58 100002 100
58 100003 100
59 100000 100
59 100002 100
59 100003 100
-2 0 100
-2 1 100
-2 2 100
-5 3 100
-5 4 100
-4 2 100
-4 3 100
-4 4 100
-3 1 100
-3 3 100
-3 5 100
-1 1 100
-1 3 100
-1 4 100
