0 5 5
0 7 5
0 8 9
0 44 3
0 45 10
0 21 1
0 24 9
0 26 8
0 28 10
1 32 3
1 2 9
1 42 9
1 12 8
1 13 9
1 45 6
1 20 8
1 22 4
1 29 6
2 3 3
2 4 1
2 7 10
2 41 7
2 42 7
2 47 7
2 10 7
2 31 10
3 33 7
3 2 6
3 35 7
3 40 6
3 9 9
3 44 8
3 23 2
3 26 7
3 28 7
4 40 2
4 11 3
4 12 4
4 34 1
4 15 9
4 24 5
4 26 3
4 30 6
5 35 7
5 36 2
5 10 6
5 46 3
5 25 8
5 26 2
5 28 5
5 29 5
6 37 8
6 10 3
6 11 9
6 14 1
6 16 7
6 46 1
6 23 5
6 25 6
6 26 4
7 32 10
7 2 3
7 38 9
7 39 9
7 42 8
7 48 5
7 29 7
7 30 7
8 33 5
8 41 2
8 11 8
8 46 10
8 48 2
8 17 10
8 18 5
8 25 7
9 39 3
9 43 7
9 12 2
9 13 5
9 18 2
9 21 9
9 22 10
9 23 7
10 36 2
10 5 4
10 6 5
10 40 4
10 13 10
10 17 4
10 23 8
10 29 10
11 32 6
11 4 5
11 6 2
11 8 6
11 43 3
11 12 4
11 19 6
11 24 3
11 25 3
12 1 6
12 35 10
12 4 5
12 9 4
12 11 2
12 18 2
12 19 5
12 21 9
12 28 1
13 40 3
13 9 7
13 10 3
13 44 10
13 18 6
13 20 6
13 22 3
13 23 3
14 36 9
14 37 10
14 6 7
14 47 7
14 16 10
14 49 6
14 21 7
14 22 8
14 30 8
15 34 7
15 4 6
15 42 2
15 18 10
15 22 3
15 24 3
15 26 6
15 28 8
15 31 7
16 38 3
16 17 1
16 14 1
16 48 10
16 49 1
16 22 2
16 28 1
16 37 7
17 32 7
17 34 2
17 39 6
17 8 3
17 10 4
17 16 5
17 49 10
17 22 9
17 24 10
18 37 3
18 38 7
18 8 9
18 9 5
18 12 8
18 13 2
18 46 9
18 15 3
18 48 8
19 32 7
19 33 10
19 43 1
19 11 5
19 12 2
19 20 8
19 27 4
19 30 8
19 31 9
20 1 2
20 34 4
20 36 2
20 33 1
20 39 8
20 41 10
20 13 6
20 46 5
20 19 9
20 22 5
20 25 10
20 27 4
20 28 7
20 29 5
20 30 5
20 37 4
21 32 8
21 35 5
21 9 10
21 42 9
21 43 4
21 12 1
21 45 9
21 46 3
21 47 6
21 41 1
21 14 7
21 22 9
21 23 8
21 28 6
21 30 2
22 1 2
22 40 4
22 41 5
22 46 5
22 44 7
22 13 8
22 14 2
22 45 9
22 16 7
22 17 10
22 20 6
22 21 2
22 9 4
22 15 6
22 28 7
22 29 2
23 34 2
23 3 10
23 36 9
23 37 8
23 6 10
23 38 3
23 9 7
23 10 10
23 13 3
23 35 7
23 21 2
23 41 4
23 24 4
23 27 7
23 28 8
23 29 10
24 32 7
24 36 6
24 38 2
24 40 8
24 15 3
24 11 6
24 45 1
24 47 9
24 48 7
24 17 8
24 23 3
24 4 3
24 26 1
24 27 3
24 29 9
25 35 3
25 5 9
25 6 7
25 49 8
25 8 6
25 38 5
25 11 6
25 45 5
25 48 9
25 43 8
25 20 10
25 26 7
25 27 6
25 28 4
25 29 6
25 37 4
26 33 3
26 3 5
26 4 5
26 5 9
26 6 2
26 39 9
26 47 9
26 42 10
26 15 10
26 49 6
26 35 3
26 24 3
26 25 7
26 27 6
26 31 2
27 34 10
27 36 1
27 38 6
27 40 6
27 41 7
27 45 7
27 46 2
27 49 10
27 19 3
27 20 3
27 23 10
27 24 8
27 25 5
27 26 4
27 30 1
27 31 6
28 3 1
28 5 2
28 42 2
28 12 3
28 47 7
28 16 5
28 35 3
28 20 1
28 21 2
28 22 6
28 23 10
28 25 4
28 15 8
28 29 9
28 31 5
29 32 7
29 1 1
29 34 4
29 36 1
29 5 10
29 38 6
29 7 9
29 10 2
29 43 5
29 44 5
29 20 8
29 22 9
29 23 5
29 24 4
29 25 3
29 28 9
30 32 1
30 33 1
30 35 2
30 4 9
30 7 8
30 40 8
30 42 4
30 46 4
30 44 9
30 14 2
30 47 10
30 19 2
30 20 5
30 21 6
30 27 2
30 31 7
31 32 10
31 33 10
31 2 5
31 35 8
31 40 1
31 42 1
31 45 7
31 44 3
31 34 2
31 46 3
31 15 10
31 19 6
31 26 7
31 27 8
31 28 10
31 30 1
32 35 6
32 33 8
32 38 10
32 7 10
32 11 1
32 46 7
32 48 4
32 17 8
32 19 10
32 21 10
32 24 10
32 49 6
32 29 7
32 30 4
32 31 7
33 36 2
33 37 8
33 39 5
33 8 4
33 41 2
33 43 4
33 46 3
33 47 7
33 48 7
33 19 3
33 20 2
33 26 3
33 30 5
33 31 9
34 37 7
34 38 10
34 41 1
34 43 5
34 44 3
34 45 3
34 46 8
34 15 6
34 17 4
34 20 5
34 23 5
34 36 4
34 27 8
34 29 7
34 31 7
35 36 5
35 5 4
35 39 3
35 44 5
35 42 10
35 12 4
35 48 3
35 21 9
35 23 10
35 25 4
35 26 5
35 28 2
35 30 5
35 31 1
36 39 1
36 10 8
36 43 7
36 14 6
36 29 7
36 48 5
36 49 3
36 20 7
36 23 10
36 24 6
36 27 2
36 42 10
37 38 1
37 40 3
37 41 9
37 43 8
37 45 6
37 14 2
37 47 7
37 16 10
37 49 10
37 18 2
37 20 1
37 23 4
37 25 5
38 48 1
38 41 7
38 39 2
38 45 5
38 47 6
38 16 5
38 18 5
38 23 3
38 24 9
38 25 8
38 27 3
38 29 2
39 40 10
39 9 9
39 43 8
39 44 9
39 46 2
39 47 8
39 48 9
39 49 9
39 20 4
39 17 10
39 26 5
40 43 8
40 44 3
40 13 5
40 47 5
40 49 2
40 22 7
40 24 3
40 27 7
40 42 6
40 30 2
40 31 8
41 42 8
41 43 5
41 45 2
41 46 3
41 48 6
41 20 8
41 21 8
41 22 7
41 23 9
41 27 10
42 7 4
42 40 2
42 41 2
42 44 7
42 15 10
42 49 3
42 21 8
42 26 8
42 47 10
42 28 9
42 30 10
42 31 2
43 44 3
43 45 1
43 49 10
43 19 8
43 21 2
43 41 10
43 25 8
43 29 3
44 100004 100
44 45 7
44 48 7
44 49 5
44 35 1
44 22 1
44 29 10
44 30 2
44 31 8
45 100003 100
45 100001 100
45 47 5
45 48 6
45 100000 100
45 21 7
45 22 4
45 24 8
45 25 5
45 27 9
45 31 9
46 33 6
46 34 4
46 100004 100
46 5 9
46 6 1
46 39 10
46 8 3
46 41 7
46 100002 100
46 100000 100
46 49 6
46 18 10
46 20 4
46 21 9
46 22 9
46 100001 100
46 27 2
46 30 3
46 31 5
47 100003 100
47 100004 100
47 48 8
47 49 8
47 100002 100
47 100001 100
47 30 6
48 100003 100
49 100002 100
-2 3 100
-2 4 100
-2 5 100
-5 2 100
-5 4 100
-5 5 100
-4 2 100
-4 3 100
-3 1 100
-3 3 100
-3 5 100
-1 2 100
-1 5 100
