0 1 5
0 2 1
0 11 4
0 5 3
0 6 4
0 7 2
0 8 1
0 12 5
0 42 4
0 43 4
0 44 2
0 13 3
0 14 2
0 15 3
0 16 4
0 18 5
0 9 4
0 21 2
0 23 2
0 24 1
0 28 4
1 32 2
1 2 5
1 35 4
1 4 1
1 6 1
1 7 1
1 8 5
1 9 5
1 10 5
1 11 4
1 14 3
1 15 4
1 16 2
1 18 3
1 19 4
1 20 2
1 21 5
1 24 3
1 36 2
1 26 1
2 33 3
2 3 3
2 4 3
2 6 5
2 38 1
2 9 1
2 42 2
2 11 4
2 12 4
2 14 5
2 15 5
2 16 5
2 17 4
2 18 4
2 19 5
2 23 5
2 25 5
2 10 2
2 5 5
3 48 3
3 11 4
3 36 1
3 5 1
3 38 1
3 7 5
3 8 4
3 43 2
3 12 4
3 46 4
3 47 2
3 16 5
3 17 5
3 18 4
3 19 3
3 20 4
3 22 4
3 4 3
3 6 4
3 27 4
4 5 4
4 6 2
4 8 1
4 9 5
4 10 2
4 11 3
4 12 4
4 13 5
4 14 4
4 15 2
4 48 2
4 17 5
4 18 1
4 19 4
4 34 4
4 23 4
4 27 4
4 16 5
5 32 5
5 6 4
5 39 4
5 40 5
5 9 4
5 11 3
5 44 4
5 13 1
5 12 1
5 15 1
5 16 3
5 17 1
5 18 4
5 21 2
5 22 1
5 7 1
5 31 3
6 17 3
6 39 1
6 9 5
6 10 2
6 7 4
6 12 3
6 13 3
6 15 4
6 11 5
6 43 1
6 19 4
6 21 1
6 26 2
6 42 1
6 30 4
7 19 5
7 16 3
7 39 2
7 8 5
7 9 4
7 10 5
7 11 5
7 44 2
7 14 5
7 15 5
7 48 1
7 17 5
7 35 4
7 27 3
7 28 2
7 29 2
8 34 3
8 36 2
8 37 4
8 39 2
8 10 2
8 12 1
8 45 4
8 47 5
8 48 3
8 17 4
8 20 4
8 21 3
8 25 1
8 26 5
8 29 5
8 31 2
9 34 4
9 37 2
9 40 1
9 10 5
9 11 2
9 12 1
9 13 5
9 17 4
9 18 3
9 19 4
9 24 3
9 15 2
9 29 1
9 30 5
10 35 5
10 37 1
10 44 1
10 12 5
10 15 2
10 16 5
10 17 2
10 18 1
10 19 4
10 20 5
10 21 4
10 22 5
10 24 2
10 29 4
11 33 3
11 37 4
11 41 5
11 12 1
11 13 1
11 14 4
11 15 2
11 16 2
11 17 4
11 18 4
11 19 4
11 24 3
12 16 1
12 36 4
12 40 2
12 43 5
12 14 5
12 17 5
12 19 5
12 25 2
12 26 5
12 28 3
12 31 5
13 32 5
13 34 2
13 43 1
13 39 4
13 46 4
13 15 3
13 16 2
13 17 3
13 18 4
13 35 4
13 23 2
13 25 4
13 26 4
13 47 5
13 28 2
14 34 1
14 43 5
14 41 3
14 44 1
14 15 2
14 16 2
14 17 5
14 19 3
14 21 2
14 22 5
14 23 3
14 26 5
14 27 3
14 28 1
15 33 3
15 43 1
15 44 5
15 45 3
15 48 5
15 17 5
15 18 1
15 19 2
15 27 1
16 38 2
16 41 5
16 44 3
16 45 2
16 17 4
16 18 1
16 19 4
16 29 2
16 31 2
17 34 2
17 42 4
17 44 4
17 48 5
17 19 4
17 20 4
18 37 2
18 38 2
18 39 5
18 40 1
18 42 4
18 43 1
18 45 4
18 49 3
18 19 1
19 42 5
19 47 1
19 48 4
19 49 4
19 29 1
19 30 3
20 33 3
20 24 1
20 27 5
20 30 4
21 40 5
21 25 4
22 33 5
22 39 2
22 40 5
22 49 5
22 28 1
23 34 3
23 45 4
23 25 1
23 28 5
24 32 4
24 42 5
24 31 2
25 38 4
25 47 1
25 40 4
26 33 2
26 41 5
26 48 3
27 32 4
27 39 5
27 28 5
28 38 5
29 33 1
29 46 5
29 49 3
30 34 5
30 37 5
30 40 4
30 49 1
30 41 5
31 35 2
31 42 4
31 45 3
31 46 4
32 35 5
32 33 3
32 41 2
32 46 2
33 35 2
34 45 2
35 46 3
35 47 3
36 41 1
36 42 3
36 44 5
36 45 4
36 47 4
37 40 3
37 49 4
37 41 2
38 45 1
38 46 2
38 47 2
39 46 4
40 41 3
41 47 3
42 48 1
43 49 1
44 100000 50
44 100003 50
45 100002 50
46 100001 50
46 100002 50
46 49 5
47 100004 50
48 100000 50
48 100002 50
48 100003 50
48 49 2
48 100004 50
49 100001 50
49 100003 50
49 100004 50
-2 0 50
-2 1 50
-5 0 50
-5 4 50
-4 1 50
-4 4 50
-4 5 50
-3 1 50
-3 2 50
-3 3 50
-1 0 50
-1 3 50
-1 5 50
