0 2 2
0 7 8
0 8 4
0 11 1
0 15 9
0 48 8
0 19 10
0 53 4
0 22 8
0 56 7
0 26 10
0 29 8
1 6 3
1 10 10
1 43 6
1 44 10
1 45 8
1 24 4
1 19 7
1 56 9
1 25 10
1 58 3
1 30 4
1 31 5
2 32 2
2 36 6
2 41 3
2 42 6
2 45 9
2 17 10
2 52 8
2 54 2
2 23 9
2 57 9
2 10 1
3 34 4
3 38 8
3 12 10
3 44 3
3 45 9
3 15 5
3 48 3
3 52 8
3 24 6
3 25 6
3 59 3
3 31 8
4 33 7
4 34 10
4 45 5
4 46 10
4 15 2
4 16 9
4 18 2
4 20 9
4 21 7
4 57 2
4 27 4
4 31 8
5 32 9
5 35 10
5 9 6
5 42 3
5 11 8
5 13 1
5 17 6
5 20 10
5 21 7
5 23 6
5 28 2
5 10 2
6 33 3
6 8 8
6 41 6
6 11 6
6 12 10
6 15 8
6 16 2
6 21 4
6 7 6
6 30 10
6 31 3
7 38 8
7 49 2
7 8 6
7 10 6
7 44 4
7 13 10
7 17 4
7 20 2
7 53 8
7 29 10
8 37 5
8 40 6
8 11 6
8 12 6
8 13 9
8 14 3
8 19 1
8 26 6
8 31 1
9 32 10
9 34 10
9 36 2
9 12 9
9 46 6
9 47 7
9 52 3
9 54 5
9 23 10
9 27 4
9 31 6
10 47 3
10 48 4
10 51 6
10 22 4
10 55 5
10 28 2
10 30 3
10 37 5
11 34 8
11 35 5
11 43 9
11 49 3
11 24 8
11 56 3
11 57 1
11 58 4
12 59 10
12 37 9
12 17 3
12 54 10
12 23 5
12 57 7
12 27 8
12 29 3
13 16 7
13 33 3
13 43 1
13 46 9
13 15 4
13 48 8
13 18 6
13 39 8
13 30 8
14 38 10
14 23 4
14 45 9
14 46 7
14 15 1
14 50 2
14 22 3
14 55 5
14 56 8
14 58 5
14 26 3
15 36 2
15 39 10
15 42 10
15 49 10
15 35 4
15 54 8
16 32 10
16 34 4
16 50 1
16 37 9
16 23 1
16 18 4
16 57 6
16 55 6
16 25 9
17 32 8
17 37 5
17 47 3
17 49 4
17 20 6
17 22 7
17 26 7
17 30 1
18 35 6
18 38 6
18 40 4
18 41 6
18 20 1
18 56 6
18 36 10
18 58 1
18 59 2
19 35 5
19 33 8
19 27 7
19 24 6
19 53 7
19 55 4
19 56 7
19 59 4
19 31 5
20 37 1
20 38 3
20 47 2
20 54 4
20 24 7
21 33 3
21 6 3
21 41 9
21 47 3
21 49 2
21 52 8
21 24 7
21 57 2
22 39 4
22 47 1
22 48 5
22 53 6
22 56 5
22 58 9
23 53 6
23 55 9
23 29 7
23 30 7
24 36 2
24 50 10
24 52 1
24 28 9
25 32 4
25 40 5
25 42 4
25 43 6
25 44 3
25 50 9
25 54 4
26 35 2
26 39 5
26 59 9
26 52 9
26 57 1
26 27 1
27 45 8
27 50 2
27 41 6
27 59 2
27 31 8
28 39 7
28 41 7
28 44 2
28 46 8
28 55 6
28 58 10
28 29 10
29 46 2
29 47 1
29 51 1
29 54 9
29 31 7
30 33 1
30 49 3
30 42 6
30 52 9
31 36 8
32 38 4
32 41 8
32 47 2
32 56 4
33 51 2
33 37 3
33 36 7
33 59 9
34 39 4
34 45 8
34 49 9
34 53 2
34 54 7
35 51 4
35 40 1
35 46 1
35 52 9
36 39 3
36 48 2
36 55 5
37 40 6
37 51 7
37 59 4
38 41 4
38 43 7
38 48 6
38 50 9
39 44 9
39 50 8
39 58 4
40 46 4
40 55 8
40 56 5
40 57 9
40 59 8
41 47 7
41 58 9
42 45 1
42 49 4
42 52 8
42 54 2
42 57 7
43 44 9
43 45 6
43 50 3
43 53 9
43 58 10
44 46 5
44 48 6
44 57 1
45 51 9
46 50 1
47 55 4
48 51 2
48 53 6
49 58 5
49 53 10
50 52 10
51 54 7
51 56 3
51 59 6
52 59 10
53 55 10
54 100000 100
54 100004 100
54 100002 100
55 100002 100
55 100003 100
56 100004 100
56 100001 100
56 100000 100
57 100001 100
57 100003 100
58 100004 100
58 100001 100
59 100000 100
59 100003 100
-2 1 100
-2 2 100
-2 4 100
-5 3 100
-5 5 100
-4 0 100
-4 1 100
-4 4 100
-3 4 100
-3 5 100
-1 0 100
-1 1 100
-1 5 100
