0 1 1
0 2 4
0 3 3
0 5 1
0 38 4
0 39 5
0 8 5
0 9 5
0 10 4
0 7 1
0 12 1
0 14 3
0 19 4
0 20 4
0 24 4
0 27 4
0 29 5
1 32 4
1 35 5
1 4 4
1 38 1
1 39 2
1 9 4
1 10 2
1 11 1
1 13 3
1 15 5
1 17 3
1 18 4
1 19 5
1 22 5
1 23 4
1 29 4
2 3 1
2 4 5
2 5 4
2 6 4
2 39 4
2 8 4
2 9 2
2 12 3
2 15 2
2 17 3
2 18 1
2 21 5
2 22 3
2 24 3
2 25 2
2 29 5
3 35 3
3 36 1
3 6 1
3 7 3
3 8 3
3 9 3
3 10 3
3 11 3
3 13 4
3 17 2
3 18 1
3 19 5
3 26 5
3 28 5
3 30 3
4 32 5
4 33 1
4 6 3
4 39 3
4 11 1
4 12 2
4 13 5
4 15 5
4 16 1
4 17 1
4 19 1
4 24 2
4 25 4
4 28 2
4 31 1
5 33 3
5 36 1
5 8 1
5 9 3
5 11 3
5 12 3
5 14 4
5 16 2
5 17 3
5 19 2
5 20 5
5 21 3
5 22 5
5 28 5
5 29 2
6 33 4
6 34 3
6 37 5
6 39 4
6 11 5
6 2 2
6 16 3
6 18 5
6 19 2
6 20 4
6 22 3
6 23 4
6 7 3
6 25 2
6 31 1
7 33 5
7 32 1
7 39 1
7 9 2
7 10 2
7 12 2
7 13 1
7 14 4
7 16 4
7 18 5
7 23 3
7 25 1
7 29 4
7 30 1
8 19 3
8 34 1
8 36 4
8 38 5
8 9 2
8 11 2
8 13 4
8 17 2
8 18 4
8 35 2
8 2 5
8 28 2
8 29 3
8 31 4
9 33 1
9 38 3
9 10 1
9 11 2
9 12 1
9 13 4
9 16 1
9 18 5
9 19 3
9 30 1
10 36 4
10 37 4
10 38 5
10 12 3
10 14 1
10 15 5
10 16 5
10 17 5
10 18 4
10 19 3
10 27 5
10 28 4
11 32 1
11 34 4
11 12 3
11 14 3
11 15 2
11 16 1
11 18 1
11 20 4
11 21 1
11 26 5
12 32 4
12 33 2
12 38 5
12 14 5
12 17 3
12 18 2
12 19 5
12 24 3
12 26 5
13 32 4
13 34 3
13 39 3
13 15 2
13 16 2
13 17 3
13 18 1
13 19 3
13 21 1
13 25 5
13 30 4
14 37 4
14 38 1
14 15 4
14 18 3
14 19 1
14 21 1
14 23 2
14 24 1
14 26 2
14 27 2
14 30 5
15 35 3
15 38 4
15 39 1
15 18 2
15 19 2
15 26 1
15 27 3
15 28 3
15 29 4
15 30 5
16 32 5
16 35 4
16 38 4
16 17 3
16 19 1
16 21 5
16 25 5
16 6 2
16 27 3
16 30 1
17 34 1
17 18 4
17 19 1
17 20 4
17 24 2
17 25 5
17 26 5
18 37 3
18 33 1
18 28 3
19 35 4
19 31 2
20 32 3
20 37 5
20 24 1
20 26 2
21 37 5
21 23 1
21 24 4
22 32 4
22 36 5
22 37 3
22 5 5
22 29 5
22 31 1
23 34 4
23 26 1
23 27 2
23 31 1
24 27 4
25 33 1
25 27 5
26 34 1
27 36 2
28 36 5
28 31 2
29 37 2
30 35 2
30 37 5
31 34 3
31 35 2
32 35 5
33 34 2
34 100003 50
34 100004 50
35 100000 50
35 36 3
35 100003 50
36 100000 50
36 100001 50
36 100002 50
36 100004 50
36 39 2
37 100000 50
37 100002 50
38 100002 50
38 100003 50
38 100004 50
39 100001 50
-2 2 50
-2 5 50
-5 3 50
-5 4 50
-4 1 50
-4 3 50
-3 2 50
-3 3 50
-3 5 50
-1 1 50
-1 5 50
