0 1 1
0 2 6
0 11 5
0 5 2
0 6 6
0 7 4
0 8 7
0 12 6
0 42 1
0 43 9
0 44 5
0 13 10
0 14 2
0 15 4
0 16 2
0 18 1
0 9 6
0 21 10
0 23 1
0 24 6
0 28 10
1 32 3
1 2 10
1 35 4
1 4 3
1 6 8
1 7 1
1 8 4
1 9 5
1 10 8
1 11 9
1 14 8
1 15 9
1 16 2
1 18 4
1 19 6
1 20 8
1 21 9
1 24 4
1 36 4
1 26 1
2 33 4
2 3 7
2 4 5
2 6 10
2 38 10
2 1 2
2 9 5
2 42 9
2 11 4
2 12 8
2 14 1
2 15 7
2 16 8
2 17 1
2 18 4
2 19 3
2 23 5
2 25 4
2 10 5
2 5 1
3 48 4
3 11 10
3 36 3
3 5 9
3 38 10
3 7 3
3 8 4
3 43 6
3 12 7
3 46 10
3 47 1
3 16 8
3 17 4
3 18 3
3 19 10
3 20 1
3 22 7
3 4 4
3 6 3
3 27 8
4 5 7
4 6 6
4 8 8
4 9 6
4 10 4
4 11 8
4 12 4
4 13 5
4 14 7
4 15 6
4 48 7
4 17 1
4 18 5
4 19 3
4 34 1
4 23 1
4 27 1
4 16 8
5 32 7
5 6 2
5 39 3
5 40 9
5 9 6
5 11 3
5 44 10
5 13 8
5 12 2
5 15 1
5 16 4
5 17 8
5 18 2
5 21 5
5 22 6
5 7 8
5 31 7
6 17 4
6 39 2
6 9 3
6 10 1
6 7 5
6 12 4
6 13 10
6 15 3
6 11 8
6 43 1
6 19 6
6 21 4
6 26 6
6 42 9
6 30 5
7 19 7
7 16 10
7 39 1
7 8 6
7 9 2
7 10 7
7 11 2
7 44 9
7 14 8
7 15 3
7 48 9
7 17 2
7 35 3
7 27 1
7 28 7
7 29 6
7 5 1
8 34 4
8 36 10
8 37 3
8 39 2
8 10 2
8 7 2
8 12 10
8 45 7
8 47 9
8 48 2
8 17 8
8 20 1
8 21 2
8 25 10
8 26 8
8 29 2
8 4 4
8 31 3
9 34 7
9 37 3
9 40 9
9 10 5
9 11 4
9 12 1
9 13 10
9 17 6
9 18 10
9 19 4
9 24 3
9 15 3
9 29 6
9 30 5
10 35 5
10 37 9
10 44 3
10 12 8
10 15 9
10 16 2
10 17 10
10 18 2
10 19 4
10 20 4
10 21 10
10 22 4
10 24 4
10 29 10
11 33 9
11 37 7
11 41 6
11 12 6
11 13 2
11 14 8
11 15 10
11 16 2
11 17 4
11 18 3
11 19 1
11 24 1
12 16 10
12 36 7
12 40 5
12 43 7
12 14 9
12 17 2
12 19 9
12 25 3
12 26 8
12 28 2
12 31 5
13 32 6
13 34 4
13 43 5
13 39 5
13 46 5
13 15 7
13 16 3
13 17 9
13 18 8
13 35 4
13 23 7
13 25 4
13 26 3
13 47 6
13 28 5
14 34 2
14 43 2
14 41 3
14 44 6
14 15 4
14 16 2
14 17 8
14 19 3
14 21 3
14 22 3
14 23 8
14 26 4
14 27 7
14 28 1
15 33 10
15 43 10
15 44 1
15 45 2
15 48 6
15 17 8
15 18 7
15 19 1
15 27 5
16 38 3
16 41 8
16 44 9
16 45 3
16 17 9
16 18 6
16 19 6
16 29 4
16 31 2
17 34 2
17 42 3
17 44 8
17 48 9
17 19 1
17 20 8
18 37 9
18 38 5
18 39 8
18 40 4
18 42 7
18 43 1
18 45 1
18 49 1
18 19 8
19 42 9
19 47 8
19 48 4
19 49 5
19 29 6
19 30 4
20 33 2
20 24 7
20 27 5
20 30 9
21 40 7
21 25 9
22 33 7
22 39 4
22 40 7
22 49 9
22 28 2
23 34 7
23 45 7
23 25 7
23 28 10
24 32 6
24 42 7
24 31 4
25 38 3
25 47 1
25 40 9
26 33 10
26 41 6
26 48 3
27 32 5
27 39 8
27 28 1
28 38 5
29 33 7
29 46 3
29 49 1
30 34 3
30 37 10
30 40 1
30 49 5
30 41 10
31 35 3
31 42 5
31 45 2
31 46 10
32 35 1
32 33 1
32 41 7
32 46 8
33 35 8
34 45 10
35 46 5
35 47 7
36 41 10
36 42 10
36 44 2
36 45 4
36 47 9
37 40 7
37 49 10
37 41 8
38 45 10
38 46 8
38 47 3
39 46 2
40 42 2
41 47 7
42 49 10
43 49 1
44 100000 100
44 100001 100
45 100003 100
45 100002 100
45 100004 100
46 100004 100
46 49 4
46 100003 100
47 100001 100
47 100002 100
47 100004 100
48 100001 100
48 49 7
49 100002 100
-2 2 100
-2 3 100
-5 1 100
-5 2 100
-5 4 100
-4 1 100
-4 3 100
-4 5 100
-3 1 100
-3 3 100
-1 3 100
-1 5 100
