0 32 4
0 2 2
0 3 2
0 4 4
0 7 4
0 8 2
0 9 5
0 10 2
0 11 2
0 44 5
0 13 5
0 12 5
0 15 2
0 16 1
0 17 4
0 18 2
0 19 4
0 20 4
0 25 3
0 29 1
1 3 5
1 36 2
1 5 4
1 6 3
1 7 5
1 8 1
1 10 5
1 43 5
1 12 4
1 13 4
1 14 2
1 16 2
1 17 1
1 18 2
1 19 4
1 52 3
1 54 3
1 4 1
1 59 1
1 31 1
2 33 4
2 34 1
2 3 5
2 4 2
2 5 1
2 6 5
2 17 3
2 40 3
2 9 1
2 10 3
2 11 3
2 12 3
2 13 1
2 14 4
2 15 1
2 16 2
2 8 1
2 19 2
2 29 4
3 11 2
3 4 2
3 37 1
3 38 5
3 7 1
3 9 1
3 43 1
3 12 3
3 14 1
3 15 5
3 16 4
3 17 4
3 18 1
3 19 5
3 22 3
3 25 4
3 6 1
4 36 5
4 5 1
4 6 5
4 7 3
4 9 5
4 10 5
4 11 5
4 12 3
4 13 3
4 14 1
4 15 3
4 16 1
4 49 1
4 18 5
4 52 2
4 17 1
5 6 1
5 7 3
5 8 2
5 9 5
5 10 1
5 43 4
5 12 2
5 13 3
5 14 5
5 15 1
5 16 4
5 17 3
5 18 2
5 19 1
5 54 5
5 45 2
5 28 5
6 32 4
6 33 4
6 8 3
6 9 5
6 10 5
6 11 4
6 12 4
6 50 1
6 14 2
6 16 4
6 18 3
6 19 5
6 22 4
6 55 2
6 26 3
7 19 1
7 9 5
7 10 1
7 11 5
7 12 1
7 13 4
7 14 5
7 15 3
7 16 4
7 17 1
7 18 4
7 51 3
7 20 3
7 54 3
7 25 3
8 17 1
8 9 3
8 10 4
8 11 3
8 46 3
8 15 3
8 16 4
8 24 3
8 18 4
8 19 1
8 14 2
8 55 2
8 56 4
8 23 2
8 26 5
9 16 1
9 44 3
9 10 3
9 11 4
9 12 3
9 13 5
9 14 1
9 15 4
9 48 5
9 17 5
9 18 3
9 19 3
10 11 1
10 17 2
10 12 5
10 13 2
10 14 3
10 16 3
10 49 3
10 18 1
10 19 5
10 21 3
10 55 3
11 19 4
11 35 1
11 12 2
11 13 2
11 14 3
11 47 3
11 16 4
11 17 3
11 24 5
11 15 5
11 31 1
12 41 3
12 13 2
12 14 1
12 15 5
12 16 5
12 17 5
12 18 3
12 26 4
12 42 5
13 36 1
13 51 3
13 40 1
13 15 2
13 16 1
13 17 1
13 19 3
13 57 1
13 56 4
13 39 3
14 15 5
14 16 2
14 17 2
14 18 5
14 19 2
14 58 3
14 27 1
14 31 2
15 48 5
15 17 1
15 18 4
15 19 5
15 52 4
15 53 5
15 23 3
15 28 5
16 46 2
16 17 4
16 18 3
16 21 1
16 59 2
17 39 2
17 18 3
17 19 3
17 28 5
18 34 4
18 49 1
18 19 4
18 46 2
18 24 2
19 50 4
19 22 4
19 23 1
19 27 1
20 49 5
20 55 2
21 58 5
21 23 4
22 40 5
23 43 5
24 27 5
25 30 1
25 47 5
26 35 4
27 53 1
28 51 3
29 53 2
29 47 3
30 32 5
30 57 1
30 54 3
30 47 2
31 59 5
32 56 4
33 51 2
33 52 5
34 48 2
34 58 1
35 45 4
35 39 4
36 48 2
37 50 2
37 42 3
37 38 3
38 41 3
38 50 2
39 59 2
40 41 5
41 57 1
42 43 3
42 46 3
43 49 5
44 56 3
44 57 1
45 58 3
45 53 3
46 51 2
47 55 1
48 50 5
49 56 2
50 57 4
51 54 4
52 53 1
53 55 1
54 100000 50
54 100002 50
55 100000 50
55 100003 50
56 100001 50
56 100003 50
57 100001 50
57 100002 50
57 100004 50
58 100004 50
59 100002 50
59 100003 50
-2 2 50
-2 4 50
-2 5 50
-5 1 50
-5 2 50
-4 1 50
-4 5 50
-3 0 50
-3 1 50
-3 5 50
-1 2 50
-1 3 50
-1 5 50
