0 33 8
0 34 5
0 35 3
0 37 5
0 48 5
0 8 1
0 42 3
0 11 1
0 12 7
0 15 10
0 16 8
0 40 7
0 3 10
0 20 6
0 24 1
0 7 3
0 47 9
0 30 6
1 33 4
1 2 9
1 3 7
1 4 2
1 6 1
1 49 8
1 42 9
1 44 9
1 34 4
1 14 1
1 48 4
1 17 3
1 10 6
1 19 6
1 24 8
1 27 4
1 29 8
1 31 8
2 34 5
2 4 7
2 6 5
2 38 1
2 39 4
2 10 3
2 11 2
2 45 1
2 46 6
2 16 8
2 17 5
2 19 7
2 20 7
2 24 4
2 27 4
2 5 4
2 31 8
3 0 6
3 1 10
3 4 6
3 37 7
3 38 9
3 8 6
3 12 5
3 10 1
3 11 1
3 44 4
3 45 9
3 14 3
3 15 2
3 17 1
3 22 5
3 6 9
3 47 6
3 31 8
4 32 7
4 1 7
4 2 6
4 34 5
4 36 8
4 37 6
4 3 4
4 41 8
4 12 1
4 45 5
4 13 7
4 17 3
4 19 2
4 21 5
4 22 5
4 23 1
4 26 9
4 28 7
5 34 9
5 36 2
5 6 8
5 7 2
5 8 9
5 10 3
5 44 4
5 2 2
5 45 1
5 16 3
5 17 8
5 19 8
5 26 5
5 15 4
5 28 3
5 13 9
5 30 10
5 31 7
6 1 2
6 34 2
6 11 8
6 5 1
6 7 2
6 8 4
6 12 7
6 42 3
6 43 10
6 44 7
6 2 1
6 14 10
6 48 2
6 17 4
6 3 4
6 25 7
6 28 6
6 10 5
7 35 9
7 5 4
7 6 9
7 17 5
7 8 7
7 10 8
7 12 3
7 13 6
7 46 2
7 47 9
7 16 8
7 49 3
7 18 2
7 19 9
7 20 1
7 40 3
7 15 7
8 3 8
8 36 5
8 6 9
8 38 2
8 7 2
8 40 8
8 10 8
8 11 4
8 12 7
8 13 1
8 14 5
8 45 3
8 16 8
8 18 9
8 46 9
8 25 5
8 5 4
9 32 6
9 35 4
9 36 3
9 37 3
9 38 9
9 39 4
9 41 6
9 10 6
9 43 8
9 44 3
9 45 7
9 14 10
9 49 3
9 18 9
9 42 5
9 17 2
9 26 6
9 29 1
10 1 7
10 2 9
10 35 4
10 17 9
10 5 2
10 6 1
10 39 1
10 8 10
10 9 1
10 42 2
10 7 4
10 12 8
10 11 1
10 43 6
10 3 9
10 27 1
10 16 3
10 31 7
11 34 7
11 3 2
11 36 7
11 6 7
11 49 10
11 8 8
11 41 4
11 10 9
11 39 9
11 12 1
11 2 6
11 14 2
11 15 8
11 16 9
11 17 5
11 26 8
11 28 1
12 0 7
12 16 8
12 3 8
12 4 6
12 6 8
12 7 3
12 40 1
12 10 2
12 11 5
12 13 10
12 14 8
12 47 5
12 48 1
12 8 3
12 18 3
12 21 10
12 25 2
12 26 9
13 4 5
13 5 8
13 7 9
13 8 6
13 42 7
13 12 8
13 14 1
13 15 2
13 19 6
13 22 6
13 24 8
13 25 9
13 26 2
13 47 5
13 28 9
13 29 8
13 30 3
13 31 10
14 1 1
14 45 1
14 3 5
14 36 10
14 6 6
14 38 3
14 8 8
14 9 1
14 42 8
14 11 4
14 12 8
14 13 7
14 15 8
14 18 9
14 21 7
14 22 4
14 27 4
14 30 9
15 32 7
15 0 7
15 35 6
15 5 7
15 19 5
15 39 5
15 40 1
15 41 6
15 43 6
15 13 8
15 14 2
15 16 10
15 11 6
15 18 6
15 3 9
15 21 2
15 46 1
15 7 4
16 0 2
16 17 6
16 2 10
16 36 1
16 5 2
16 38 10
16 7 8
16 40 5
16 10 2
16 11 7
16 12 8
16 15 9
16 8 7
16 18 3
16 19 8
16 21 1
16 22 4
16 25 8
17 1 3
17 2 10
17 3 10
17 4 6
17 5 7
17 6 5
17 7 2
17 40 10
17 9 10
17 10 6
17 11 8
17 16 9
17 18 10
17 19 1
17 48 6
17 24 4
17 26 7
17 27 8
18 33 1
18 12 6
18 7 3
18 8 9
18 9 9
18 42 8
18 43 3
18 44 1
18 45 8
18 14 9
18 47 3
18 16 9
18 17 3
18 20 7
18 22 3
18 25 5
18 15 9
18 30 8
19 33 2
19 34 10
19 36 2
19 5 9
19 16 6
19 7 7
19 41 5
19 1 4
19 2 9
19 13 7
19 47 10
19 48 3
19 17 10
19 21 7
19 22 3
19 4 9
19 15 9
19 30 4
20 2 3
20 36 2
20 38 2
20 39 6
20 43 10
20 46 3
20 18 2
20 22 8
20 7 2
20 26 4
21 4 9
21 40 2
21 44 8
21 12 9
21 14 5
21 15 3
21 16 4
21 19 7
21 23 2
21 26 4
21 29 2
22 16 7
22 34 5
22 3 6
22 4 10
22 13 3
22 14 7
22 48 10
22 18 8
22 19 7
22 20 10
22 23 6
23 38 1
23 40 7
23 41 5
23 45 10
23 46 10
23 21 10
23 22 3
23 28 2
23 30 7
23 31 2
24 0 4
24 1 7
24 2 7
24 35 9
24 37 7
24 38 7
24 43 2
24 45 8
24 13 4
24 48 6
24 17 7
25 33 4
25 35 9
25 37 8
25 6 3
25 8 7
25 42 4
25 12 8
25 13 4
25 16 3
25 18 9
25 29 3
26 33 10
26 4 10
26 37 3
26 9 9
26 11 3
26 12 6
26 13 7
26 17 3
26 20 2
26 21 9
26 5 5
27 32 5
27 1 7
27 2 1
27 36 2
27 33 9
27 10 3
27 14 3
27 49 4
27 17 2
27 46 1
27 31 6
28 34 3
28 4 9
28 38 6
28 6 5
28 39 3
28 41 9
28 11 2
28 13 9
28 47 5
28 23 8
28 5 4
29 32 9
29 33 9
29 1 5
29 9 4
29 13 2
29 47 4
29 48 9
29 49 5
29 21 1
29 25 2
29 30 1
30 32 2
30 0 10
30 35 10
30 5 8
30 44 7
30 13 4
30 14 6
30 18 2
30 19 10
30 23 10
30 29 3
31 32 6
31 1 4
31 2 7
31 3 9
31 5 8
31 39 2
31 10 10
31 13 4
31 49 3
31 23 6
31 27 10
32 33 4
32 35 2
32 4 6
32 9 10
32 43 2
32 15 2
32 49 7
32 27 5
32 29 1
32 30 9
32 31 3
33 41 2
33 46 3
33 18 5
33 19 8
33 25 1
33 26 10
33 27 10
33 29 8
34 1 4
34 2 2
34 4 7
34 5 1
34 6 10
34 11 4
34 19 2
34 22 4
34 28 1
34 37 7
35 37 6
35 7 1
35 9 2
35 10 10
35 46 8
35 15 5
35 24 4
35 25 5
35 30 4
36 5 8
36 8 7
36 9 4
36 11 5
36 14 5
36 16 8
36 19 1
36 20 2
36 41 7
36 27 4
37 0 5
37 34 8
37 35 6
37 4 3
37 39 2
37 9 4
37 43 2
37 3 5
37 24 10
37 25 8
37 26 1
38 2 4
38 3 8
38 8 2
38 9 2
38 44 10
38 14 9
38 16 2
38 20 2
38 23 6
38 24 5
38 28 7
39 2 4
39 11 7
39 37 2
39 9 3
39 10 4
39 43 10
39 15 8
39 20 2
39 28 1
39 42 9
39 31 10
40 0 8
40 7 2
40 8 8
40 12 7
40 44 6
40 47 2
40 16 1
40 17 7
40 21 4
40 23 7
40 15 8
41 46 6
41 49 5
41 19 7
41 23 7
41 4 9
41 28 6
42 0 6
42 1 7
42 6 3
42 39 1
42 9 5
42 10 10
42 13 2
42 14 10
42 48 9
42 18 5
42 25 6
43 37 7
43 6 6
43 39 5
43 9 9
43 10 6
43 15 2
43 49 3
43 18 2
43 20 4
43 24 6
44 100000 100
44 3 6
44 5 4
44 38 6
44 40 8
44 9 7
44 46 2
44 18 7
44 21 1
44 6 3
44 30 8
45 100001 100
45 2 3
45 3 8
45 4 10
45 5 1
45 8 1
45 9 4
45 100002 100
45 14 4
45 48 9
45 18 1
45 100003 100
45 23 5
45 24 7
46 100000 100
46 100004 100
47 100000 100
47 3 10
47 100004 100
47 7 6
47 40 1
47 12 7
47 13 2
47 49 3
47 18 1
47 19 2
47 28 6
47 29 3
48 0 10
48 1 3
48 100002 100
48 6 4
48 100001 100
48 42 3
48 12 5
48 45 9
48 17 8
48 19 1
48 22 2
48 24 4
48 29 2
-2 0 100
-2 1 100
-2 3 100
-5 1 100
-5 4 100
-5 5 100
-4 1 100
-4 2 100
-4 4 100
-3 0 100
-3 2 100
-3 4 100
-1 0 100
-1 2 100
