0 32 4
0 1 3
0 2 5
0 3 3
0 6 7
0 7 3
0 8 6
0 9 2
0 12 8
0 13 6
0 16 6
0 34 2
0 21 9
0 25 1
0 26 3
0 28 8
1 34 1
1 3 10
1 37 2
1 6 4
1 7 10
1 39 9
1 12 6
1 15 8
1 11 8
1 19 9
1 20 3
1 22 6
1 26 1
1 28 10
1 5 9
2 32 6
2 34 3
2 3 4
2 36 9
2 37 1
2 8 5
2 10 6
2 13 6
2 14 1
2 16 7
2 17 2
2 19 5
2 20 6
2 21 1
2 30 10
3 5 6
3 7 10
3 8 4
3 12 9
3 13 8
3 16 2
3 18 8
3 19 7
3 22 6
3 23 10
3 25 4
3 27 6
3 31 5
4 32 10
4 33 8
4 35 1
4 36 4
4 37 6
4 9 4
4 10 3
4 11 2
4 13 9
4 14 5
4 18 3
4 22 8
4 25 9
4 27 10
4 29 2
4 5 7
5 32 2
5 8 5
5 13 6
5 14 6
5 16 5
5 18 6
5 19 8
5 24 7
5 26 8
5 27 8
5 29 1
5 30 2
5 31 3
6 35 6
6 36 6
6 33 1
6 10 1
6 11 7
6 13 4
6 14 3
6 18 9
6 21 2
6 22 8
6 23 6
6 25 9
6 26 4
6 27 5
7 34 3
7 38 3
7 39 3
7 9 7
7 10 7
7 11 2
7 12 1
7 13 4
7 15 10
7 17 2
7 18 7
7 20 3
7 28 5
8 33 8
8 36 9
8 38 9
8 12 4
8 14 7
8 15 7
8 18 8
8 19 9
8 24 2
8 26 1
8 29 3
8 30 5
9 32 5
9 36 4
9 38 3
9 10 7
9 11 9
9 12 9
9 13 1
9 14 1
9 16 7
9 17 2
9 19 3
9 21 4
9 23 7
10 34 8
10 39 10
10 13 2
10 15 7
10 16 9
10 17 5
10 18 8
10 21 9
10 22 9
10 25 6
10 30 9
11 35 9
11 39 5
11 12 4
11 13 4
11 15 4
11 16 1
11 19 8
11 20 4
11 25 3
11 28 10
11 30 6
12 33 6
12 34 8
12 35 6
12 39 7
12 13 4
12 17 9
12 20 1
12 23 4
12 25 10
13 18 6
13 19 6
13 22 6
13 28 3
13 31 5
14 32 2
14 33 8
14 38 7
14 39 5
14 17 1
14 19 6
14 36 8
14 27 1
14 29 3
14 30 6
15 34 9
15 35 5
15 38 4
15 16 2
15 18 2
15 21 7
15 22 10
15 24 5
15 26 8
15 27 9
15 31 9
16 33 5
16 36 9
16 17 8
16 23 3
16 24 5
16 26 5
16 28 6
16 29 1
17 32 5
17 37 8
17 38 2
17 39 2
17 18 5
17 20 3
17 25 6
17 28 6
17 29 10
18 32 9
18 38 2
18 39 4
18 19 5
18 22 8
18 30 3
19 36 10
19 37 9
19 20 9
19 25 10
19 28 6
19 31 1
20 37 4
20 24 5
20 31 8
21 33 2
21 24 5
21 28 7
21 31 4
22 23 3
22 24 1
23 34 4
23 35 5
23 26 7
23 29 10
24 34 6
24 30 6
24 37 4
25 27 1
26 35 6
26 33 3
27 37 6
27 38 7
27 31 9
28 36 3
29 36 4
29 37 6
29 31 8
30 33 4
30 34 1
31 35 3
32 39 2
32 37 7
33 38 3
34 100004 100
34 100002 100
34 100001 100
34 100000 100
35 100000 100
35 38 8
35 39 3
35 100004 100
36 100003 100
36 100002 100
37 100002 100
38 100000 100
38 100003 100
38 100001 100
39 100004 100
39 100001 100
-2 0 100
-2 1 100
-2 4 100
-5 3 100
-5 4 100
-5 5 100
-4 1 100
-4 5 100
-3 0 100
-3 1 100
-3 2 100
-1 0 100
-1 4 100
-1 5 100
