0 2 10
0 6 5
0 39 5
0 8 2
0 9 8
0 14 4
0 17 3
0 46 10
0 22 4
0 41 7
0 24 4
0 28 9
1 32 5
1 3 5
1 38 1
1 49 2
1 9 6
1 39 1
1 17 9
1 35 6
1 20 2
1 43 7
1 24 8
1 27 1
2 34 10
2 35 1
2 38 9
2 7 1
2 9 6
2 39 4
2 45 4
2 47 9
2 16 10
2 15 7
2 30 1
3 4 4
3 41 3
3 42 1
3 11 2
3 12 9
3 46 10
3 21 2
3 22 3
3 24 4
3 26 6
3 27 3
4 34 9
4 36 3
4 5 10
4 40 4
4 44 3
4 48 1
4 17 2
4 18 5
4 27 2
4 30 8
4 37 7
5 37 5
5 6 5
5 8 5
5 10 7
5 14 9
5 15 3
5 21 4
5 23 5
5 25 2
5 26 6
5 38 10
6 33 4
6 41 10
6 43 2
6 44 2
6 13 9
6 14 3
6 47 2
6 46 8
6 22 10
6 28 6
7 35 10
7 36 6
7 40 9
7 41 9
7 34 5
7 18 4
7 19 1
7 20 3
7 9 2
7 25 3
7 30 9
8 39 7
8 41 9
8 14 3
8 47 1
8 48 6
8 18 10
8 19 1
8 25 1
8 30 1
8 31 7
9 35 10
9 32 10
9 40 7
9 46 4
9 47 1
9 14 3
9 22 6
9 25 10
10 41 8
10 11 2
10 44 6
10 14 10
10 15 4
10 49 3
10 20 7
10 21 6
10 24 1
10 47 7
10 28 7
11 33 2
11 45 8
11 36 2
11 41 4
11 13 2
11 15 1
11 35 9
11 23 1
11 28 2
11 42 2
12 32 4
12 38 9
12 45 10
12 14 9
12 20 10
12 22 6
12 24 10
12 26 10
12 27 3
12 28 7
12 31 9
13 32 9
13 36 3
13 37 9
13 40 2
13 42 10
13 45 10
13 14 8
13 47 10
13 25 10
13 29 5
14 46 9
14 23 6
14 25 4
14 26 8
15 36 1
15 41 6
15 48 2
15 17 3
15 18 6
15 23 4
15 26 8
15 29 4
16 33 5
16 35 9
16 37 9
16 38 3
16 39 1
16 40 7
16 43 7
16 44 10
16 47 9
16 19 3
16 23 9
17 33 10
17 34 6
17 36 7
17 42 1
17 46 2
17 19 2
17 32 1
17 22 6
18 34 3
18 37 2
18 39 3
18 44 10
18 47 1
18 25 1
18 28 8
18 29 7
19 36 6
19 43 8
19 45 4
19 20 10
19 21 6
19 23 8
19 24 8
19 29 6
20 37 9
20 38 5
20 42 8
20 45 3
20 49 7
20 25 1
20 27 6
20 29 4
20 30 2
20 31 9
21 34 2
21 36 4
21 37 9
21 39 4
21 41 3
21 43 9
21 47 2
21 49 9
21 25 6
21 27 7
21 42 4
22 35 7
22 37 7
22 42 3
22 46 5
22 23 6
22 25 4
22 29 1
22 30 5
22 31 6
23 33 10
23 35 4
23 37 4
23 42 3
23 44 2
23 45 6
23 26 2
23 28 1
24 37 4
24 33 6
24 40 9
24 43 5
24 46 9
24 47 5
24 49 3
24 26 5
24 30 10
25 35 3
25 43 9
25 49 6
25 26 7
25 37 9
26 35 7
26 40 7
26 41 1
26 45 6
26 27 3
26 29 1
26 37 6
27 34 9
27 37 10
27 38 9
27 42 5
27 48 10
27 28 3
27 30 6
27 31 2
28 34 4
28 43 10
28 40 7
28 42 2
28 44 8
28 45 4
28 46 7
29 32 10
29 34 9
29 39 8
29 45 10
29 48 7
29 49 2
29 30 10
29 31 3
30 33 5
30 34 5
30 39 4
30 43 3
30 44 4
30 48 10
31 49 9
31 38 8
31 39 6
31 42 1
31 43 5
31 44 6
31 45 3
31 46 8
31 40 1
32 33 10
32 34 7
32 35 9
32 36 7
32 38 1
32 40 5
32 41 3
32 44 8
32 48 1
33 34 1
33 43 4
33 38 5
33 40 1
33 44 6
33 47 2
33 49 9
34 40 5
34 41 5
34 43 3
35 48 3
35 44 6
35 46 10
35 49 9
36 37 5
36 38 1
36 43 6
36 45 4
36 47 1
36 48 1
37 42 9
38 41 10
38 42 4
38 43 6
38 47 1
39 49 9
39 40 9
39 44 10
39 45 3
39 46 9
40 48 8
40 49 10
41 46 5
41 42 1
42 49 4
43 47 9
44 48 1
44 46 2
44 100003 100
44 100001 100
44 100000 100
45 100003 100
45 48 2
45 49 2
45 100002 100
45 100004 100
46 100001 100
46 100004 100
46 48 4
47 100000 100
47 48 2
47 100001 100
48 49 1
49 100000 100
-2 1 100
-2 5 100
-5 0 100
-5 1 100
-5 3 100
-4 1 100
-4 2 100
-4 5 100
-3 0 100
-3 1 100
-3 4 100
-1 1 100
