0 36 6
0 6 6
0 17 8
0 40 3
0 41 2
0 49 8
0 18 10
0 20 8
0 25 8
0 27 9
0 29 4
0 30 6
1 2 3
1 3 6
1 4 4
1 6 6
1 43 3
1 44 10
1 46 2
1 48 3
1 49 1
1 35 4
1 36 9
1 26 4
2 32 5
2 34 10
2 35 9
2 45 10
2 47 7
2 16 5
2 49 6
2 23 4
2 27 7
2 28 2
2 30 6
3 32 10
3 37 4
3 7 1
3 41 5
3 13 9
3 16 10
3 49 9
3 21 9
3 22 7
3 25 7
3 31 4
4 36 5
4 7 2
4 47 9
4 10 1
4 44 7
4 45 2
4 15 1
4 19 8
4 20 9
4 27 6
4 42 6
5 36 1
5 49 5
5 42 9
5 11 8
5 13 5
5 14 5
5 15 7
5 17 1
5 46 3
5 24 8
5 7 5
5 21 4
6 33 6
6 42 10
6 43 6
6 45 5
6 46 3
6 47 9
6 24 3
6 29 9
6 30 4
6 31 9
7 34 7
7 49 3
7 8 1
7 14 7
7 15 10
7 17 4
7 18 4
7 35 7
7 29 2
8 32 9
8 33 1
8 35 9
8 40 4
8 46 6
8 16 1
8 20 5
8 23 3
8 26 2
8 28 5
8 29 7
9 32 7
9 35 1
9 41 8
9 10 2
9 11 2
9 12 1
9 14 3
9 15 9
9 22 4
9 23 7
9 27 7
9 44 4
10 16 1
10 4 1
10 9 9
10 42 9
10 12 10
10 48 5
10 49 6
10 19 7
10 21 6
10 22 6
10 26 4
10 30 8
11 36 1
11 37 5
11 38 8
11 46 7
11 17 5
11 19 10
11 23 9
11 31 9
11 28 6
11 30 9
11 5 6
12 33 7
12 36 7
12 38 1
12 16 9
12 9 8
12 10 8
12 14 7
12 15 8
12 48 2
12 22 10
12 24 4
12 29 8
13 39 1
13 14 4
13 47 1
13 48 4
13 49 8
13 20 3
13 21 7
13 25 2
13 29 4
13 30 6
14 32 2
14 38 6
14 17 2
14 18 5
14 25 4
14 29 1
14 31 1
15 40 6
15 43 5
15 17 1
15 22 10
15 23 1
15 28 6
15 30 5
16 33 4
16 35 2
16 36 5
16 38 8
16 49 7
16 18 5
16 3 9
16 25 8
17 34 2
17 43 8
17 37 2
17 41 3
17 45 3
17 19 9
18 48 9
18 34 5
18 37 9
18 39 4
18 43 2
18 26 1
18 28 6
18 31 1
19 40 10
19 41 4
19 43 4
19 45 4
19 22 7
19 23 2
19 27 4
19 28 3
20 34 4
20 41 6
20 44 5
20 46 4
20 48 8
20 22 10
20 23 10
20 25 2
20 27 10
20 28 8
21 34 8
21 35 8
21 42 7
21 43 9
21 44 7
21 47 3
21 48 10
21 3 4
21 24 7
21 28 8
21 29 5
22 32 5
22 37 4
22 40 5
22 41 3
22 35 1
22 27 6
22 30 8
23 32 10
23 37 10
23 39 5
23 42 5
23 40 9
23 24 9
23 26 8
24 34 9
24 36 1
24 38 7
24 39 2
24 49 4
24 25 9
24 27 8
24 29 10
24 37 7
25 37 2
25 38 1
25 45 9
25 48 9
25 46 2
25 28 2
25 31 6
26 37 3
26 38 2
26 33 1
26 39 5
26 45 7
26 48 2
26 42 5
26 30 4
26 31 7
27 35 5
27 41 4
27 45 8
27 47 8
27 48 7
27 49 4
28 32 9
28 38 6
28 42 7
28 49 1
28 29 8
29 35 5
29 43 9
29 47 8
29 46 8
30 33 3
30 35 1
30 39 4
30 44 5
30 31 6
31 32 10
31 34 7
31 35 6
31 38 2
31 41 1
31 48 5
32 33 3
32 38 3
32 43 6
32 44 5
32 47 9
33 48 6
33 34 6
33 37 4
33 39 1
33 41 7
33 45 8
33 40 10
34 36 8
34 38 3
34 40 1
34 41 4
34 42 10
35 36 6
35 40 9
36 37 9
36 44 2
36 47 4
36 49 10
37 43 10
37 49 8
37 44 7
38 39 10
38 44 7
38 47 9
39 40 6
39 41 5
39 42 1
39 44 2
39 46 7
39 48 9
40 42 2
40 43 1
40 44 1
40 46 4
41 43 4
41 45 2
42 43 3
42 46 1
42 47 5
43 45 10
44 100002 100
44 100003 100
44 46 10
44 47 10
45 100000 100
45 100001 100
45 46 10
45 47 4
45 48 9
46 100004 100
46 47 7
46 100001 100
47 100000 100
47 100003 100
47 100002 100
48 100004 100
49 100002 100
-2 0 100
-2 2 100
-5 0 100
-5 1 100
-5 4 100
-4 1 100
-4 2 100
-3 2 100
-3 4 100
-3 5 100
-1 4 100
-1 5 100
