0 33 3
0 42 1
0 43 1
0 44 3
0 20 4
0 24 2
1 40 2
1 9 1
1 14 2
1 47 3
1 20 1
1 23 1
2 6 4
2 10 1
2 13 3
2 48 1
2 18 5
2 19 3
2 26 1
3 32 1
3 33 4
3 11 2
3 45 4
3 24 5
3 27 4
4 32 4
4 34 2
4 8 2
4 41 1
4 44 2
4 13 1
4 27 1
5 32 4
5 35 4
5 39 2
5 42 1
5 7 2
5 44 2
6 40 5
6 43 1
6 44 2
6 16 4
6 19 1
6 27 2
7 34 5
7 37 3
7 10 5
7 47 1
7 48 5
7 5 5
8 34 2
8 36 3
8 43 3
8 12 4
8 15 2
8 20 2
8 47 4
9 38 2
9 11 3
9 44 3
9 15 4
9 49 2
10 34 1
10 22 2
10 23 3
10 28 1
11 42 3
11 13 1
11 16 3
11 49 2
12 34 4
12 36 5
12 40 2
12 47 1
12 23 2
12 30 4
13 39 3
13 44 2
13 22 1
14 15 5
14 16 3
14 22 4
14 25 4
14 29 5
15 47 4
15 17 5
15 20 3
16 32 2
16 33 5
16 21 3
17 38 2
17 45 5
17 20 5
17 23 5
17 26 3
18 38 5
18 40 5
18 47 3
18 25 3
18 30 4
19 46 5
19 49 2
19 21 5
19 22 1
20 34 5
20 35 4
20 32 5
20 37 1
20 49 4
20 41 5
20 44 4
20 48 1
20 23 2
20 24 2
20 27 3
20 28 4
20 31 3
21 48 4
21 34 4
21 35 5
21 36 2
21 33 4
21 39 4
21 41 5
21 42 2
21 43 2
21 44 3
21 45 4
21 46 4
21 49 1
21 24 1
21 28 5
21 31 3
22 32 3
22 33 4
22 34 3
22 35 1
22 36 1
22 41 1
22 43 1
22 44 4
22 45 3
22 29 2
22 19 3
22 24 4
22 26 4
22 42 3
22 30 5
23 34 1
23 35 5
23 37 2
23 49 3
23 40 1
23 43 4
23 47 2
23 48 2
23 39 3
23 24 5
23 25 3
23 27 5
23 30 3
24 32 4
24 33 5
24 37 5
24 38 4
24 40 2
24 45 4
24 46 4
24 49 5
24 25 5
24 28 5
24 30 4
24 31 2
25 33 5
25 35 5
25 36 2
25 37 5
25 38 3
25 41 3
25 42 4
25 43 5
25 45 3
25 48 5
25 46 4
25 26 2
25 28 3
25 31 2
26 32 1
26 35 5
26 38 4
26 40 1
26 41 4
26 43 5
26 34 1
26 47 2
26 45 5
26 46 2
26 27 3
26 28 3
26 29 1
26 30 3
27 32 4
27 34 4
27 37 1
27 39 5
27 40 3
27 45 4
27 35 3
27 36 3
27 38 1
27 28 5
27 29 3
27 31 5
28 32 1
28 34 1
28 36 4
28 37 1
28 38 4
28 40 2
28 45 2
28 46 1
28 48 3
28 29 2
28 31 4
29 32 5
29 33 1
29 34 5
29 35 5
29 36 4
29 39 4
29 41 5
29 42 2
29 43 2
29 46 4
29 47 3
29 30 2
29 31 3
30 32 3
30 34 2
30 36 2
30 37 4
30 38 5
30 40 1
30 41 1
30 42 3
30 43 1
30 47 2
30 48 3
31 32 2
31 33 1
31 35 1
31 36 3
31 37 3
31 39 1
31 40 4
31 41 1
31 43 3
31 45 1
31 46 3
32 48 3
32 38 2
32 39 4
32 47 2
32 37 2
33 36 2
33 37 5
33 39 4
33 41 3
33 42 4
33 44 4
33 45 1
33 46 3
33 49 4
34 38 3
34 44 1
34 49 4
34 42 2
35 39 3
35 41 5
35 42 2
35 44 3
35 45 3
35 47 4
35 48 2
35 49 5
36 37 4
36 38 2
36 39 2
36 42 5
36 44 5
36 48 3
36 41 2
37 38 4
37 40 3
37 45 3
37 47 1
37 48 3
37 49 4
38 39 1
38 42 1
38 46 1
38 47 3
38 49 1
39 41 2
39 42 2
39 43 5
39 44 5
39 46 3
39 49 2
40 41 1
40 45 3
40 46 3
40 47 2
40 48 4
40 49 4
41 44 3
41 46 3
41 48 2
41 49 3
42 45 2
42 46 3
42 47 4
42 48 4
43 44 1
43 45 1
43 46 4
43 47 3
43 48 3
43 49 3
44 100004 50
44 45 4
44 48 5
44 100003 50
45 100001 50
45 100003 50
45 46 2
46 100000 50
46 100001 50
46 100004 50
46 47 2
46 49 1
47 100004 50
47 100001 50
48 100000 50
48 100002 50
48 49 2
48 100003 50
49 100002 50
-2 0 50
-2 4 50
-5 0 50
-5 1 50
-5 3 50
-4 1 50
-4 4 50
-3 1 50
-3 3 50
-3 5 50
-1 1 50
-1 2 50
-1 5 50
