0 1 6
0 43 5
0 36 5
0 5 4
0 6 1
0 33 6
0 10 7
0 11 8
0 14 3
0 48 9
0 49 5
0 50 5
0 52 10
0 54 2
0 59 7
1 33 7
1 35 6
1 11 6
1 44 6
1 14 4
1 15 10
1 49 8
1 18 4
1 52 8
1 25 4
1 24 6
1 57 8
1 26 2
1 28 8
2 48 1
2 3 2
2 4 2
2 5 2
2 49 6
2 8 2
2 10 5
2 44 6
2 45 5
2 46 1
2 16 10
2 17 1
2 19 2
2 27 1
2 29 1
3 32 10
3 2 1
3 6 5
3 9 8
3 46 8
3 15 7
3 49 3
3 51 4
3 53 10
3 54 1
3 56 5
3 57 4
3 58 4
3 26 10
3 21 5
4 19 9
4 34 3
4 15 8
4 47 6
4 42 5
4 44 5
4 2 10
4 45 2
4 16 4
4 51 10
4 25 1
4 56 10
4 57 5
4 59 9
4 29 1
5 38 2
5 8 2
5 9 5
5 41 5
5 15 9
5 16 5
5 19 9
5 21 3
5 55 6
5 56 5
5 25 10
5 59 10
5 53 4
6 37 3
6 40 4
6 41 8
6 42 5
6 43 9
6 48 4
6 21 8
6 54 5
6 24 1
6 26 10
6 27 9
6 28 7
6 29 9
7 34 8
7 8 2
7 41 7
7 10 7
7 11 7
7 12 6
7 45 3
7 15 7
7 13 6
7 51 3
7 22 4
7 9 8
7 28 1
7 44 9
7 30 3
8 33 10
8 2 7
8 43 8
8 48 2
8 5 8
8 7 8
8 40 6
8 11 9
8 45 3
8 15 7
8 16 5
8 57 1
8 24 10
8 25 7
8 31 8
9 38 6
9 7 8
9 12 4
9 16 9
9 50 4
9 52 3
9 53 7
9 54 6
9 55 10
9 24 10
9 25 8
9 22 10
9 31 6
10 33 3
10 2 1
10 43 2
10 37 1
10 38 9
10 39 7
10 7 9
10 34 1
10 45 3
10 16 8
10 22 1
10 55 3
10 24 3
10 58 10
11 35 8
11 7 4
11 8 9
11 44 10
11 15 3
11 16 8
11 17 8
11 18 1
11 19 10
11 20 8
11 56 3
11 57 6
11 59 4
12 16 2
12 34 6
12 49 7
12 9 2
12 7 3
12 45 2
12 46 4
12 47 4
12 48 5
12 17 5
12 20 1
12 54 1
12 56 10
12 29 4
12 30 3
13 32 5
13 35 3
13 39 10
13 7 5
13 44 7
13 46 1
13 47 2
13 43 4
13 50 3
13 19 2
13 54 1
13 57 8
13 27 9
13 29 1
13 30 6
14 32 1
14 35 2
14 1 1
14 23 3
14 46 4
14 25 4
14 53 8
14 55 3
14 24 9
14 57 5
14 26 3
14 28 8
14 58 2
14 31 4
15 33 10
15 34 3
15 3 5
15 36 9
15 5 10
15 7 7
15 8 6
15 42 8
15 11 5
15 48 4
15 17 10
15 1 9
15 20 8
15 21 4
15 4 4
16 43 6
16 4 5
16 5 8
16 8 2
16 9 4
16 10 6
16 11 10
16 12 8
16 50 3
16 52 9
16 41 9
16 55 4
16 28 10
16 30 6
17 32 6
17 2 1
17 37 9
17 39 8
17 11 9
17 12 9
17 50 6
17 15 8
17 48 2
17 18 6
17 20 1
17 25 6
17 58 4
17 28 6
17 52 5
18 32 3
18 1 7
18 43 10
18 37 5
18 38 4
18 41 8
18 11 6
18 47 3
18 17 10
18 53 1
18 54 9
18 55 1
18 56 7
18 26 5
18 58 1
19 33 8
19 2 4
19 43 5
19 4 3
19 5 3
19 40 8
19 11 2
19 44 7
19 13 7
19 46 2
19 22 1
19 23 4
19 27 9
19 29 6
19 31 10
20 32 3
20 33 8
20 11 1
20 36 2
20 41 2
20 42 2
20 43 6
20 12 10
20 15 7
20 17 7
20 50 1
20 35 7
20 58 8
20 27 1
21 32 1
21 33 1
21 34 9
21 3 5
21 5 10
21 6 4
21 44 4
21 15 5
21 48 2
21 56 7
21 50 10
21 23 3
21 24 9
21 25 3
22 35 8
22 39 6
22 40 9
22 9 5
22 42 5
22 7 10
22 46 6
22 27 5
22 49 2
22 51 5
22 26 8
22 59 8
22 10 7
23 32 6
23 51 10
23 36 1
23 37 1
23 38 5
23 14 3
23 19 8
23 53 9
23 55 2
23 25 9
23 58 7
23 59 1
23 29 6
23 21 6
24 8 2
24 41 5
24 10 4
24 14 8
24 49 10
24 51 1
24 40 8
24 21 10
24 9 8
24 59 4
24 28 4
24 30 9
25 1 1
25 34 6
25 4 5
25 5 6
25 39 5
25 8 3
25 9 2
25 14 6
25 48 6
25 17 7
25 21 9
25 23 3
25 26 4
25 31 10
26 35 4
26 6 6
26 40 2
26 18 4
26 14 1
26 47 3
26 50 9
26 3 2
26 22 5
26 55 4
26 56 5
26 25 10
26 59 5
27 33 6
27 2 4
27 35 2
27 37 7
27 6 7
27 43 2
27 45 9
27 13 6
27 19 6
27 20 2
27 22 7
27 52 1
27 38 5
27 29 10
28 32 9
28 1 1
28 36 7
28 6 1
28 7 7
28 42 10
28 44 5
28 14 4
28 16 3
28 17 4
28 52 2
28 46 8
28 24 7
28 31 6
29 51 4
29 2 9
29 36 6
29 6 4
29 38 1
29 39 8
29 12 3
29 45 8
29 13 4
29 19 7
29 23 5
29 4 2
29 27 1
29 30 1
30 33 7
30 38 5
30 39 10
30 42 10
30 7 7
30 12 9
30 13 7
30 16 5
30 52 2
30 24 10
30 57 10
30 58 2
30 29 3
30 31 8
31 37 3
31 38 2
31 8 10
31 9 5
31 14 2
31 48 8
31 49 3
31 50 1
31 19 7
31 55 10
31 25 7
31 59 9
31 28 7
31 30 7
32 33 6
32 34 10
32 3 8
32 37 8
32 13 3
32 14 4
32 45 1
32 17 5
32 18 7
32 52 8
32 21 6
32 23 8
32 20 5
32 28 5
33 35 5
33 32 9
33 8 6
33 41 5
33 10 4
33 15 10
33 19 8
33 20 10
33 21 9
33 54 6
33 27 10
33 30 9
34 36 1
34 39 2
34 44 7
34 10 9
34 7 7
34 12 1
34 15 3
34 48 1
34 51 1
34 21 8
34 54 1
34 25 3
34 4 8
35 37 9
35 1 5
35 41 5
35 11 8
35 13 10
35 14 2
35 47 5
35 50 1
35 20 10
35 22 9
35 26 10
35 59 4
36 37 1
36 41 4
36 42 10
36 46 3
36 15 7
36 20 6
36 57 1
36 23 10
36 56 10
36 52 8
36 28 10
36 29 10
37 38 5
37 6 4
37 10 9
37 55 6
37 45 1
37 17 9
37 18 7
37 23 6
37 57 1
37 27 1
37 31 10
38 41 6
38 10 3
38 44 5
38 18 7
38 9 9
38 53 10
38 54 3
38 23 9
38 27 3
38 5 4
38 29 1
38 30 6
38 31 10
39 40 9
39 10 7
39 13 5
39 45 5
39 17 3
39 50 7
39 51 6
39 22 6
39 55 1
39 25 7
39 58 3
39 29 1
39 30 5
40 46 8
40 47 8
40 48 7
40 49 3
40 19 3
40 53 3
40 54 10
40 24 10
40 26 1
40 58 9
41 46 8
41 16 8
41 50 8
41 20 2
41 24 9
41 57 10
41 5 1
42 59 5
42 4 1
42 6 7
42 15 8
42 48 4
42 49 6
42 20 6
42 22 1
42 56 9
42 36 6
42 47 1
42 28 7
42 30 1
42 52 8
43 50 3
43 6 2
43 8 4
43 10 8
43 13 8
43 16 4
43 18 10
43 19 2
43 20 4
43 53 1
43 57 2
43 58 5
43 27 5
44 4 7
44 38 3
44 7 10
44 11 4
44 34 6
44 46 4
44 13 9
44 19 3
44 21 10
44 47 10
44 28 6
44 53 7
45 2 10
45 4 4
45 37 6
45 39 4
45 8 9
45 10 2
45 7 3
45 12 10
45 52 6
45 54 10
45 57 7
45 27 2
45 29 8
46 51 7
46 52 6
46 22 10
46 28 1
47 44 10
47 42 5
47 12 10
47 13 7
47 49 1
47 18 8
47 53 2
47 57 5
47 58 3
47 59 4
47 26 9
48 49 9
48 40 1
48 42 4
48 12 5
48 2 1
48 15 6
48 17 10
48 21 10
48 8 1
48 25 6
48 31 1
49 40 7
49 42 5
49 12 4
49 47 10
49 48 7
49 53 5
49 22 6
49 55 2
49 24 4
49 31 9
50 16 10
50 17 7
50 20 4
50 21 10
50 9 8
50 56 7
50 26 1
50 31 10
51 53 4
51 55 3
51 58 2
51 59 10
52 9 9
52 42 7
52 45 10
52 46 4
52 16 10
52 17 5
52 54 1
52 27 2
52 28 3
52 30 6
53 54 2
54 100002 100
54 100000 100
55 100000 100
55 100003 100
55 56 1
56 100001 100
56 59 4
56 58 5
57 1 6
57 45 9
57 43 10
57 4 10
57 37 6
57 100004 100
57 8 9
57 41 7
57 11 6
57 13 9
57 14 1
57 47 4
57 3 5
57 36 3
57 30 1
58 100000 100
58 100002 100
58 100004 100
58 100003 100
59 100001 100
-2 1 100
-2 2 100
-5 4 100
-5 5 100
-4 1 100
-4 3 100
-4 4 100
-3 1 100
-3 5 100
-1 3 100
-1 4 100
-1 5 100
