0 34 2
0 3 4
0 5 4
0 38 1
0 7 5
0 40 5
0 41 5
0 39 4
0 12 2
0 13 1
0 14 3
0 16 3
0 18 2
0 21 4
0 55 2
0 2 4
0 57 5
0 23 4
1 2 5
1 3 3
1 4 1
1 5 2
1 6 3
1 7 3
1 8 4
1 10 2
1 11 1
1 12 3
1 13 5
1 14 4
1 15 1
1 16 4
1 18 5
1 19 5
1 20 4
1 21 5
2 16 2
2 3 5
2 4 4
2 6 4
2 38 5
2 8 3
2 12 5
2 44 3
2 13 1
2 14 2
2 15 3
2 48 2
2 19 4
2 31 2
2 29 1
2 37 5
3 32 1
3 43 3
3 37 1
3 35 4
3 11 5
3 18 5
3 27 3
3 17 2
3 50 5
3 19 3
3 20 3
3 25 4
3 6 3
3 59 4
3 5 4
4 33 5
4 6 3
4 8 2
4 9 1
4 10 4
4 7 5
4 12 3
4 14 3
4 47 2
4 16 2
4 17 2
4 18 2
4 19 2
4 52 4
4 25 1
4 15 1
5 32 5
5 35 2
5 7 3
5 8 3
5 12 2
5 42 2
5 44 4
5 45 2
5 13 2
5 49 5
5 51 2
5 20 2
5 21 4
5 9 3
5 10 5
6 8 2
6 10 2
6 12 2
6 18 1
6 14 2
6 13 2
6 16 4
6 17 1
6 50 5
6 19 4
6 56 4
6 57 1
6 15 1
6 31 5
7 34 3
7 35 5
7 49 3
7 40 2
7 42 4
7 44 3
7 47 1
7 17 1
7 18 4
7 19 4
7 8 5
7 23 1
7 24 5
7 26 4
8 41 3
8 10 3
8 11 4
8 14 4
8 15 5
8 16 5
8 17 5
8 18 5
8 19 4
8 21 4
8 27 4
8 30 1
9 36 2
9 37 1
9 39 3
9 40 4
9 12 3
9 43 4
9 44 4
9 45 3
9 14 1
9 15 4
9 16 4
9 17 4
9 18 4
9 51 4
9 55 2
9 56 3
10 42 4
10 11 3
10 12 5
10 13 2
10 14 3
10 15 4
10 48 5
10 18 1
10 19 2
10 20 3
10 21 1
10 56 5
10 47 4
11 19 2
11 36 3
11 39 4
11 43 5
11 12 4
11 13 5
11 14 4
11 16 2
11 17 5
11 18 4
11 35 4
11 58 1
11 30 3
11 31 2
12 37 4
12 39 1
12 13 5
12 46 5
12 15 1
12 16 5
12 17 5
12 14 3
12 31 4
13 18 2
13 35 5
13 37 3
13 45 5
13 47 5
13 16 1
13 17 1
13 50 1
13 53 4
13 27 1
14 36 5
14 16 5
14 17 1
14 18 5
14 19 1
14 20 2
14 41 1
14 30 3
15 34 2
15 35 4
15 41 4
15 45 3
15 47 1
15 52 2
15 53 5
15 22 2
15 55 1
15 27 1
16 17 4
16 49 4
16 51 2
16 21 1
16 23 2
16 19 3
16 31 4
17 33 3
17 42 5
17 18 4
17 57 4
17 26 3
17 59 5
17 29 5
18 34 4
18 39 5
18 45 1
18 27 4
18 29 3
19 45 2
19 46 5
19 52 2
19 22 2
19 25 4
19 26 1
19 31 5
20 55 2
20 56 2
21 53 2
22 37 3
22 43 5
22 53 1
22 57 3
22 28 3
23 46 1
23 54 2
23 24 4
23 29 3
24 38 2
24 40 4
24 49 2
24 54 1
24 59 1
25 32 1
25 33 5
25 46 5
25 48 3
26 43 3
26 55 3
26 27 1
26 28 3
27 59 3
28 32 3
28 39 1
28 47 5
28 51 1
28 54 5
29 32 1
29 38 3
29 30 2
30 43 5
30 50 3
30 52 2
31 32 5
32 38 2
33 41 5
33 42 3
33 45 2
33 49 3
34 39 2
34 44 4
34 53 3
35 46 2
36 37 4
36 40 4
36 52 4
36 54 3
37 45 1
38 40 2
38 58 5
39 55 4
40 58 2
41 57 5
41 59 1
42 49 3
42 56 5
43 56 5
44 51 4
44 59 3
45 49 5
46 54 5
46 56 2
47 48 4
48 54 1
48 57 1
48 59 2
49 50 3
50 52 4
50 55 1
51 52 1
51 58 1
52 57 5
53 55 5
53 58 3
54 100003 50
54 100004 50
54 58 2
55 100002 50
56 100000 50
56 100004 50
57 100003 50
57 58 1
58 100000 50
58 100001 50
58 100002 50
59 100001 50
59 100002 50
-2 0 50
-2 1 50
-2 5 50
-5 0 50
-5 5 50
-4 0 50
-4 2 50
-3 1 50
-3 2 50
-3 4 50
-1 2 50
-1 3 50
-1 4 50
