0 33 3
0 35 2
0 37 1
0 1 4
0 41 4
0 43 5
0 16 3
0 53 1
0 54 4
0 58 4
0 27 1
0 29 3
0 21 4
1 19 5
1 5 1
1 6 4
1 12 5
1 45 4
1 46 3
1 15 2
1 51 2
1 54 4
1 56 3
1 58 5
1 27 3
2 36 5
2 37 2
2 39 3
2 10 3
2 43 2
2 44 5
2 46 1
2 51 5
2 53 1
2 55 1
2 24 1
2 30 3
2 31 4
3 51 5
3 36 1
3 38 4
3 48 3
3 9 2
3 44 3
3 13 2
3 16 3
3 19 4
3 22 5
3 26 3
3 29 1
3 31 5
4 36 3
4 37 5
4 38 5
4 7 3
4 41 1
4 10 2
4 11 3
4 46 5
4 15 2
4 50 4
4 25 3
4 59 1
4 31 4
5 6 3
5 38 2
5 7 5
5 40 3
5 14 4
5 15 5
5 49 3
5 52 3
5 55 3
5 24 1
5 25 4
5 28 2
6 48 2
6 49 2
6 18 4
6 51 1
6 56 1
6 57 1
6 58 1
6 59 3
6 28 2
6 29 2
6 30 5
7 33 3
7 4 5
7 37 1
7 40 4
7 55 5
7 12 1
7 45 3
7 13 1
7 19 5
7 54 2
7 23 5
7 26 2
7 5 5
8 33 3
8 34 5
8 35 3
8 40 2
8 47 5
8 56 2
8 52 5
8 21 3
8 54 1
8 24 3
8 26 4
8 59 1
8 30 4
9 38 1
9 15 4
9 43 2
9 44 5
9 13 1
9 47 4
9 35 2
9 21 4
9 56 2
9 25 5
9 58 2
9 27 1
10 41 4
10 43 2
10 13 5
10 47 5
10 15 1
10 17 4
10 19 2
10 55 3
10 56 4
10 26 1
10 27 5
11 33 3
11 4 1
11 44 2
11 43 2
11 12 1
11 45 1
11 47 3
11 16 2
11 18 5
11 54 1
11 58 1
11 27 4
11 26 4
12 1 2
12 34 5
12 7 5
12 11 3
12 44 4
12 45 2
12 15 4
12 18 2
12 19 4
12 21 1
12 23 3
12 26 4
12 27 2
13 37 5
13 39 5
13 40 2
13 9 3
13 10 4
13 7 2
13 20 5
13 55 1
13 57 4
13 26 5
13 42 4
13 31 1
14 38 3
14 41 5
14 52 3
14 17 4
14 20 4
14 23 5
14 24 4
14 25 4
14 26 4
14 28 5
14 58 1
14 31 3
15 4 3
15 5 5
15 38 1
15 9 1
15 10 4
15 12 5
15 16 5
15 21 3
15 23 3
15 24 5
15 57 5
15 42 2
16 32 1
16 3 5
16 37 3
16 33 2
16 11 4
16 44 5
16 15 5
16 43 3
16 51 3
16 53 3
16 54 3
16 56 4
17 33 1
17 10 5
17 43 4
17 14 1
17 48 3
17 49 3
17 50 1
17 19 3
17 20 1
17 54 2
17 23 5
17 57 5
17 30 4
18 33 2
18 6 5
18 39 2
18 42 2
18 11 4
18 12 4
18 47 1
18 48 3
18 50 2
18 53 1
18 59 2
18 29 1
18 30 2
19 32 1
19 1 1
19 3 2
19 7 3
19 41 1
19 10 4
19 12 3
19 45 2
19 47 2
19 17 3
19 52 2
19 22 1
19 58 1
20 34 1
20 37 3
20 38 4
20 49 2
20 45 4
20 14 2
20 13 4
20 17 2
20 52 3
20 53 3
20 54 2
20 56 1
20 25 1
20 30 3
20 31 5
21 33 2
21 34 5
21 59 5
21 39 4
21 40 5
21 9 2
21 12 5
21 47 1
21 8 4
21 51 3
21 22 2
21 57 2
21 15 1
21 31 3
22 34 4
22 3 4
22 40 5
22 42 1
22 43 5
22 46 1
22 47 2
22 24 2
22 19 2
22 21 4
22 56 4
22 25 3
22 27 4
22 28 3
22 30 5
23 33 1
23 35 5
23 38 5
23 7 1
23 43 3
23 12 1
23 14 3
23 15 1
23 27 3
23 17 4
23 50 5
23 46 3
23 24 5
23 57 1
23 47 4
24 5 1
24 38 1
24 8 1
24 45 2
24 14 1
24 47 4
24 48 1
24 46 5
24 22 2
24 23 3
24 56 4
24 26 2
24 15 1
24 29 3
25 32 2
25 33 5
25 4 3
25 5 1
25 41 2
25 42 3
25 43 2
25 14 2
25 47 4
25 52 5
25 22 2
25 9 2
25 20 3
25 58 1
25 29 2
26 34 3
26 3 5
26 36 5
26 7 1
26 8 4
26 10 4
26 11 1
26 12 5
26 13 4
26 14 3
26 43 2
26 53 2
26 24 3
26 46 1
26 28 5
27 34 1
27 36 3
27 9 1
27 10 5
27 11 1
27 12 1
27 49 1
27 51 3
27 52 1
27 22 4
27 41 2
27 23 2
27 28 3
28 32 2
28 59 5
28 36 4
28 5 4
28 38 5
28 39 1
28 44 5
28 14 1
28 6 4
28 50 2
28 51 3
28 53 2
28 22 3
28 26 2
28 27 1
29 32 2
29 34 1
29 3 4
29 37 5
29 6 2
29 41 3
29 45 4
29 48 4
29 49 5
29 18 2
29 24 4
29 25 1
29 59 1
29 31 1
30 50 2
30 6 4
30 17 4
30 40 2
30 45 5
30 46 2
30 8 5
30 18 4
30 20 2
30 53 4
30 22 5
30 55 3
30 57 2
30 59 1
31 33 4
31 2 5
31 3 5
31 4 4
31 39 5
31 42 4
31 44 3
31 13 5
31 14 3
31 20 1
31 53 5
31 52 2
31 58 2
31 29 3
31 21 4
32 51 1
32 34 5
32 40 3
32 44 2
32 45 2
32 16 4
32 19 3
32 53 5
32 54 2
32 55 5
32 56 5
32 25 2
32 58 5
32 28 5
32 29 3
33 36 5
33 7 3
33 8 1
33 43 4
33 16 1
33 17 5
33 18 2
33 53 4
33 40 3
33 23 1
33 25 1
33 31 5
33 21 1
34 35 5
34 36 4
34 8 5
34 44 4
34 12 2
34 48 2
34 50 1
34 20 3
34 21 3
34 22 1
34 57 4
34 26 2
34 27 3
34 29 3
35 37 2
35 39 1
35 40 1
35 9 1
35 45 1
35 46 3
35 48 1
35 49 2
35 50 3
35 52 1
35 8 5
35 23 3
35 57 3
36 37 3
36 43 4
36 34 4
36 51 5
36 52 5
36 53 2
36 54 1
36 57 2
36 26 2
36 27 5
36 28 3
37 43 1
37 46 1
37 47 3
37 16 4
37 20 5
37 53 4
37 36 5
37 29 2
37 39 1
38 46 5
38 15 3
38 48 5
38 50 2
38 52 4
38 14 2
38 23 2
38 24 1
38 20 3
38 58 5
38 28 3
39 41 4
39 13 1
39 45 1
39 48 2
39 49 1
39 18 3
39 21 5
39 55 4
39 57 4
39 59 2
39 28 5
39 31 4
40 8 1
40 41 3
40 42 3
40 43 3
40 13 4
40 49 4
40 21 4
40 22 1
40 56 4
40 30 4
41 45 2
41 14 5
41 29 5
41 51 5
41 52 3
41 57 5
41 25 3
41 27 5
41 42 4
42 41 2
42 44 3
42 13 3
42 47 4
42 50 3
42 51 3
42 54 4
42 56 3
42 25 2
42 58 2
42 15 4
42 31 2
43 56 3
44 48 5
44 2 4
44 3 3
44 9 5
44 42 1
44 11 3
44 12 2
44 34 1
44 16 4
44 51 5
44 53 2
44 55 2
44 28 2
44 31 3
45 39 4
45 41 3
45 11 1
45 12 5
45 49 2
45 19 5
45 20 5
45 56 2
45 24 5
45 7 4
45 29 3
45 30 3
46 55 2
46 48 2
46 35 4
46 54 4
46 23 1
46 24 1
46 26 4
46 59 5
46 30 2
47 8 3
47 9 5
47 10 5
47 11 3
47 56 5
47 18 1
47 19 3
47 21 5
47 22 2
47 23 5
47 24 5
47 25 4
47 58 5
47 42 4
48 49 4
48 38 1
48 39 3
48 44 2
48 46 5
48 17 2
48 18 2
48 3 1
48 55 3
48 24 2
48 6 2
48 59 4
48 29 4
49 50 4
49 51 5
49 20 4
49 54 2
49 55 1
49 27 2
49 29 4
50 55 2
50 52 4
50 57 4
50 59 4
50 28 1
50 30 4
51 53 3
52 59 3
52 56 4
53 55 4
54 32 3
54 100003 50
54 17 2
54 7 3
54 8 5
54 42 1
54 11 4
54 46 5
54 16 2
54 49 3
54 20 5
54 1 4
54 55 5
54 36 5
54 58 2
55 100002 50
55 59 4
56 100004 50
56 100001 50
57 100000 50
57 100002 50
57 100003 50
57 58 4
57 59 2
57 30 4
58 100003 50
58 100004 50
58 100001 50
58 9 1
58 42 1
58 11 5
58 14 4
58 47 5
58 19 3
58 54 3
58 57 1
58 25 2
58 6 5
58 100000 50
58 31 5
59 100000 50
59 100002 50
-2 1 50
-2 2 50
-2 5 50
-5 4 50
-5 5 50
-4 1 50
-4 3 50
-4 5 50
-3 2 50
-3 4 50
-1 3 50
-1 5 50
