0 1 1
0 2 1
0 3 5
0 4 5
0 5 1
0 6 3
0 7 4
0 8 3
0 9 3
0 11 2
0 12 3
0 13 1
0 14 2
0 15 1
0 16 3
0 17 5
0 18 5
0 19 1
0 34 4
0 40 4
0 54 5
0 57 5
1 2 1
1 3 1
1 4 2
1 5 1
1 6 4
1 7 1
1 8 5
1 9 4
1 10 1
1 11 3
1 12 5
1 13 1
1 14 2
1 15 3
1 16 3
1 17 3
1 18 1
1 19 5
1 23 5
1 46 4
1 47 5
2 3 2
2 4 5
2 6 1
2 8 4
2 9 2
2 10 4
2 11 2
2 12 5
2 13 3
2 14 4
2 15 1
2 16 5
2 17 2
2 18 1
2 19 4
2 23 3
2 28 1
2 39 4
2 41 3
2 46 2
3 4 1
3 6 2
3 7 2
3 8 5
3 9 2
3 10 1
3 11 4
3 12 1
3 13 2
3 14 4
3 15 5
3 16 1
3 17 4
3 18 1
3 19 2
3 28 3
3 29 5
3 52 4
3 53 1
4 5 1
4 6 3
4 7 1
4 8 3
4 9 3
4 10 4
4 11 2
4 12 3
4 13 2
4 14 1
4 15 2
4 16 2
4 17 3
4 18 2
4 19 5
4 29 3
4 46 1
4 54 2
5 6 4
5 7 3
5 8 2
5 9 1
5 10 1
5 11 4
5 12 4
5 13 2
5 15 4
5 16 1
5 17 3
5 18 4
5 19 4
5 22 5
5 26 5
5 35 3
5 39 1
5 54 5
5 59 4
6 7 2
6 8 5
6 9 2
6 10 1
6 11 2
6 12 4
6 13 2
6 14 4
6 15 5
6 16 5
6 17 5
6 18 5
6 19 2
6 21 4
6 22 2
6 37 4
6 57 3
7 8 5
7 10 4
7 11 4
7 12 5
7 13 2
7 14 3
7 15 1
7 17 3
7 18 2
7 19 1
7 25 1
7 30 5
7 31 2
7 40 3
7 52 4
7 53 5
8 9 1
8 10 1
8 11 3
8 12 4
8 13 1
8 14 4
8 15 5
8 16 1
8 17 5
8 18 1
8 32 5
8 36 2
8 47 5
8 50 3
9 10 3
9 11 3
9 12 2
9 13 3
9 14 3
9 15 5
9 16 3
9 17 1
9 18 4
9 19 1
9 24 4
9 34 4
9 38 3
9 44 3
10 12 3
10 13 3
10 14 5
10 15 5
10 16 1
10 17 2
10 18 2
10 19 2
10 27 3
10 32 2
10 34 3
10 38 2
10 51 2
11 12 5
11 13 3
11 14 3
11 15 4
11 16 5
11 17 3
11 18 4
11 19 2
11 26 5
11 36 5
11 49 4
11 56 2
12 14 4
12 15 3
12 16 4
12 17 1
12 18 2
12 19 4
12 26 5
12 33 4
12 53 3
12 56 5
13 14 5
13 15 1
13 16 4
13 17 2
13 18 1
13 19 4
13 20 3
13 28 1
13 31 4
13 48 3
14 15 3
14 16 5
14 17 2
14 18 2
14 19 3
14 20 2
14 42 5
14 48 4
14 55 5
15 16 5
15 17 5
15 18 4
15 19 1
15 30 3
15 48 1
15 49 5
16 17 4
16 18 4
16 19 2
16 20 5
16 33 1
16 35 1
16 43 1
17 18 2
17 19 1
17 35 1
17 51 4
17 58 2
18 19 1
18 29 1
18 43 3
18 50 4
19 37 4
19 44 3
19 49 4
19 55 5
20 50 3
21 25 4
21 42 5
21 23 5
22 41 1
23 33 4
24 44 1
24 55 5
25 40 5
26 35 5
27 59 3
27 43 3
28 38 3
29 39 5
30 39 4
31 47 5
32 45 4
33 37 3
34 58 5
35 47 3
36 45 5
37 51 2
38 58 3
39 45 5
40 59 5
41 58 4
42 50 3
43 53 1
44 53 5
45 57 5
46 57 4
47 51 4
48 56 4
49 55 4
50 54 2
51 59 1
52 56 1
53 56 5
54 100004 50
55 56 2
56 100000 50
56 100002 50
56 100003 50
57 100000 50
57 100003 50
57 100001 50
58 100000 50
58 100004 50
59 100001 50
59 100002 50
59 100003 50
-2 2 50
-2 3 50
-2 4 50
-5 0 50
-5 2 50
-5 3 50
-4 0 50
-4 2 50
-4 4 50
-3 0 50
-3 4 50
-1 1 50
-1 3 50
