0 32 9
0 36 6
0 39 5
0 9 3
0 12 4
0 24 5
0 27 5
0 28 7
0 29 7
1 33 8
1 35 7
1 37 5
1 7 9
1 39 3
1 12 10
1 26 6
1 30 5
1 5 3
2 33 8
2 35 9
2 6 1
2 10 5
2 23 3
2 25 2
2 28 10
2 29 10
2 31 5
3 32 2
3 33 5
3 37 8
3 38 9
3 39 6
3 20 4
3 29 6
3 30 10
3 31 9
4 33 4
4 38 10
4 15 8
4 17 1
4 20 5
4 22 6
4 24 9
4 26 5
4 31 1
5 35 3
5 36 4
5 39 4
5 11 9
5 13 2
5 14 10
5 28 10
5 31 1
6 32 8
6 35 1
6 8 3
6 17 10
6 18 4
6 21 7
6 25 9
6 31 9
7 35 6
7 8 2
7 13 3
7 14 7
7 21 9
7 23 10
7 27 6
7 28 1
8 32 3
8 33 10
8 34 1
8 35 10
8 15 6
8 23 3
8 30 2
9 33 6
9 36 5
9 38 9
9 14 8
9 22 3
9 24 5
9 25 6
9 29 8
10 33 9
10 37 1
10 39 8
10 16 10
10 17 10
10 20 5
10 26 6
10 27 4
11 32 7
11 35 4
11 36 1
11 12 6
11 13 5
11 19 8
11 20 7
11 27 3
12 34 5
12 37 10
12 16 6
12 21 10
12 23 4
12 28 10
13 36 7
13 38 8
13 22 8
13 23 9
13 26 9
13 30 3
14 32 1
14 39 9
14 15 6
14 18 5
14 20 7
14 21 9
15 37 6
15 19 4
15 20 1
15 21 6
15 36 7
15 28 5
16 32 9
16 17 9
16 19 3
16 21 5
16 22 10
16 26 9
16 31 3
17 34 7
17 24 6
17 28 3
17 29 2
17 31 8
18 34 8
18 36 4
18 37 10
18 22 3
18 23 5
18 24 7
18 31 6
19 32 1
19 34 8
19 20 9
19 25 1
19 26 10
19 27 1
20 33 4
20 39 7
20 21 7
20 22 3
20 23 8
20 25 1
20 26 2
20 29 5
20 30 3
20 31 6
21 33 3
21 34 5
21 35 1
21 36 4
21 39 8
21 24 4
21 25 1
21 27 7
21 29 10
21 30 2
22 37 6
22 38 8
22 39 4
22 23 4
22 24 4
22 25 3
22 26 10
22 27 10
22 28 8
22 29 10
22 31 4
23 32 2
23 34 7
23 38 10
23 39 5
23 24 6
23 25 2
23 27 4
23 28 10
23 29 6
24 33 3
24 35 9
24 37 7
24 38 1
24 39 8
24 36 3
24 27 1
24 28 2
24 30 5
25 32 2
25 33 2
25 35 1
25 37 1
25 39 3
25 26 9
25 27 10
25 28 6
25 29 4
26 34 4
26 35 8
26 38 6
26 36 8
26 27 10
26 28 2
26 30 7
26 31 10
27 32 9
27 34 2
27 35 5
27 29 10
27 30 7
27 31 9
28 35 10
28 38 1
28 34 4
28 30 7
28 37 3
29 33 6
29 37 7
29 38 8
29 39 4
29 34 7
29 31 9
30 32 8
30 34 1
30 35 3
30 36 9
30 33 10
30 38 1
30 39 2
31 32 8
31 33 2
31 36 9
31 38 7
32 34 3
32 35 2
32 36 2
32 38 4
33 34 6
33 37 5
33 38 9
34 100002 100
34 100003 100
34 36 9
34 37 6
34 38 8
34 100004 100
35 100004 100
35 39 9
35 37 9
36 100003 100
36 37 3
36 38 3
36 39 2
36 100000 100
36 100002 100
36 100001 100
37 100000 100
37 38 8
37 100004 100
37 39 6
37 100003 100
38 39 6
39 100001 100
-2 0 100
-2 2 100
-2 3 100
-5 0 100
-5 4 100
-4 0 100
-4 2 100
-4 5 100
-3 1 100
-3 5 100
-1 3 100
-1 5 100
