0 33 3
0 36 5
0 5 1
0 1 2
0 8 1
0 9 2
0 10 5
0 12 4
0 13 4
0 44 1
0 18 5
0 51 3
0 20 5
0 55 4
0 24 4
0 37 2
1 34 4
1 4 4
1 38 4
1 7 3
1 9 1
1 10 1
1 12 1
1 13 5
1 47 5
1 17 2
1 52 2
1 55 4
1 25 3
1 15 3
1 28 4
2 48 1
2 17 4
2 6 1
2 7 3
2 41 3
2 11 1
2 50 1
2 14 1
2 15 1
2 16 2
2 49 2
2 18 1
2 53 5
2 23 5
2 29 2
2 30 4
3 34 5
3 36 4
3 40 2
3 41 2
3 10 5
3 13 1
3 14 3
3 15 1
3 18 3
3 52 4
3 23 4
3 56 5
3 58 2
3 59 1
3 28 5
3 26 5
4 17 2
4 5 1
4 38 4
4 7 5
4 42 4
4 11 3
4 12 4
4 16 2
4 49 4
4 19 3
4 20 3
4 56 2
4 6 3
4 59 4
4 10 4
5 33 3
5 34 1
5 50 4
5 6 5
5 40 1
5 9 3
5 11 4
5 12 5
5 45 3
5 14 4
5 15 1
5 18 2
5 19 5
5 27 4
6 33 1
6 35 4
6 39 4
6 12 1
6 18 4
6 14 3
6 17 4
6 50 1
6 19 3
6 53 5
6 58 2
6 30 1
6 21 1
7 32 5
7 33 5
7 17 3
7 40 3
7 41 5
7 10 1
7 13 5
7 16 3
7 8 4
7 18 3
7 19 3
7 52 3
7 54 1
8 35 2
8 36 2
8 40 3
8 10 1
8 11 1
8 12 1
8 13 5
8 49 5
8 18 2
8 19 1
8 54 1
8 24 5
8 58 2
8 26 2
9 37 2
9 40 5
9 11 3
9 13 5
9 14 3
9 47 2
9 16 3
9 17 5
9 18 5
9 21 3
9 58 2
9 28 3
9 30 1
10 43 2
10 14 1
10 11 1
10 50 4
10 19 5
10 20 1
10 22 1
10 23 2
10 26 5
10 30 1
11 16 3
11 35 3
11 39 2
11 42 1
11 13 5
11 48 1
11 49 3
11 52 3
11 17 3
11 29 5
12 43 2
12 46 4
12 15 3
12 17 4
12 19 3
12 54 4
12 23 2
12 25 3
12 47 1
12 55 4
13 44 1
13 15 2
13 17 5
13 19 5
13 20 3
13 53 2
13 57 5
13 26 4
13 31 4
14 37 3
14 17 2
14 15 1
14 16 3
14 49 2
14 18 5
14 19 2
14 21 5
14 22 3
14 25 5
15 37 4
15 38 4
15 45 3
15 49 3
15 51 5
15 26 1
15 59 3
15 29 1
15 31 5
16 32 3
16 34 1
16 40 3
16 42 4
16 45 3
16 18 4
16 53 5
16 23 3
16 56 1
16 31 2
17 33 4
17 41 1
17 23 3
17 21 1
17 55 4
17 25 4
18 38 1
18 42 1
18 46 5
18 19 1
18 20 2
18 52 3
19 36 2
19 41 1
19 53 5
19 57 4
19 27 3
19 42 5
20 37 1
20 43 3
20 30 3
21 39 3
21 45 2
21 54 1
21 56 1
22 54 3
22 23 2
22 24 3
22 28 2
22 29 5
22 30 4
23 24 4
24 43 3
24 47 4
24 27 4
24 28 2
25 41 5
25 44 2
25 59 3
25 28 5
26 32 2
26 38 1
26 31 1
27 32 4
27 43 3
27 48 2
27 59 4
27 29 2
28 45 3
28 52 3
29 42 2
29 57 1
29 30 4
30 35 3
31 36 5
31 38 1
31 39 2
31 54 2
32 34 1
32 42 4
32 48 3
32 51 1
33 35 1
33 44 1
33 57 1
34 39 4
34 44 1
34 51 3
35 48 4
35 56 4
35 57 2
36 43 1
36 58 5
36 59 3
37 46 2
37 50 2
37 57 2
38 50 1
38 52 1
39 46 3
39 51 4
39 55 5
40 55 1
40 56 4
41 46 1
41 47 2
42 54 3
43 48 2
43 57 1
44 45 3
44 46 2
44 56 3
45 46 4
45 47 1
46 47 2
47 50 1
48 53 3
48 58 1
49 50 2
49 58 5
50 59 5
51 53 5
51 57 4
51 59 4
52 53 3
53 56 2
54 58 5
55 100004 50
55 100000 50
55 56 5
55 100001 50
55 59 3
56 100000 50
56 100001 50
56 100002 50
56 100003 50
57 100002 50
57 100004 50
58 100003 50
59 100000 50
59 100001 50
59 100002 50
59 100004 50
-2 1 50
-2 2 50
-2 3 50
-5 0 50
-5 5 50
-4 0 50
-4 2 50
-3 1 50
-3 4 50
-3 5 50
-1 3 50
-1 4 50
