0 1 4
0 2 1
0 3 3
0 4 3
0 5 9
0 6 5
0 7 2
0 8 7
0 9 5
0 10 4
0 12 2
0 13 4
0 14 5
0 15 4
0 16 2
0 17 2
0 18 10
0 19 3
0 20 3
0 30 1
0 34 2
0 36 5
1 2 3
1 3 6
1 4 9
1 6 5
1 7 6
1 8 6
1 9 9
1 10 7
1 11 3
1 12 1
1 13 4
1 14 2
1 15 5
1 16 1
1 17 1
1 18 3
1 19 2
1 25 6
1 27 9
1 30 8
1 34 8
2 3 1
2 4 8
2 5 3
2 6 9
2 7 1
2 8 6
2 9 9
2 10 9
2 11 10
2 12 10
2 13 9
2 14 5
2 15 10
2 16 5
2 17 5
2 18 8
2 19 5
2 20 5
2 32 10
2 37 2
3 4 1
3 5 7
3 6 7
3 7 4
3 8 8
3 9 5
3 10 8
3 11 8
3 12 6
3 13 8
3 14 8
3 15 1
3 16 4
3 17 2
3 18 10
3 19 6
3 25 5
3 28 10
3 37 3
4 5 6
4 6 3
4 7 9
4 8 2
4 9 8
4 10 9
4 11 6
4 12 3
4 13 4
4 14 2
4 15 3
4 16 9
4 17 4
4 18 4
4 19 4
4 21 3
4 30 6
4 38 5
5 6 5
5 7 10
5 8 9
5 9 5
5 10 10
5 11 7
5 12 3
5 13 8
5 14 6
5 15 3
5 16 7
5 17 2
5 18 3
5 19 2
5 21 4
5 23 3
5 36 1
5 37 4
6 7 5
6 8 2
6 9 7
6 10 2
6 11 4
6 12 9
6 13 7
6 14 3
6 15 1
6 16 6
6 17 9
6 18 5
6 19 5
6 21 2
6 29 9
6 39 4
7 8 1
7 9 9
7 10 7
7 12 10
7 13 7
7 14 2
7 15 8
7 16 6
7 17 5
7 18 3
7 19 6
7 28 3
7 31 2
7 33 2
7 37 9
8 9 5
8 10 6
8 11 2
8 12 3
8 13 5
8 14 9
8 15 7
8 16 7
8 17 4
8 18 6
8 19 7
8 21 5
8 29 10
8 30 8
9 10 5
9 11 1
9 12 10
9 13 7
9 14 4
9 15 2
9 16 10
9 17 5
9 18 1
9 19 3
9 22 4
9 23 2
9 39 6
10 11 9
10 12 10
10 14 5
10 15 10
10 16 10
10 17 5
10 18 4
10 19 4
10 20 5
10 26 9
10 29 5
10 35 7
11 12 8
11 13 6
11 14 9
11 15 1
11 17 6
11 18 3
11 19 9
11 22 4
11 25 2
11 26 1
11 28 3
11 32 5
11 35 10
12 13 6
12 14 5
12 15 5
12 16 4
12 17 10
12 18 3
12 19 5
12 24 5
12 26 5
12 36 1
13 14 3
13 15 7
13 16 4
13 17 8
13 18 6
13 19 5
13 27 5
13 31 8
13 32 10
13 35 10
14 15 4
14 16 2
14 17 6
14 18 8
14 19 4
14 20 7
14 31 7
14 34 5
15 16 10
15 17 1
15 18 9
15 19 1
15 34 10
15 38 1
15 39 10
16 17 6
16 18 2
16 19 6
16 24 7
16 27 6
16 29 10
16 31 10
17 18 3
17 19 8
17 28 5
17 33 10
17 35 9
18 19 10
18 22 10
18 24 2
18 33 3
19 25 5
19 38 1
19 39 4
20 24 1
21 24 8
22 36 10
23 32 1
23 27 6
24 38 5
25 30 3
26 33 7
27 30 6
28 30 9
29 31 8
30 33 6
31 33 4
32 39 1
33 34 4
34 100002 100
34 100003 100
34 100001 100
34 100000 100
35 36 4
36 37 3
37 100002 100
37 100003 100
37 100004 100
38 100000 100
38 100001 100
39 100002 100
39 100003 100
39 100004 100
-2 0 100
-2 5 100
-5 0 100
-5 1 100
-5 5 100
-4 1 100
-4 2 100
-4 4 100
-3 1 100
-3 2 100
-1 1 100
-1 3 100
-1 4 100
