0 3 5
0 37 5
0 38 1
0 8 2
0 12 5
0 11 1
0 44 4
0 45 1
0 15 5
0 17 1
0 20 5
0 21 5
0 24 1
0 28 2
0 13 4
1 32 5
1 16 5
1 4 3
1 33 3
1 9 5
1 46 4
1 48 5
1 17 1
1 19 4
1 41 2
1 23 4
1 25 5
1 27 1
1 29 3
1 31 3
2 32 4
2 33 4
2 4 4
2 37 1
2 6 4
2 9 5
2 10 3
2 44 1
2 16 4
2 17 1
2 19 2
2 20 5
2 22 3
2 41 3
2 29 1
3 34 4
3 35 5
3 36 3
3 37 4
3 42 2
3 43 3
3 45 3
3 13 4
3 10 4
3 19 2
3 23 2
3 18 3
3 29 5
3 30 3
4 34 1
4 36 4
4 39 5
4 8 5
4 11 2
4 12 1
4 13 4
4 14 3
4 16 3
4 23 3
4 25 3
4 26 5
4 31 3
5 7 3
5 8 1
5 9 2
5 43 3
5 13 5
5 45 3
5 14 1
5 47 1
5 17 4
5 19 3
5 22 4
5 24 1
5 25 2
5 27 4
5 28 3
6 38 2
6 7 5
6 8 4
6 43 3
6 12 5
6 46 4
6 47 5
6 16 5
6 14 4
6 23 1
6 26 4
6 15 2
6 29 5
6 31 3
7 33 5
7 34 3
7 39 3
7 8 1
7 41 4
7 11 1
7 44 1
7 12 1
7 17 5
7 18 4
7 23 2
7 27 5
7 31 1
8 33 4
8 35 2
8 40 5
8 44 4
8 42 4
8 43 2
8 12 2
8 15 1
8 20 2
8 22 4
9 16 1
9 35 5
9 40 2
9 41 1
9 10 5
9 15 4
9 48 4
9 18 5
9 19 2
9 21 2
9 24 2
9 47 3
10 39 2
10 40 3
10 41 2
10 42 5
10 45 4
10 13 5
10 48 3
10 18 1
10 26 1
10 28 4
10 30 1
10 31 2
11 16 1
11 34 5
11 17 1
11 38 4
11 43 4
11 13 3
11 46 1
11 47 4
11 48 1
11 49 3
11 18 2
11 26 3
12 32 1
12 35 1
12 16 2
12 18 3
12 19 4
12 22 5
12 23 5
12 24 1
12 28 2
12 31 3
13 39 2
13 42 4
13 45 5
13 14 4
13 16 2
13 49 2
13 19 5
13 23 3
13 30 2
14 45 2
14 38 1
14 46 2
14 15 4
14 16 4
14 17 2
14 19 2
14 20 3
14 24 1
14 27 1
14 29 3
15 17 5
15 39 1
15 43 1
15 45 2
15 40 3
15 18 5
15 19 5
15 20 2
15 26 5
15 29 2
16 38 4
16 48 3
16 17 3
16 27 5
16 28 5
16 31 1
17 40 3
17 42 2
17 47 2
17 20 5
17 25 2
17 30 3
18 36 5
18 38 2
18 43 4
18 44 3
18 47 5
18 48 4
18 21 2
18 41 4
19 37 2
19 48 3
19 20 5
19 22 1
19 25 3
19 26 1
20 34 4
20 21 2
20 23 3
20 25 3
20 30 5
21 36 2
21 45 2
21 23 2
21 24 2
21 27 3
21 28 1
21 30 5
21 31 4
22 32 3
22 34 4
22 35 5
22 39 1
22 44 5
22 23 4
22 37 1
23 32 4
23 38 1
24 33 4
24 40 2
24 47 5
24 49 5
24 26 1
24 27 1
25 38 1
25 46 4
25 36 5
25 28 2
25 30 3
25 31 2
26 32 2
26 38 2
26 41 3
26 46 4
26 49 5
27 33 5
27 35 5
27 38 5
27 40 5
27 41 2
28 32 1
28 34 2
28 46 3
28 49 5
28 30 2
29 36 3
29 39 4
29 42 4
29 43 3
29 44 5
29 35 3
30 33 5
30 39 4
30 43 5
30 46 5
31 37 3
31 47 4
31 49 1
32 36 2
32 44 4
32 46 2
32 47 4
32 49 3
33 37 1
33 38 1
33 41 5
33 48 3
33 40 2
34 37 5
34 46 3
34 47 3
34 49 4
34 35 4
35 39 5
35 42 1
35 45 4
35 40 3
36 37 4
36 43 5
36 44 3
36 45 4
36 48 3
37 39 4
37 40 2
37 42 4
38 46 1
39 40 4
39 42 2
40 44 4
41 42 5
41 44 1
41 49 2
42 47 2
42 48 3
43 45 3
43 49 3
44 49 1
44 100001 50
45 100000 50
45 100002 50
45 48 2
45 100004 50
46 100004 50
46 100001 50
46 100002 50
46 48 5
47 100001 50
47 100003 50
47 49 3
48 100000 50
48 100004 50
49 100000 50
49 100003 50
-2 1 50
-2 5 50
-5 0 50
-5 1 50
-5 4 50
-4 1 50
-4 2 50
-3 4 50
-3 5 50
-1 2 50
-1 4 50
-1 5 50
