0 32 5
0 1 1
0 2 4
0 37 3
0 39 5
0 9 5
0 13 5
0 14 4
0 15 3
0 16 2
0 18 5
0 24 5
0 26 4
0 5 5
0 31 3
1 2 5
1 35 4
1 4 3
1 6 1
1 39 5
1 10 2
1 11 4
1 13 2
1 15 4
1 16 2
1 19 1
1 20 5
1 21 3
1 30 2
2 36 2
2 5 3
2 6 5
2 9 5
2 12 3
2 13 1
2 14 4
2 16 1
2 17 4
2 27 3
2 29 4
2 30 3
3 34 3
3 4 3
3 5 3
3 39 2
3 8 2
3 9 2
3 10 2
3 11 3
3 14 5
3 15 1
3 22 1
3 23 5
3 24 4
3 29 1
4 19 4
4 35 5
4 38 1
4 9 3
4 10 3
4 13 2
4 15 2
4 16 1
4 17 5
4 22 4
4 25 1
4 28 1
5 33 4
5 34 3
5 37 3
5 38 3
5 39 5
5 11 5
5 18 2
5 35 4
5 22 3
5 26 3
5 28 1
6 36 4
6 38 3
6 7 2
6 8 1
6 11 3
6 12 2
6 19 1
6 22 3
6 23 4
6 24 3
6 25 4
6 30 5
7 32 5
7 33 5
7 35 4
7 37 5
7 9 1
7 11 5
7 19 4
7 22 5
7 23 1
7 24 2
7 28 2
7 29 5
7 30 1
8 33 2
8 37 5
8 9 1
8 12 1
8 13 4
8 16 3
8 17 5
8 18 3
8 19 3
8 20 3
8 21 3
8 27 1
9 33 2
9 35 3
9 36 3
9 38 5
9 10 1
9 12 1
9 17 3
9 24 4
10 33 2
10 37 1
10 39 3
10 11 4
10 13 3
10 14 1
10 35 4
10 22 2
10 25 4
10 28 5
11 32 2
11 34 2
11 12 5
11 16 3
11 35 2
11 23 3
11 28 5
11 37 4
12 33 4
12 38 2
12 39 4
12 15 5
12 18 5
12 25 2
12 27 1
12 29 2
12 30 4
13 33 4
13 34 3
13 15 2
13 17 2
13 19 2
13 25 5
13 27 5
13 28 1
14 37 2
14 38 3
14 39 2
14 16 1
14 17 1
14 18 3
14 21 1
14 27 2
14 28 4
14 29 2
15 16 5
15 18 3
15 21 1
15 24 3
15 26 3
15 27 1
15 28 1
15 31 3
16 38 3
16 39 2
16 17 2
16 23 4
16 26 4
16 31 3
17 36 4
17 19 4
17 20 4
17 22 5
17 25 3
17 29 4
17 30 2
18 34 2
18 36 4
18 38 2
18 39 4
18 19 1
18 21 3
18 26 4
18 28 3
19 34 2
19 33 4
19 23 4
19 26 4
19 27 3
19 31 5
20 34 3
20 35 1
20 36 5
20 38 2
20 21 1
20 24 1
20 27 2
20 29 3
20 31 5
21 32 3
21 22 3
21 23 2
21 24 5
21 27 5
21 29 4
22 33 2
22 34 4
22 25 2
22 31 2
23 32 2
23 35 1
23 36 4
23 26 1
23 27 1
24 36 1
24 25 3
24 29 5
24 30 4
25 32 1
25 33 5
25 37 3
25 26 2
26 32 5
26 37 2
26 29 4
26 31 4
27 34 5
27 39 4
28 32 1
28 38 3
28 39 1
29 37 2
29 35 2
30 33 4
30 37 3
30 34 1
30 38 1
30 31 2
31 32 3
31 34 4
31 36 3
31 33 1
32 35 1
32 36 4
32 39 4
33 36 5
34 100000 50
34 100001 50
34 36 3
34 100003 50
34 100004 50
35 38 5
36 100003 50
36 37 5
36 100002 50
37 100000 50
37 100004 50
37 100001 50
38 100002 50
38 100003 50
39 100001 50
-2 0 50
-2 5 50
-5 0 50
-5 4 50
-4 2 50
-4 4 50
-4 5 50
-3 0 50
-3 3 50
-1 0 50
-1 2 50
-1 4 50
