0 2 1
0 38 4
0 39 5
0 8 4
0 11 1
0 34 1
0 46 1
0 18 2
0 53 4
0 55 1
0 24 1
1 35 5
1 40 2
1 42 2
1 11 5
1 46 4
1 49 3
1 18 3
1 59 3
1 23 4
1 27 5
1 29 4
2 6 2
2 39 5
2 44 4
2 47 4
2 17 1
2 52 2
2 53 4
2 57 2
2 15 5
2 31 4
3 32 4
3 34 5
3 5 1
3 6 4
3 8 1
3 44 1
3 13 1
3 49 2
3 22 3
3 23 4
3 59 1
4 32 3
4 33 5
4 59 1
4 6 4
4 44 3
4 19 4
4 52 3
4 23 3
4 20 1
4 27 2
4 30 2
5 38 4
5 9 3
5 42 3
5 43 5
5 47 5
5 50 2
5 52 3
5 54 3
5 56 5
5 57 1
6 42 2
6 12 3
6 14 5
6 49 2
6 52 4
6 53 5
6 22 3
6 55 5
7 32 1
7 43 4
7 46 3
7 47 1
7 20 5
7 21 1
7 22 1
7 56 3
7 15 3
7 28 4
7 31 1
8 40 5
8 10 3
8 14 1
8 16 1
8 19 5
8 22 3
8 56 5
8 26 2
8 29 2
9 51 2
9 5 3
9 38 5
9 39 5
9 41 2
9 13 3
9 16 4
9 19 1
9 21 3
9 26 4
9 58 4
10 41 2
10 23 4
10 44 3
10 13 4
10 14 5
10 50 4
10 53 5
10 54 1
10 55 4
10 21 4
11 38 5
11 40 5
11 12 1
11 14 4
11 47 5
11 50 4
11 22 3
11 57 4
11 31 1
12 35 3
12 6 1
12 39 5
12 11 4
12 44 1
12 14 2
12 47 2
12 49 1
12 50 3
12 52 5
12 58 5
13 38 2
13 41 1
13 10 4
13 44 5
13 48 2
13 52 2
13 55 5
13 24 5
13 57 1
14 33 2
14 6 2
14 8 3
14 10 5
14 11 3
14 12 5
14 17 3
14 19 4
14 52 5
14 55 2
14 31 3
15 37 3
15 7 3
15 39 1
15 48 2
15 52 5
15 53 3
15 54 3
15 25 5
15 58 1
15 28 2
16 36 2
16 8 5
16 9 2
16 23 1
16 45 2
16 46 3
16 49 4
16 50 5
16 52 4
16 41 1
16 28 2
17 42 3
17 55 5
17 34 3
17 14 4
17 50 1
17 53 3
17 54 3
17 57 2
17 25 5
17 30 5
18 1 4
18 36 4
18 37 5
18 38 4
18 42 3
18 44 5
18 53 5
18 24 5
18 26 5
18 29 4
19 33 3
19 35 5
19 4 3
19 38 2
19 8 1
19 9 3
19 14 4
19 47 4
19 52 5
19 53 3
19 23 5
20 32 5
20 34 3
20 4 3
20 7 1
20 43 5
20 44 5
20 46 2
20 50 1
20 51 3
20 22 3
20 55 2
20 24 3
20 39 4
20 26 4
20 36 2
20 31 2
21 33 5
21 34 5
21 35 5
21 37 3
21 38 2
21 7 4
21 40 2
21 41 5
21 10 2
21 43 3
21 46 5
21 48 4
21 54 5
21 9 5
21 25 3
21 58 1
22 33 5
22 3 1
22 40 1
22 6 3
22 7 4
22 8 3
22 43 5
22 46 3
22 11 2
22 49 4
22 20 2
22 57 1
22 24 3
22 25 3
22 55 1
22 37 4
23 4 1
23 40 5
23 10 1
23 44 1
23 45 2
23 47 2
23 16 2
23 24 5
23 50 1
23 19 2
23 54 2
23 56 4
23 57 3
23 28 3
24 32 1
24 35 5
24 42 5
24 43 5
24 29 2
24 13 5
24 45 5
24 18 2
24 51 4
24 20 3
24 22 2
24 23 3
24 26 1
24 59 4
24 58 1
25 32 5
25 49 5
25 41 2
25 42 3
25 15 1
25 48 5
25 17 5
25 51 2
25 52 1
25 21 5
25 22 2
25 55 2
25 56 2
25 58 3
25 30 5
25 53 2
26 32 3
26 35 2
26 36 2
26 38 4
26 39 5
26 8 3
26 9 2
26 45 4
26 47 4
26 40 1
26 18 3
26 20 3
26 56 1
26 24 2
26 28 5
26 30 3
27 32 3
27 1 2
27 35 5
27 4 4
27 37 5
27 38 4
27 33 2
27 48 2
27 50 5
27 51 3
27 52 4
27 54 1
27 55 1
27 36 1
27 28 4
27 30 5
28 34 3
28 35 2
28 36 1
28 37 3
28 39 5
28 40 2
28 7 1
28 45 3
28 46 5
28 15 1
28 16 5
28 23 3
28 26 4
28 27 3
28 58 4
28 31 2
29 34 1
29 37 2
29 39 4
29 8 1
29 42 2
29 43 5
29 45 4
29 24 1
29 18 4
29 51 1
29 40 1
29 56 1
29 57 2
29 58 4
29 59 1
30 32 1
30 4 1
30 49 1
30 41 2
30 43 2
30 46 5
30 47 4
30 48 2
30 17 2
30 25 4
30 57 1
30 55 1
30 36 3
30 26 5
30 27 5
30 31 1
31 40 1
31 41 5
31 42 5
31 11 2
31 34 4
31 14 5
31 48 2
31 51 1
31 20 4
31 46 5
31 39 2
31 59 2
31 28 4
31 30 5
32 33 4
32 3 3
32 4 4
32 7 3
32 41 1
32 42 3
32 47 1
32 48 3
32 51 4
32 20 1
32 54 4
32 24 5
32 25 5
32 26 2
32 27 2
32 30 5
33 36 2
33 37 3
33 38 1
33 42 5
33 46 4
33 14 1
33 48 5
33 49 4
33 19 1
33 21 1
33 22 5
33 56 1
33 4 1
33 58 3
33 27 5
34 37 1
34 17 2
34 40 3
34 45 3
34 47 1
34 49 1
34 50 1
34 20 5
34 21 5
34 54 2
34 56 2
34 28 4
34 29 4
34 31 5
35 38 2
35 40 2
35 12 5
35 44 3
35 21 3
35 46 1
35 19 1
35 52 5
35 53 4
35 24 2
35 58 4
35 27 5
35 28 4
35 26 2
35 51 4
36 59 2
36 40 1
36 42 1
36 45 5
36 46 4
36 16 3
36 18 2
36 20 5
36 54 5
36 56 5
36 58 1
36 27 3
36 28 4
36 26 4
36 30 1
37 59 2
37 39 5
37 43 3
37 46 2
37 15 4
37 48 2
37 18 2
37 21 1
37 22 5
37 56 5
37 57 2
37 27 1
37 28 5
37 29 4
38 43 1
38 18 3
38 19 2
38 21 3
38 55 3
38 56 5
38 57 3
38 26 5
38 27 1
39 43 1
39 12 4
39 46 2
39 15 4
39 49 4
39 51 3
39 52 1
39 20 1
39 26 2
39 28 5
39 29 5
39 31 1
40 45 2
40 50 4
40 51 5
40 21 3
40 22 2
40 23 3
40 26 1
40 28 2
40 29 4
40 31 2
41 45 4
41 42 4
41 13 2
41 47 3
41 16 4
41 50 4
41 21 4
41 54 2
41 56 2
41 25 1
41 58 3
41 10 4
41 30 2
41 31 4
42 46 5
42 47 2
42 48 3
42 17 1
42 18 5
42 24 4
42 25 5
42 29 5
42 31 2
43 59 1
43 45 4
43 50 3
43 51 5
43 20 1
43 21 3
43 54 5
43 24 5
43 37 5
43 29 3
43 30 4
43 5 2
44 55 2
44 13 2
44 45 3
44 18 4
44 3 3
44 20 5
44 53 5
44 54 5
44 23 5
44 56 5
44 59 3
45 54 5
45 55 2
45 58 3
45 59 2
46 53 5
47 51 5
47 2 5
47 5 5
47 7 5
47 41 4
47 42 1
47 11 3
47 12 5
47 34 1
47 19 1
47 52 4
47 23 3
47 57 4
47 26 1
47 30 3
48 42 4
48 13 4
48 15 1
48 50 5
48 25 4
48 21 3
48 54 1
48 55 4
48 57 1
48 31 4
48 30 5
48 53 1
49 6 1
49 39 5
49 54 1
49 12 3
49 16 5
49 53 1
49 22 2
49 57 5
49 25 4
49 58 2
49 59 2
49 30 1
50 53 4
50 43 3
50 23 3
50 59 4
51 59 4
51 35 2
51 20 2
51 55 4
51 56 5
51 25 5
51 27 5
51 29 4
51 31 3
52 2 3
52 35 3
52 4 3
52 5 3
52 6 1
52 39 3
52 47 1
52 12 3
52 13 2
52 14 2
52 15 1
52 16 1
52 19 2
52 57 1
52 25 1
52 27 5
53 19 5
53 56 5
53 25 4
53 59 1
54 100003 50
55 100000 50
55 100002 50
55 100004 50
56 100000 50
56 33 2
56 34 3
56 100003 50
56 36 3
56 37 3
56 38 3
56 7 2
56 8 3
56 41 2
56 44 3
56 100004 50
56 51 5
56 53 1
56 23 3
56 25 1
56 26 3
56 29 3
56 5 1
57 100001 50
57 100004 50
57 37 4
57 38 4
57 49 5
57 11 1
57 13 5
57 47 5
57 48 4
57 17 3
57 52 1
57 100002 50
57 22 3
57 23 5
57 58 4
57 29 1
57 30 1
57 5 1
58 100002 50
58 100001 50
58 59 3
59 100001 50
-2 3 50
-2 5 50
-5 2 50
-5 4 50
-5 5 50
-4 4 50
-4 5 50
-3 1 50
-3 2 50
-3 3 50
-1 1 50
-1 2 50
-1 5 50
