0 33 7
0 3 5
0 1 7
0 16 4
0 39 3
0 8 4
0 9 8
0 10 4
0 7 8
0 13 10
0 14 5
0 15 10
0 11 7
0 17 10
0 18 9
0 35 8
0 4 1
0 28 3
1 32 2
1 2 3
1 4 8
1 37 6
1 6 8
1 7 8
1 8 8
1 10 7
1 11 10
1 12 3
1 13 2
1 16 9
1 17 6
1 19 1
1 20 9
1 22 9
1 5 10
2 19 2
2 34 8
2 35 1
2 6 6
2 9 7
2 12 7
2 14 4
2 15 1
2 16 3
2 17 6
2 18 1
2 3 8
2 20 2
2 22 4
2 24 5
2 26 6
2 27 5
3 5 7
3 38 4
3 7 4
3 9 9
3 10 4
3 11 6
3 12 8
3 13 6
3 14 5
3 16 3
3 17 4
3 18 4
3 6 6
3 28 1
3 37 8
3 31 2
4 34 9
4 36 4
4 5 6
4 6 2
4 7 8
4 8 10
4 10 3
4 11 5
4 12 8
4 13 4
4 15 9
4 16 1
4 17 3
4 19 3
4 24 9
4 28 2
5 32 1
5 34 9
5 37 6
5 6 9
5 7 9
5 12 5
5 13 4
5 14 7
5 17 8
5 21 6
5 22 4
5 25 4
5 26 1
5 27 1
5 30 3
6 32 9
6 34 3
6 35 7
6 19 4
6 11 9
6 14 5
6 16 8
6 17 1
6 21 7
6 26 5
6 27 4
6 29 4
6 30 10
7 33 9
7 8 9
7 9 3
7 10 10
7 11 5
7 12 3
7 13 5
7 14 5
7 15 4
7 16 4
7 18 1
7 19 8
7 30 1
8 34 3
8 38 9
8 39 1
8 9 8
8 10 2
8 12 2
8 13 4
8 14 3
8 15 10
8 16 4
8 17 2
8 21 9
8 26 2
8 31 6
9 33 7
9 38 5
9 10 9
9 11 3
9 13 9
9 14 4
9 15 9
9 17 2
9 18 1
9 19 2
9 24 1
9 26 7
9 31 1
10 33 7
10 16 6
10 39 9
10 13 5
10 14 3
10 15 4
10 11 6
10 17 6
10 18 3
10 23 5
10 25 10
11 32 6
11 33 3
11 37 8
11 12 10
11 13 9
11 15 7
11 35 3
11 27 6
11 30 3
11 19 6
12 19 10
12 35 6
12 13 3
12 14 7
12 16 2
12 18 2
12 20 2
12 22 8
12 26 7
12 27 6
13 38 4
13 15 5
13 16 9
13 17 1
13 19 2
13 21 10
13 29 3
14 39 10
14 18 1
14 19 1
14 21 6
14 23 1
14 28 8
14 29 1
14 31 3
15 33 7
15 36 9
15 16 5
15 17 8
15 18 4
15 19 3
15 22 7
15 26 4
15 31 10
16 17 9
16 18 9
16 19 4
16 23 3
16 25 4
16 28 3
17 32 1
17 33 2
17 19 8
17 20 10
17 22 10
18 32 9
18 38 9
18 19 9
18 21 10
18 23 2
18 27 6
18 28 3
18 30 5
19 20 5
19 22 5
19 24 8
19 29 8
20 34 6
20 36 7
20 28 8
21 29 1
21 31 2
22 30 1
23 32 8
23 34 9
23 36 4
23 31 2
24 36 10
24 39 3
24 25 8
24 26 4
25 36 3
25 39 8
25 28 9
25 29 7
26 31 8
27 36 9
27 37 6
28 32 7
29 33 4
29 37 8
30 32 10
30 38 1
31 38 1
32 34 9
33 36 9
34 100000 100
34 35 7
35 100000 100
35 100003 100
35 37 9
35 39 3
35 100002 100
35 100001 100
36 100003 100
36 39 4
36 100004 100
37 100004 100
37 38 4
37 100001 100
38 100002 100
38 100004 100
39 100000 100
39 100002 100
39 100001 100
39 100003 100
-2 3 100
-2 4 100
-5 2 100
-5 3 100
-5 4 100
-4 4 100
-4 5 100
-3 1 100
-3 4 100
-3 5 100
-1 0 100
-1 4 100
