0 33 1
0 35 4
0 6 5
0 47 3
0 49 4
0 24 4
0 27 3
1 34 10
1 35 3
1 36 8
1 7 9
1 46 9
1 24 10
2 34 5
2 8 10
2 10 6
2 47 5
2 16 2
2 28 8
2 42 4
3 42 10
3 48 4
3 19 8
3 24 1
3 28 8
3 29 3
4 36 6
4 42 7
4 46 3
4 47 3
4 49 3
4 27 9
5 38 8
5 41 4
5 11 1
5 13 6
5 48 1
5 28 7
5 30 9
6 34 1
6 7 3
6 40 9
6 46 1
6 19 10
6 31 9
7 32 7
7 43 7
7 20 9
7 28 2
8 9 1
8 47 1
8 48 6
8 49 8
8 27 8
8 28 7
9 35 3
9 37 6
9 40 1
9 43 6
9 22 7
10 41 7
10 11 8
10 14 4
10 27 9
10 30 2
11 12 5
11 49 7
11 29 7
11 31 6
12 34 2
12 45 2
12 21 6
12 30 10
12 31 1
13 37 8
13 40 1
13 18 1
13 19 6
13 22 5
13 26 3
14 43 5
14 46 3
14 47 1
14 25 1
14 28 2
15 38 8
15 44 9
15 16 5
15 17 6
15 20 10
15 25 2
16 38 8
16 44 6
16 25 2
16 31 3
17 35 4
17 38 6
17 39 5
17 40 1
17 15 8
17 48 10
18 37 6
18 41 6
18 42 10
18 48 3
18 30 7
19 23 10
19 24 7
19 27 3
20 32 7
20 33 7
20 36 9
20 37 4
20 38 1
20 40 1
20 41 9
20 45 10
20 46 8
20 49 2
20 22 2
20 23 9
20 24 1
20 25 9
20 26 2
20 29 6
20 30 6
21 34 4
21 37 10
21 38 9
21 39 1
21 44 10
21 42 10
21 43 7
21 46 1
21 47 8
21 48 4
21 49 4
21 22 9
21 23 3
21 24 2
21 25 3
21 27 8
21 28 1
21 31 8
22 32 3
22 33 9
22 35 10
22 36 8
22 38 2
22 40 9
22 42 6
22 43 4
22 44 6
22 45 3
22 48 6
22 23 2
22 25 6
22 30 2
22 31 9
23 32 6
23 35 4
23 36 10
23 37 5
23 39 3
23 40 10
23 41 3
23 42 6
23 44 1
23 45 2
23 46 8
23 48 6
23 49 7
23 28 5
23 30 6
24 36 10
24 37 8
24 38 1
24 33 6
24 40 2
24 42 2
24 43 3
24 45 9
24 47 2
24 49 4
24 27 1
24 29 2
24 30 1
25 33 6
25 34 9
25 35 10
25 36 6
25 38 8
25 39 2
25 41 8
25 42 3
25 45 3
25 49 7
25 26 6
25 28 7
25 29 8
26 32 7
26 34 2
26 35 2
26 36 5
26 38 4
26 39 4
26 40 8
26 41 5
26 43 8
26 44 10
26 46 6
26 47 5
26 28 9
26 29 4
26 30 9
26 31 10
27 32 10
27 35 1
27 33 5
27 39 4
27 43 6
27 44 1
27 45 5
27 46 7
27 48 9
27 28 1
27 30 9
27 31 7
28 33 9
28 39 4
28 44 1
28 34 5
28 40 3
28 43 10
28 30 5
28 31 8
29 32 8
29 33 3
29 34 9
29 36 2
29 37 3
29 38 9
29 39 5
29 41 3
29 44 8
29 45 9
29 48 6
29 49 3
29 35 6
30 39 3
30 41 6
30 42 5
30 45 9
30 46 8
30 47 7
30 37 2
30 31 9
31 33 10
31 43 10
31 36 4
31 37 9
31 39 2
31 41 2
31 45 8
31 47 9
31 44 1
32 34 10
32 35 8
32 36 7
32 37 9
32 38 9
32 41 1
32 42 7
32 39 10
32 44 6
32 47 7
32 48 7
32 49 9
33 34 7
33 35 9
33 36 1
33 40 8
33 41 6
33 42 4
33 43 6
33 44 9
33 47 1
33 49 6
34 37 6
34 40 5
34 44 1
34 42 5
34 45 10
34 46 4
34 47 1
34 48 1
35 49 9
35 40 8
35 42 1
35 44 4
35 45 8
35 41 4
35 37 6
36 37 1
36 42 7
36 45 6
36 46 8
36 47 3
36 48 10
36 49 6
37 38 6
37 40 8
37 46 3
37 48 6
37 49 9
38 39 4
38 41 2
38 42 10
38 43 1
38 44 6
38 45 10
39 40 8
39 41 4
39 42 3
39 43 9
39 44 8
39 45 1
39 48 7
40 49 4
40 42 1
40 46 8
40 48 7
41 43 6
41 45 8
41 46 7
41 47 9
42 43 4
43 46 4
43 44 4
43 45 1
43 47 2
44 100004 100
44 47 1
44 45 3
45 100001 100
45 48 7
45 100002 100
45 100003 100
46 100000 100
46 100002 100
46 47 2
46 48 6
46 49 5
47 100003 100
47 49 10
47 100000 100
47 100002 100
48 100001 100
48 49 4
48 100003 100
49 100004 100
49 100001 100
-2 1 100
-2 4 100
-5 0 100
-5 2 100
-4 2 100
-4 3 100
-4 4 100
-3 3 100
-1 2 100
-1 4 100
-1 5 100
