0 33 5
0 34 3
0 35 3
0 37 3
0 48 5
0 8 4
0 42 5
0 11 3
0 12 3
0 15 5
0 16 3
0 40 5
0 3 4
0 20 4
0 24 5
0 7 4
0 47 2
0 30 2
1 33 5
1 2 2
1 3 4
1 4 4
1 6 5
1 49 3
1 42 1
1 44 2
1 34 5
1 14 3
1 48 5
1 17 5
1 10 2
1 19 4
1 24 1
1 27 4
1 29 2
1 31 4
2 34 5
2 4 1
2 6 4
2 38 4
2 39 3
2 10 1
2 11 5
2 45 2
2 46 1
2 16 5
2 17 4
2 19 2
2 20 2
2 24 2
2 27 3
2 5 5
2 31 1
3 4 3
3 37 5
3 38 2
3 8 2
3 12 2
3 10 4
3 11 1
3 44 2
3 45 2
3 14 2
3 15 3
3 17 3
3 22 4
3 9 1
3 6 5
3 47 2
3 31 3
4 32 1
4 34 5
4 36 4
4 37 5
4 41 4
4 12 4
4 45 4
4 13 4
4 17 4
4 19 2
4 21 2
4 22 4
4 23 2
4 26 2
4 28 2
5 34 1
5 36 5
5 6 3
5 7 3
5 8 1
5 10 4
5 44 4
5 2 2
5 45 2
5 16 3
5 17 4
5 19 5
5 26 1
5 15 1
5 28 1
5 13 3
5 30 3
5 31 2
6 34 3
6 11 5
6 7 1
6 8 2
6 12 1
6 42 3
6 43 5
6 44 5
6 14 2
6 48 5
6 17 4
6 25 1
6 28 3
6 10 4
7 35 1
7 17 5
7 8 1
7 10 1
7 12 3
7 13 4
7 46 4
7 47 1
7 16 5
7 49 2
7 18 5
7 19 5
7 20 4
7 40 3
7 15 3
8 36 5
8 38 3
8 40 5
8 10 1
8 11 4
8 12 1
8 13 1
8 14 3
8 45 2
8 16 3
8 18 4
8 46 5
8 25 1
9 32 3
9 35 3
9 36 1
9 37 3
9 38 1
9 39 3
9 41 4
9 10 4
9 43 1
9 44 4
9 45 5
9 14 1
9 49 4
9 18 2
9 42 1
9 17 4
9 26 3
9 29 5
10 35 2
10 17 4
10 39 2
10 42 4
10 12 4
10 11 4
10 43 1
10 27 2
10 16 1
10 31 3
11 34 3
11 36 1
11 49 5
11 41 1
11 39 2
11 12 1
11 14 1
11 15 5
11 16 5
11 17 3
11 26 2
11 28 2
12 16 1
12 40 4
12 13 2
12 14 1
12 47 2
12 48 3
12 18 1
12 21 2
12 25 5
12 26 2
13 42 3
13 14 3
13 15 1
13 19 5
13 22 3
13 24 5
13 25 2
13 26 3
13 47 3
13 28 3
13 29 2
13 30 3
13 31 1
14 45 1
14 36 2
14 38 4
14 42 4
14 15 1
14 18 1
14 21 2
14 22 4
14 27 3
14 30 5
15 32 1
15 35 2
15 19 2
15 39 4
15 40 1
15 41 3
15 43 3
15 16 1
15 18 1
15 21 4
15 46 4
16 17 1
16 36 2
16 38 4
16 40 5
16 18 5
16 19 3
16 21 4
16 22 3
16 25 3
17 40 1
17 18 2
17 19 4
17 48 1
17 24 4
17 26 5
17 27 3
18 33 5
18 42 3
18 43 3
18 44 3
18 45 3
18 47 2
18 20 5
18 22 4
18 25 3
18 30 2
19 33 4
19 34 1
19 36 1
19 41 4
19 47 4
19 48 1
19 21 4
19 22 4
19 30 2
20 36 4
20 38 5
20 39 2
20 43 4
20 46 5
20 22 4
20 26 1
21 40 4
21 44 4
21 23 4
21 26 2
21 29 3
22 34 1
22 48 3
22 23 4
23 38 1
23 40 2
23 41 1
23 45 4
23 46 3
23 28 5
23 30 5
23 31 1
24 35 3
24 37 3
24 38 4
24 43 1
24 45 3
24 48 1
25 33 2
25 35 1
25 37 3
25 42 3
25 29 3
26 33 5
26 37 4
27 32 1
27 36 1
27 33 1
27 49 5
27 46 4
27 31 5
28 34 3
28 38 1
28 39 1
28 41 1
28 47 3
29 32 1
29 33 2
29 47 4
29 48 5
29 49 1
29 30 3
30 32 2
30 35 2
30 44 5
31 32 5
31 39 4
31 49 2
32 33 2
32 35 4
32 43 4
32 49 5
33 41 3
33 46 3
34 37 2
35 37 5
35 46 5
36 41 1
37 39 1
37 43 1
38 44 4
39 43 3
39 42 4
40 44 1
40 47 5
41 46 1
41 49 4
42 48 4
43 49 1
44 100002 50
44 46 2
45 48 4
46 100001 50
47 100000 50
47 100004 50
47 49 5
47 100003 50
48 100002 50
48 100004 50
48 100001 50
49 100002 50
49 100000 50
49 100003 50
49 100001 50
-2 0 50
-2 2 50
-2 5 50
-5 2 50
-5 3 50
-4 0 50
-4 1 50
-4 5 50
-3 1 50
-3 3 50
-3 4 50
-1 1 50
-1 3 50
