0 2 1
0 34 3
0 37 3
0 6 4
0 7 5
0 45 4
0 44 2
0 13 3
0 46 2
0 47 1
0 49 4
0 20 4
0 24 4
0 39 2
0 5 3
1 33 2
1 2 1
1 35 4
1 36 3
1 5 2
1 12 1
1 10 5
1 44 5
1 13 1
1 14 3
1 15 2
1 21 4
1 23 5
1 28 2
1 31 3
2 3 3
2 4 1
2 5 4
2 6 3
2 40 5
2 41 2
2 42 4
2 13 4
2 47 1
2 18 1
2 22 1
2 15 3
2 10 4
3 48 5
3 34 3
3 8 5
3 9 3
3 11 5
3 15 5
3 16 2
3 49 4
3 18 5
3 19 2
3 41 5
3 24 1
3 26 1
3 27 3
4 32 4
4 36 2
4 49 4
4 7 1
4 41 5
4 10 4
4 43 1
4 46 1
4 15 5
4 16 4
4 17 4
4 28 2
4 42 4
4 30 5
5 36 2
5 38 1
5 6 1
5 33 1
5 39 3
5 13 2
5 48 2
5 22 3
5 24 5
5 27 3
5 30 4
5 31 2
6 9 3
6 10 4
6 11 1
6 34 5
6 49 3
6 19 2
6 21 3
6 24 3
6 26 5
6 28 2
6 29 3
6 30 4
7 34 2
7 35 2
7 39 2
7 12 3
7 46 2
7 16 3
7 17 1
7 18 1
7 20 1
7 22 1
7 27 5
7 28 1
7 31 4
8 32 2
8 36 1
8 37 2
8 41 2
8 42 1
8 11 1
8 44 3
8 48 1
8 49 3
8 22 4
8 25 1
8 27 1
8 28 1
8 10 2
9 16 2
9 37 4
9 40 2
9 42 5
9 43 3
9 14 1
9 48 4
9 49 2
9 18 3
9 35 5
9 20 5
9 46 2
9 11 1
10 32 2
10 37 2
10 38 2
10 41 5
10 12 3
10 13 2
10 49 3
10 21 5
10 22 2
10 23 4
11 34 2
11 38 3
11 14 2
11 47 3
11 49 5
11 18 5
11 19 3
11 40 4
11 23 5
11 24 5
11 26 2
12 34 1
12 27 5
12 33 1
12 44 5
12 13 3
12 46 2
12 47 4
12 18 5
12 24 3
12 26 4
12 15 2
12 42 1
13 35 1
13 36 1
13 42 3
13 47 4
13 48 1
13 19 3
13 23 1
13 24 4
13 28 4
14 35 4
14 36 5
14 33 5
14 17 1
14 40 5
14 42 3
14 45 4
14 15 3
14 49 1
14 23 5
14 30 5
14 31 3
15 35 5
15 37 3
15 39 1
15 41 4
15 46 4
15 19 4
15 22 4
15 25 3
15 27 5
16 32 5
16 34 5
16 38 5
16 40 4
16 45 2
16 46 5
16 48 2
16 17 3
16 19 3
16 30 4
16 31 5
17 48 5
17 41 1
17 42 3
17 44 5
17 47 2
17 19 1
17 20 5
17 24 2
17 27 3
17 28 1
17 31 1
18 36 4
18 43 2
18 45 4
18 20 1
18 23 2
18 25 1
18 27 3
18 39 4
18 31 2
19 37 5
19 39 1
19 41 5
19 42 4
19 44 5
19 47 5
19 24 1
19 28 5
20 33 4
20 43 5
20 38 4
20 32 3
20 44 1
20 45 1
20 46 5
20 25 4
20 28 1
21 32 3
21 33 2
21 39 2
21 40 3
21 43 2
21 46 5
21 48 4
21 22 2
21 23 3
21 29 3
21 30 4
22 36 2
22 39 4
22 40 5
22 25 4
22 26 2
22 29 3
22 30 2
23 39 1
23 40 5
23 44 5
23 25 5
23 26 4
23 29 4
23 31 4
24 34 2
24 38 3
24 46 1
24 47 1
24 30 3
25 33 5
25 35 4
25 43 4
25 45 3
25 47 4
25 48 4
25 26 5
25 29 1
26 34 3
26 35 5
26 38 2
26 42 1
26 45 3
26 46 3
26 31 2
27 33 1
27 37 2
27 41 1
27 45 2
27 46 4
27 35 5
28 32 2
28 36 5
28 45 5
28 29 3
28 31 3
29 35 3
29 36 4
29 37 1
29 41 3
29 42 2
29 45 4
29 47 5
29 30 4
30 37 5
30 40 5
30 48 1
30 49 1
30 31 1
31 38 3
31 44 5
31 47 4
32 33 4
32 35 2
32 37 5
32 38 1
32 48 1
32 42 1
32 47 5
33 36 1
33 37 2
33 39 4
33 43 1
33 45 2
34 38 3
34 40 3
34 41 5
34 39 2
34 46 4
35 36 2
35 43 5
35 45 3
36 38 3
36 44 3
37 38 2
37 49 4
37 40 1
38 43 3
38 39 3
39 40 1
39 45 5
40 43 3
40 41 4
41 49 5
41 44 2
42 43 3
42 48 3
43 44 1
43 47 4
43 48 1
44 100002 50
44 49 4
44 48 5
44 100004 50
45 100004 50
45 100000 50
45 49 3
46 47 4
46 100002 50
47 100001 50
47 100003 50
47 100000 50
48 100001 50
48 100003 50
49 100001 50
49 100004 50
-2 1 50
-2 2 50
-2 3 50
-5 0 50
-5 1 50
-5 2 50
-4 0 50
-4 1 50
-4 4 50
-3 0 50
-3 3 50
-3 4 50
-1 1 50
-1 3 50
-1 5 50
