0 19 1
0 33 4
0 2 3
0 4 5
0 5 2
0 6 3
0 1 1
0 8 2
0 9 3
0 11 5
0 12 1
0 13 1
0 14 3
0 16 1
0 17 2
0 18 2
0 51 2
0 24 1
1 34 4
1 3 4
1 4 5
1 5 2
1 6 5
1 7 3
1 9 1
1 10 3
1 11 5
1 12 5
1 2 5
1 14 5
1 15 4
1 16 2
1 17 3
1 18 3
1 19 5
2 3 4
2 4 1
2 5 4
2 6 5
2 7 1
2 8 5
2 9 3
2 10 5
2 12 5
2 13 1
2 14 2
2 15 3
2 18 3
2 19 3
2 56 4
2 27 5
3 36 2
3 5 4
3 6 5
3 40 1
3 10 3
3 12 1
3 13 5
3 46 4
3 15 4
3 16 2
3 8 1
3 19 2
3 21 1
3 24 2
3 57 1
3 26 5
4 36 2
4 5 4
4 6 2
4 7 2
4 9 2
4 11 3
4 12 4
4 13 3
4 14 5
4 15 2
4 16 4
4 17 4
4 18 4
4 19 2
4 30 4
5 6 5
5 7 1
5 8 2
5 9 1
5 42 1
5 12 2
5 14 5
5 15 3
5 17 4
5 18 1
5 19 5
5 23 1
5 24 5
6 38 3
6 7 3
6 8 3
6 9 2
6 11 3
6 12 1
6 18 2
6 46 2
6 15 2
6 50 5
6 19 3
6 13 4
7 32 2
7 8 5
7 9 2
7 10 3
7 11 4
7 12 2
7 45 4
7 13 5
7 17 2
7 18 4
7 19 1
7 53 1
7 47 2
8 33 2
8 38 2
8 9 1
8 11 4
8 13 3
8 14 1
8 15 1
8 16 2
8 17 5
8 18 1
8 19 5
8 22 3
8 6 1
9 37 2
9 16 1
9 7 2
9 8 1
9 11 4
9 14 2
9 15 1
9 48 3
9 18 4
9 23 2
9 25 3
9 6 2
9 59 2
9 5 2
10 17 5
10 37 1
10 39 2
10 12 2
10 7 3
10 44 4
10 13 4
10 16 2
10 24 2
10 18 4
10 19 3
10 52 2
10 21 5
10 56 1
10 31 4
11 33 1
11 37 3
11 6 2
11 39 4
11 8 3
11 9 4
11 43 1
11 12 2
11 18 3
11 48 3
11 50 3
11 19 5
11 7 2
11 25 2
11 4 5
11 16 2
12 4 5
12 6 3
12 38 3
12 7 1
12 41 1
12 10 4
12 11 2
12 44 1
12 13 3
12 15 4
12 16 3
12 54 1
12 57 2
12 5 5
13 16 5
13 2 3
13 3 2
13 4 4
13 37 3
13 6 3
13 7 5
13 8 1
13 10 2
13 12 4
13 14 4
13 15 2
13 48 5
13 19 1
13 54 1
13 23 3
13 57 5
14 4 3
14 5 3
14 8 3
14 41 5
14 42 2
14 23 4
14 44 3
14 13 5
14 15 4
14 16 4
14 17 1
14 18 1
14 19 4
14 9 2
14 28 5
15 3 5
15 4 2
15 6 4
15 38 4
15 39 1
15 8 4
15 9 2
15 12 5
15 13 2
15 14 4
15 47 2
15 16 4
15 17 4
15 18 2
15 19 1
15 5 4
16 34 4
16 37 2
16 11 2
16 12 3
16 18 1
16 14 3
16 13 5
16 50 2
16 52 4
16 22 3
16 15 4
17 32 1
17 34 2
17 7 5
17 8 5
17 42 5
17 14 4
17 15 4
17 18 4
17 19 3
17 21 3
17 27 1
17 28 3
17 10 4
17 31 1
18 1 2
18 2 4
18 4 5
18 5 3
18 6 5
18 39 1
18 8 1
18 9 2
18 10 5
18 11 1
18 14 2
18 15 4
18 16 3
18 49 4
18 19 1
18 17 3
18 7 5
19 46 4
19 34 3
19 18 4
19 14 2
20 24 3
20 25 1
20 43 1
20 30 2
20 31 5
21 57 4
21 10 5
21 3 5
21 17 2
21 55 1
22 16 3
22 25 3
22 26 5
22 8 5
22 40 1
23 5 4
23 13 3
23 14 2
23 53 1
24 10 4
24 3 1
24 20 2
24 5 2
25 9 1
25 35 3
25 20 2
25 22 3
26 43 3
26 51 4
26 22 4
26 39 3
27 48 2
27 17 4
27 2 1
27 52 4
27 50 4
28 35 2
28 14 2
28 55 1
28 31 1
29 49 2
29 58 5
29 36 1
29 45 3
29 57 2
30 32 1
30 4 4
30 58 5
30 20 5
30 54 3
31 40 4
31 17 2
31 10 2
31 20 1
31 28 2
32 34 2
32 45 3
33 59 3
33 41 2
34 45 1
35 56 5
35 28 4
35 44 2
35 48 5
36 58 5
36 52 4
37 44 1
38 56 2
39 11 4
39 26 5
39 10 2
39 18 2
39 15 2
40 46 2
40 22 5
40 55 5
41 42 1
41 59 5
42 55 3
43 58 1
43 46 3
44 49 2
45 52 5
45 53 3
46 49 5
47 50 2
47 51 5
47 54 1
47 15 5
48 11 5
48 13 4
48 9 1
49 59 3
49 51 2
50 27 5
50 11 4
50 6 4
50 47 4
51 59 1
52 55 5
53 58 2
53 54 1
54 100000 50
54 100003 50
55 100000 50
55 100001 50
55 100004 50
55 56 1
56 100000 50
56 100001 50
56 100004 50
56 100002 50
56 100003 50
57 100004 50
57 12 5
57 13 1
57 21 3
57 29 3
58 100002 50
59 100001 50
59 100002 50
59 100003 50
-2 4 50
-2 5 50
-5 3 50
-5 5 50
-4 3 50
-4 4 50
-4 5 50
-3 3 50
-3 4 50
-3 5 50
-1 3 50
-1 4 50
-1 5 50
