0 32 10
0 1 1
0 35 7
0 9 5
0 12 1
0 3 2
0 23 8
0 24 1
0 27 9
0 30 9
1 4 8
1 38 2
1 6 2
1 8 7
1 14 7
1 20 8
1 21 10
1 23 4
1 31 9
2 34 8
2 6 1
2 38 2
2 7 10
2 9 10
2 13 10
2 16 2
2 18 10
2 23 4
2 25 8
3 33 8
3 36 5
3 5 1
3 32 1
3 12 9
3 19 10
3 21 2
3 22 4
3 26 10
4 35 2
4 36 5
4 5 7
4 8 8
4 22 1
4 23 2
4 24 7
4 27 5
4 29 7
5 38 8
5 11 1
5 14 7
5 15 4
5 20 6
5 22 10
5 23 8
5 25 9
6 32 5
6 7 2
6 8 4
6 20 6
6 23 2
6 24 5
6 26 9
6 28 1
7 38 2
7 39 7
7 16 1
7 18 7
7 19 10
7 20 2
7 25 8
7 30 4
8 33 6
8 38 7
8 14 10
8 17 8
8 19 9
8 28 7
8 37 5
9 32 3
9 38 9
9 10 2
9 13 6
9 15 2
9 20 2
9 24 2
9 29 8
10 33 1
10 39 6
10 16 3
10 20 6
10 23 10
10 25 1
10 26 10
10 29 6
10 31 3
11 33 8
11 36 8
11 38 7
11 39 10
11 19 7
11 22 4
11 37 5
11 30 10
11 31 2
12 34 9
12 38 6
12 21 2
12 23 7
12 26 9
12 27 1
12 28 5
12 30 1
13 32 1
13 34 10
13 35 1
13 36 2
13 37 8
13 38 4
13 22 4
13 31 5
14 32 9
14 34 8
14 36 10
14 16 1
14 20 8
14 30 10
14 37 10
15 34 6
15 35 6
15 39 2
15 17 10
15 24 1
15 26 4
15 28 5
15 29 3
16 35 5
16 36 9
16 38 8
16 17 9
16 22 10
16 25 3
17 33 2
17 35 5
17 21 8
17 23 5
17 26 10
17 28 1
17 30 6
18 34 6
18 35 3
18 37 7
18 19 10
18 20 6
18 21 2
18 29 9
18 31 6
19 33 5
19 34 5
19 21 6
19 29 8
19 31 10
20 32 5
20 35 1
20 36 10
20 22 8
20 26 7
20 27 9
20 30 8
20 37 3
21 34 8
21 37 3
21 39 4
21 33 10
21 22 10
21 23 1
21 24 8
21 26 7
21 27 5
21 28 6
22 32 9
22 39 5
22 25 8
22 26 3
22 28 5
22 29 1
22 30 1
22 31 1
23 33 2
23 34 5
23 24 3
23 27 3
23 29 6
23 30 6
24 33 1
24 38 10
24 39 2
24 25 5
24 36 2
24 26 1
24 27 9
24 28 6
24 30 8
25 32 8
25 33 9
25 35 3
25 39 10
25 37 7
25 27 9
25 28 6
25 29 10
25 31 4
26 33 3
26 34 6
26 37 6
26 39 9
26 27 1
26 28 6
27 33 2
27 35 7
27 39 1
27 36 4
27 28 4
27 29 6
27 30 8
28 32 1
28 34 9
28 35 4
28 37 8
28 29 4
29 32 7
29 34 6
29 37 7
29 39 5
29 31 1
30 32 6
30 34 4
30 35 3
30 36 7
30 31 4
31 32 3
31 35 5
31 36 4
31 33 1
31 38 3
31 39 1
32 36 3
32 37 8
32 39 1
33 36 6
33 38 3
33 39 2
34 35 8
34 36 4
34 38 9
34 100002 100
34 100004 100
34 100003 100
35 100003 100
35 37 9
35 36 7
35 100004 100
36 37 1
36 100001 100
36 100000 100
36 100002 100
37 100001 100
37 38 5
37 39 6
37 100004 100
38 100003 100
38 100002 100
38 39 3
39 100000 100
-2 2 100
-2 3 100
-5 0 100
-5 2 100
-5 5 100
-4 2 100
-4 4 100
-4 5 100
-3 0 100
-3 3 100
-3 4 100
-1 0 100
-1 1 100
-1 3 100
