0 32 4
0 1 3
0 2 2
0 3 5
0 6 3
0 7 2
0 8 1
0 9 4
0 12 4
0 13 3
0 16 3
0 34 4
0 21 4
0 25 3
0 26 5
0 28 2
1 34 4
1 3 3
1 37 5
1 6 1
1 7 2
1 39 1
1 12 1
1 15 2
1 11 4
1 19 3
1 20 5
1 22 1
1 26 3
1 28 5
1 5 2
2 32 1
2 0 5
2 34 2
2 3 1
2 36 5
2 37 5
2 8 4
2 10 4
2 13 3
2 14 3
2 16 4
2 17 4
2 19 3
2 20 1
2 21 5
2 30 1
3 0 5
3 1 3
3 2 5
3 5 2
3 7 5
3 8 3
3 12 5
3 13 2
3 16 4
3 18 1
3 19 4
3 22 2
3 23 5
3 25 2
3 27 4
3 31 2
4 32 1
4 33 1
4 35 2
4 36 1
4 37 5
4 9 2
4 10 2
4 11 5
4 13 3
4 14 1
4 18 5
4 22 1
4 25 3
4 27 5
4 29 5
4 5 5
5 32 5
5 1 1
5 3 5
5 4 4
5 8 5
5 13 2
5 14 5
5 16 1
5 18 4
5 19 4
5 24 4
5 26 5
5 27 1
5 29 5
5 30 5
5 31 3
6 0 5
6 1 2
6 35 3
6 36 2
6 33 4
6 10 3
6 11 3
6 13 1
6 14 3
6 18 2
6 21 1
6 22 5
6 23 5
6 25 1
6 26 3
6 27 5
7 1 4
7 34 5
7 3 3
7 38 3
7 39 4
7 9 4
7 10 2
7 11 2
7 12 4
7 13 4
7 15 5
7 17 1
7 18 3
7 20 5
7 28 5
8 0 1
8 33 1
8 2 4
8 3 5
8 36 3
8 5 1
8 38 1
8 12 3
8 14 5
8 15 5
8 18 1
8 19 2
8 24 4
8 26 5
8 29 3
8 30 5
9 0 2
9 32 3
9 36 4
9 38 4
9 7 2
9 10 2
9 11 4
9 12 2
9 13 1
9 14 1
9 16 1
9 17 3
9 19 2
9 21 5
9 23 4
9 4 1
10 34 3
10 4 2
10 6 3
10 39 3
10 9 4
10 2 4
10 13 3
10 15 1
10 16 3
10 17 5
10 18 1
10 21 3
10 22 4
10 7 2
10 25 5
10 30 1
11 35 1
11 4 2
11 6 5
11 7 1
11 9 1
11 39 4
11 12 3
11 13 5
11 15 5
11 16 1
11 19 2
11 20 3
11 25 3
11 28 2
11 30 3
12 33 1
12 34 2
12 35 4
12 1 5
12 7 1
12 8 4
12 9 2
12 39 3
12 13 1
12 11 1
12 17 5
12 3 3
12 20 2
12 23 1
12 25 4
13 0 4
13 2 2
13 3 2
13 4 3
13 5 4
13 6 2
13 7 3
13 9 3
13 10 3
13 11 2
13 12 5
13 18 4
13 19 3
13 22 1
13 28 1
13 31 1
14 32 1
14 33 2
14 2 1
14 4 3
14 6 1
14 38 5
14 39 1
14 8 1
14 9 1
14 17 3
14 19 2
14 36 2
14 27 1
14 29 5
14 30 1
14 5 3
15 1 2
15 34 1
15 35 4
15 38 5
15 7 3
15 8 2
15 10 5
15 11 5
15 16 2
15 18 3
15 21 2
15 22 4
15 24 5
15 26 5
15 27 3
15 31 3
16 0 4
16 33 3
16 2 1
16 3 3
16 36 2
16 5 5
16 9 2
16 10 2
16 11 5
16 15 4
16 17 2
16 23 4
16 24 1
16 26 5
16 28 5
16 29 3
17 32 2
17 2 1
17 37 5
17 38 3
17 39 3
17 9 3
17 10 3
17 7 5
17 12 4
17 14 3
17 16 4
17 18 5
17 20 5
17 25 3
17 28 5
17 29 2
18 32 4
18 3 1
18 4 5
18 38 2
18 6 5
18 7 2
18 8 5
18 10 2
18 39 1
18 13 3
18 15 5
18 17 4
18 19 4
18 22 2
18 30 5
18 5 1
19 1 1
19 2 4
19 3 5
19 36 2
19 37 3
19 8 3
19 9 2
19 11 3
19 13 2
19 14 5
19 18 5
19 20 2
19 5 1
19 25 1
19 28 3
19 31 4
20 1 1
20 2 2
20 37 2
20 7 1
20 11 1
20 12 2
20 17 1
20 19 3
20 24 3
20 31 1
21 0 4
21 33 2
21 2 1
21 6 5
21 9 5
21 10 4
21 15 1
21 24 2
21 28 4
21 31 2
22 1 3
22 3 1
22 4 5
22 6 5
22 10 3
22 13 1
22 15 5
22 18 3
22 23 1
22 24 2
23 34 1
23 35 4
23 6 2
23 9 4
23 12 2
23 16 5
23 3 3
23 22 5
23 26 2
23 29 5
24 34 4
24 5 2
24 8 5
24 15 1
24 16 2
24 20 3
24 21 1
24 22 3
24 30 3
24 37 1
25 0 4
25 3 4
25 4 4
25 6 3
25 10 2
25 11 3
25 12 5
25 17 1
25 19 3
25 27 3
26 0 4
26 1 5
26 35 2
26 5 5
26 6 5
26 33 5
26 8 3
26 15 2
26 16 1
26 23 5
27 3 2
27 4 4
27 37 2
27 38 5
27 14 3
27 15 1
27 25 4
27 6 3
27 5 5
27 31 5
28 0 2
28 1 2
28 36 5
28 7 1
28 11 1
28 13 3
28 16 4
28 17 4
28 19 4
28 21 4
29 36 4
29 5 4
29 8 3
29 14 1
29 16 4
29 17 2
29 23 3
29 4 2
29 37 4
29 31 1
30 33 1
30 34 1
30 5 1
30 8 2
30 10 1
30 11 1
30 2 2
30 14 5
30 18 4
30 24 3
31 3 1
31 35 3
31 5 3
31 13 3
31 15 2
31 19 4
31 20 3
31 21 2
31 27 3
31 29 3
32 39 2
32 9 3
32 14 5
32 17 1
32 18 2
32 37 1
33 4 1
33 6 3
33 38 2
33 8 4
33 12 4
33 14 3
33 16 4
33 21 3
33 26 5
33 30 4
34 7 5
34 10 5
34 12 2
34 15 2
34 23 1
34 24 3
34 30 4
35 100000 50
35 100001 50
35 100003 50
35 6 5
35 38 4
35 39 5
35 11 3
35 12 1
35 15 2
35 23 4
35 100004 50
35 26 1
35 31 3
36 100000 50
36 100001 50
36 2 2
36 4 1
36 6 5
36 8 5
36 9 5
36 100002 50
36 14 2
36 16 4
36 19 2
36 28 1
36 29 4
37 32 3
37 1 1
37 2 1
37 4 5
37 100002 50
37 17 5
37 19 2
37 20 4
37 24 5
37 27 4
37 29 1
38 100000 50
38 33 2
38 35 4
38 7 2
38 8 2
38 9 5
38 14 3
38 15 4
38 17 5
38 18 3
38 100003 50
38 27 5
-2 1 50
-2 2 50
-2 4 50
-5 2 50
-5 3 50
-5 4 50
-4 3 50
-4 4 50
-4 5 50
-3 3 50
-3 4 50
-1 2 50
-1 3 50
-1 4 50
