0 1 4
0 2 1
0 3 3
0 4 2
0 5 3
0 7 2
0 8 1
0 9 3
0 12 3
0 13 1
0 14 1
0 15 4
0 16 2
0 17 1
0 19 5
0 25 5
0 32 5
0 36 2
0 37 4
0 53 1
0 55 5
0 56 2
0 58 2
1 2 4
1 3 1
1 4 1
1 5 3
1 6 5
1 7 5
1 8 1
1 9 5
1 12 5
1 13 3
1 14 1
1 16 5
1 17 1
1 19 2
1 20 5
1 21 2
1 32 2
1 40 4
1 42 1
1 43 5
1 54 3
1 57 5
2 4 4
2 5 3
2 6 3
2 7 3
2 8 2
2 9 5
2 10 3
2 11 5
2 12 4
2 13 4
2 14 2
2 16 4
2 18 5
2 19 5
2 27 5
2 28 4
2 33 5
2 43 2
2 45 2
2 46 3
2 51 4
3 4 1
3 5 5
3 6 4
3 7 5
3 8 4
3 9 5
3 11 1
3 12 5
3 13 2
3 14 2
3 15 5
3 16 2
3 17 3
3 19 4
3 21 1
3 29 1
3 34 1
3 37 4
3 41 3
3 56 1
3 58 1
4 5 2
4 6 3
4 7 1
4 8 4
4 11 2
4 13 4
4 14 5
4 16 2
4 17 4
4 19 1
4 21 1
4 24 3
4 27 2
4 31 1
4 36 1
4 51 5
4 53 3
4 56 5
4 58 3
5 6 3
5 7 2
5 8 2
5 9 1
5 11 4
5 12 3
5 13 2
5 14 1
5 15 3
5 16 3
5 17 4
5 18 1
5 38 5
5 39 5
5 41 5
5 50 4
5 54 1
5 57 2
6 7 2
6 10 1
6 11 5
6 12 3
6 13 1
6 14 4
6 15 4
6 17 5
6 18 4
6 19 4
6 26 2
6 35 3
6 37 5
6 38 3
6 46 3
6 50 5
6 55 1
6 59 4
7 8 2
7 9 3
7 10 1
7 11 1
7 13 4
7 14 4
7 15 3
7 16 5
7 17 3
7 18 5
7 19 2
7 25 4
7 28 5
7 35 1
7 36 5
7 48 1
8 9 2
8 10 1
8 12 2
8 13 2
8 14 4
8 15 5
8 16 3
8 17 3
8 18 5
8 19 2
8 21 4
8 22 4
8 24 2
8 36 1
8 48 1
8 50 1
9 11 4
9 12 3
9 13 5
9 14 2
9 15 1
9 17 5
9 19 4
9 25 5
9 27 5
9 32 5
9 38 1
9 39 3
9 50 1
9 51 5
9 58 4
9 59 5
10 11 5
10 12 2
10 14 2
10 16 4
10 18 1
10 19 1
10 25 1
10 30 4
10 36 2
10 37 1
10 39 5
10 43 4
10 45 1
10 47 5
10 48 1
10 49 3
10 51 5
10 54 4
10 58 5
11 12 5
11 13 1
11 14 1
11 15 2
11 16 2
11 17 4
11 18 4
11 22 4
11 24 5
11 25 3
11 30 2
11 42 5
11 49 4
11 54 4
11 59 4
12 13 4
12 14 3
12 15 4
12 16 2
12 17 5
12 19 3
12 21 1
12 24 5
12 26 1
12 33 2
12 34 3
12 45 2
12 49 1
13 16 5
13 17 4
13 18 4
13 25 1
13 26 2
13 30 5
13 31 4
13 32 2
13 44 5
13 47 5
13 54 3
14 5 1
14 6 4
14 7 5
14 8 1
14 9 4
14 10 3
14 11 4
14 12 5
14 15 1
14 16 2
14 17 3
14 18 1
14 19 4
14 25 2
14 30 5
14 31 4
14 43 2
14 44 1
15 7 4
15 8 3
15 9 5
15 11 4
15 12 2
15 14 2
15 16 4
15 17 1
15 18 2
15 19 4
15 28 5
15 33 2
15 35 3
15 39 2
15 40 1
15 42 3
15 45 3
15 46 2
15 53 4
16 17 4
16 18 1
16 19 1
16 24 1
16 27 4
16 33 4
16 37 3
16 44 2
16 59 3
17 18 1
17 19 3
17 23 4
17 29 5
17 37 1
17 44 3
17 48 1
17 52 1
18 19 4
18 25 3
18 30 3
18 34 4
18 41 3
18 42 2
18 44 2
18 45 3
18 50 2
18 51 2
18 58 3
19 24 4
19 25 1
19 33 1
19 37 4
19 46 4
19 52 2
19 55 1
20 34 1
20 41 5
20 42 5
20 43 2
20 49 4
20 55 1
20 26 5
20 59 3
20 28 3
21 3 3
21 4 3
21 8 2
21 12 4
21 46 3
21 53 4
21 56 2
21 58 4
21 28 1
22 35 5
22 40 4
22 41 3
22 43 2
22 44 5
22 46 1
22 11 2
22 8 4
22 55 2
22 59 5
23 32 4
23 35 1
23 39 2
23 41 3
23 17 4
23 52 4
23 57 5
23 27 1
23 29 5
23 30 1
24 35 4
24 4 4
24 8 5
24 11 1
24 12 3
24 46 5
24 16 4
24 49 4
24 19 3
24 54 2
25 0 3
25 7 2
25 9 3
25 10 4
25 11 1
25 13 4
25 14 1
25 18 2
25 19 4
25 53 2
26 36 1
26 6 3
26 12 4
26 13 3
26 47 4
26 49 5
26 20 4
26 53 1
26 57 1
26 52 1
27 34 3
27 4 2
27 39 5
27 9 1
27 44 5
27 2 2
27 47 1
27 16 3
27 23 4
27 31 4
28 38 3
28 7 5
28 43 1
28 44 5
28 15 2
28 20 3
28 21 1
28 56 5
28 47 3
29 33 3
29 3 4
29 41 2
29 55 5
29 45 3
29 17 4
29 53 1
29 54 3
29 23 5
29 57 2
30 50 3
30 10 1
30 11 5
30 13 1
30 14 5
30 49 1
30 18 2
30 51 3
30 52 1
30 23 4
31 4 3
31 38 5
31 40 4
31 13 1
31 45 1
31 46 1
31 47 5
31 14 2
31 57 3
31 27 2
32 36 3
32 41 3
32 44 3
32 13 5
32 50 3
32 51 5
32 9 3
32 23 5
33 34 4
33 12 3
33 2 4
33 15 4
33 16 4
33 19 5
33 52 2
33 53 2
33 59 5
33 29 4
34 36 5
34 42 5
34 12 3
34 46 5
34 48 4
34 18 5
34 20 4
34 27 5
35 44 4
35 15 4
35 48 2
35 24 3
35 22 1
35 23 5
35 56 3
35 57 2
36 8 4
36 10 4
36 47 4
36 56 5
36 26 3
37 3 4
37 6 5
37 38 3
37 10 5
37 16 3
37 17 2
37 50 3
37 19 1
37 42 4
38 6 5
38 39 2
38 9 4
38 5 1
38 49 5
38 57 3
38 59 3
38 28 3
38 31 5
39 5 5
39 38 2
39 9 5
39 10 5
39 46 1
39 15 5
39 23 5
39 58 5
39 59 1
40 1 1
40 47 1
40 48 4
40 51 3
40 53 3
40 22 2
40 55 4
40 57 5
40 15 4
40 31 3
41 3 2
41 5 2
41 45 1
41 18 1
41 20 1
41 22 5
41 23 5
41 56 2
41 29 5
42 34 4
42 37 1
42 11 1
42 15 2
42 48 4
42 18 1
42 52 1
42 56 5
42 20 4
43 1 2
43 2 2
43 10 5
43 14 5
43 47 2
43 49 3
43 20 3
43 22 1
43 52 3
43 28 2
44 56 1
45 2 5
45 41 2
45 10 2
45 12 4
45 15 4
45 18 5
45 51 3
45 58 1
45 29 4
45 31 1
46 34 1
46 6 2
46 39 3
46 2 3
46 15 1
46 19 2
46 21 1
46 22 3
46 24 5
46 31 1
47 36 5
47 40 2
47 10 5
47 43 2
47 13 2
47 55 2
47 26 4
47 27 5
47 28 1
47 31 5
48 34 5
48 35 5
48 17 5
48 7 1
48 40 3
48 10 5
48 8 1
48 52 3
48 57 3
48 42 2
49 43 3
49 38 4
49 10 5
49 11 4
49 12 4
49 20 2
49 55 5
49 24 2
49 26 3
49 30 1
50 32 4
50 5 2
50 6 5
50 8 4
50 9 1
50 18 1
50 54 1
50 55 4
50 30 4
50 37 1
51 32 5
51 2 4
51 4 4
51 40 2
51 9 3
51 10 1
51 45 2
51 18 5
51 54 5
51 30 4
52 33 3
52 42 5
52 43 2
52 48 3
52 17 3
52 19 3
52 23 1
52 58 4
52 26 5
52 30 1
53 0 2
53 33 1
53 4 3
53 40 5
53 15 4
53 21 1
53 54 5
53 25 4
53 26 5
53 29 5
54 1 4
54 100003 50
54 100004 50
54 5 1
54 100001 50
54 10 3
54 11 3
54 13 1
54 50 3
54 51 3
54 53 1
54 24 3
54 29 3
55 0 4
55 100000 50
55 100002 50
55 6 5
55 100001 50
55 40 2
55 47 1
55 49 5
55 50 1
55 19 3
55 20 2
55 22 3
55 29 3
56 100000 50
56 100002 50
56 100001 50
56 100003 50
56 100004 50
56 59 2
56 28 2
57 1 4
57 100002 50
57 35 5
57 100004 50
57 5 2
57 38 4
57 40 5
57 48 5
57 23 3
57 26 4
57 29 5
57 31 5
58 0 4
58 100000 50
58 3 1
58 4 3
58 39 1
58 9 3
58 10 1
58 45 5
58 18 5
58 100003 50
58 52 5
58 21 1
-2 2 50
-2 3 50
-5 0 50
-5 1 50
-5 2 50
-4 3 50
-4 4 50
-3 0 50
-3 3 50
-1 0 50
-1 2 50
-1 5 50
