0 33 4
0 2 9
0 6 5
0 42 9
0 43 8
0 44 8
0 20 9
0 24 6
1 40 8
1 9 10
1 12 8
1 14 8
1 47 9
1 20 6
1 23 7
2 10 9
2 13 3
2 48 9
2 18 7
2 19 9
2 26 6
3 32 4
3 33 6
3 11 10
3 45 5
3 24 4
3 27 8
4 32 6
4 34 3
4 41 6
4 44 9
4 13 7
4 27 3
5 32 10
5 35 1
5 39 4
5 42 8
5 7 9
5 44 9
6 40 7
6 43 2
6 44 8
6 16 6
6 8 6
6 19 10
6 27 2
7 34 3
7 37 4
7 10 2
7 47 3
7 48 2
7 5 2
8 34 1
8 36 9
8 43 1
8 15 7
8 20 4
8 47 9
9 38 3
9 11 5
9 44 10
9 15 7
9 49 8
10 34 9
10 22 10
10 23 8
10 28 5
11 42 6
11 13 5
11 16 10
11 49 2
12 34 10
12 36 5
12 40 2
12 47 8
12 23 10
12 30 1
13 39 4
13 44 2
13 22 3
14 15 1
14 16 1
14 22 3
14 25 2
14 29 7
15 47 4
15 17 4
15 20 6
16 32 9
16 33 4
16 21 7
17 38 9
17 45 3
17 20 6
17 23 1
17 26 8
18 38 5
18 40 4
18 47 8
18 25 9
18 30 4
19 46 5
19 49 6
19 21 9
19 22 7
20 34 5
20 35 8
20 32 1
20 37 4
20 49 9
20 41 2
20 44 6
20 48 9
20 23 7
20 24 3
20 27 7
20 28 7
20 31 4
21 48 10
21 34 1
21 35 7
21 36 2
21 33 7
21 39 1
21 41 10
21 42 5
21 43 2
21 44 10
21 45 1
21 46 4
21 49 3
21 24 6
21 28 7
21 31 7
22 32 3
22 33 7
22 34 9
22 35 7
22 36 8
22 41 2
22 43 5
22 44 6
22 45 8
22 29 8
22 24 7
22 26 3
22 42 6
22 30 5
23 34 2
23 35 8
23 37 5
23 49 10
23 40 3
23 43 5
23 47 1
23 48 3
23 39 4
23 24 7
23 25 1
23 27 3
23 30 8
24 32 8
24 33 2
24 37 4
24 38 8
24 40 8
24 45 10
24 46 6
24 49 1
24 25 5
24 28 1
24 30 8
24 31 10
25 33 1
25 35 9
25 36 1
25 37 1
25 38 1
25 41 7
25 42 5
25 43 10
25 45 4
25 48 8
25 46 1
25 26 10
25 28 6
25 31 8
26 32 6
26 35 5
26 38 6
26 40 8
26 41 9
26 43 6
26 34 2
26 47 10
26 45 4
26 46 9
26 27 7
26 28 8
26 29 1
26 30 8
27 32 1
27 34 5
27 37 2
27 39 5
27 40 9
27 45 9
27 35 3
27 36 8
27 38 8
27 28 5
27 29 3
27 31 7
28 32 8
28 34 4
28 36 2
28 37 7
28 38 7
28 40 6
28 45 10
28 46 6
28 48 7
28 29 9
28 31 9
29 32 1
29 33 5
29 34 1
29 35 8
29 36 5
29 39 3
29 41 4
29 42 10
29 43 8
29 46 10
29 47 7
29 30 5
29 31 3
30 32 2
30 34 8
30 36 7
30 37 1
30 38 9
30 40 4
30 41 1
30 42 7
30 43 5
30 47 3
30 48 3
31 32 6
31 33 4
31 35 3
31 36 8
31 37 10
31 39 2
31 40 5
31 41 10
31 43 1
31 45 6
31 46 9
32 48 7
32 38 5
32 39 4
32 47 2
32 37 1
33 36 8
33 37 7
33 39 5
33 41 8
33 42 2
33 44 4
33 45 2
33 46 4
33 49 1
34 38 9
34 44 6
34 49 5
34 42 3
35 39 4
35 41 8
35 42 3
35 44 1
35 45 5
35 47 1
35 48 2
35 49 8
36 37 4
36 38 5
36 39 9
36 42 9
36 44 2
36 48 4
36 41 7
37 38 10
37 40 9
37 45 10
37 47 7
37 48 4
37 49 5
38 39 5
38 42 5
38 46 6
38 47 8
38 49 7
39 41 1
39 42 7
39 43 8
39 44 2
39 46 10
39 49 8
40 41 1
40 45 7
40 46 7
40 47 10
40 48 8
40 49 7
41 44 9
41 46 2
41 48 6
41 49 7
42 45 8
42 46 10
42 47 9
42 48 3
43 44 9
43 45 4
43 46 8
43 47 10
43 48 4
43 49 1
44 45 10
44 48 4
44 100004 100
44 100000 100
44 100001 100
45 100004 100
45 100001 100
45 100003 100
45 46 1
46 100002 100
46 47 1
46 49 5
47 100000 100
48 100001 100
48 100002 100
48 49 9
48 100000 100
48 100003 100
49 100002 100
49 100003 100
-2 0 100
-2 3 100
-5 1 100
-5 4 100
-4 0 100
-4 1 100
-4 3 100
-3 3 100
-3 4 100
-3 5 100
-1 0 100
-1 3 100
