0 34 8
0 3 5
0 38 1
0 45 3
0 18 7
0 20 4
0 23 6
0 24 7
0 31 2
1 32 3
1 36 6
1 5 9
1 41 3
1 15 7
1 48 3
1 4 6
1 28 6
1 29 6
2 32 5
2 35 2
2 36 9
2 5 6
2 11 8
2 25 1
2 4 4
2 27 4
2 30 5
3 17 6
3 37 5
3 7 7
3 9 10
3 15 4
3 48 6
3 49 9
3 28 6
4 32 9
4 8 4
4 10 9
4 44 6
4 48 3
4 27 7
4 31 4
5 6 3
5 8 6
5 45 7
5 46 9
5 20 1
5 23 9
5 24 10
6 33 1
6 35 9
6 39 9
6 9 6
6 43 9
6 15 6
6 20 10
6 26 7
7 32 8
7 17 10
7 8 4
7 44 10
7 47 4
7 40 7
7 23 10
7 30 1
8 35 7
8 37 8
8 38 8
8 40 2
8 17 5
8 21 10
9 37 2
9 19 5
9 22 3
9 23 9
9 26 1
9 30 7
9 31 8
10 34 6
10 41 9
10 43 8
10 44 8
10 14 4
10 48 9
10 25 9
10 31 6
11 36 4
11 39 5
11 12 1
11 34 10
11 46 2
11 47 1
11 13 1
11 19 10
11 20 10
11 29 7
12 32 4
12 34 10
12 37 3
12 39 2
12 48 8
12 49 8
12 19 3
12 21 7
12 23 8
13 35 7
13 36 9
13 16 5
13 21 9
13 22 5
13 24 10
13 25 1
13 30 5
13 31 10
14 42 9
14 29 4
14 46 6
14 47 4
14 16 2
14 19 10
14 21 2
14 27 7
14 10 2
15 42 5
15 44 10
15 46 4
15 47 10
15 48 10
15 16 6
16 34 4
16 43 4
16 47 1
16 21 9
16 23 8
16 24 6
17 33 8
17 35 1
17 19 2
17 22 3
17 25 4
17 27 10
18 32 1
18 34 5
18 39 8
18 40 7
18 43 4
18 48 3
18 49 2
18 26 9
19 36 8
19 42 5
19 24 2
19 29 4
20 33 4
20 35 5
20 36 1
20 41 10
20 44 10
20 46 3
20 49 2
20 23 6
20 24 4
20 27 7
20 28 7
20 37 8
20 30 2
20 31 4
21 33 4
21 34 4
21 36 7
21 37 8
21 38 4
21 41 6
21 43 5
21 49 8
21 23 7
21 25 2
21 26 3
21 28 1
21 30 4
22 33 9
22 35 3
22 49 5
22 38 1
22 39 10
22 43 7
22 44 5
22 45 7
22 48 4
22 25 9
22 27 10
22 28 8
22 29 4
22 30 4
22 31 2
23 32 10
23 35 8
23 36 9
23 42 10
23 33 10
23 26 6
23 27 8
23 29 5
23 30 9
23 37 8
24 32 2
24 34 4
24 36 4
24 42 1
24 43 6
24 44 3
24 45 8
24 49 2
24 28 9
24 29 3
24 30 8
24 31 8
25 32 10
25 33 9
25 37 6
25 38 10
25 39 3
25 40 2
25 41 6
25 45 9
25 46 7
25 47 8
25 26 8
25 31 9
26 38 3
26 39 10
26 40 6
26 41 5
26 43 6
26 44 8
26 46 9
26 47 2
26 48 6
26 27 2
26 28 10
26 31 2
27 35 7
27 38 3
27 41 8
27 42 7
27 45 9
27 47 10
27 34 7
27 49 4
27 28 1
27 29 1
28 32 8
28 34 8
28 39 2
28 41 7
28 47 4
28 49 8
28 35 9
28 29 8
28 30 2
28 31 9
29 37 9
29 38 5
29 33 6
29 40 10
29 41 5
29 45 7
29 46 6
29 49 4
29 39 7
30 32 5
30 34 9
30 40 5
30 42 6
30 45 1
30 46 6
30 47 2
30 49 4
31 34 9
31 40 8
31 42 4
31 46 6
31 48 8
31 49 2
31 36 5
32 43 9
32 37 3
32 38 1
32 40 3
32 39 4
32 34 5
32 46 6
33 34 1
33 36 2
33 39 10
33 40 8
33 42 9
33 43 1
33 45 8
33 46 5
33 47 4
33 48 7
34 43 10
34 38 1
34 47 4
34 48 8
35 37 8
35 49 1
35 40 6
35 41 2
35 42 8
35 43 9
35 38 2
35 45 5
36 43 5
36 37 2
36 38 6
36 40 6
36 42 6
36 47 2
36 49 6
37 41 9
37 38 10
37 42 10
37 44 4
37 46 6
37 49 6
38 40 8
38 41 3
38 44 9
38 45 10
38 46 6
39 43 5
39 40 6
39 44 2
39 42 10
39 45 5
39 47 2
39 48 7
40 41 9
40 43 6
40 45 6
40 46 7
41 44 5
41 45 4
41 47 5
41 49 3
41 42 2
42 43 4
42 44 2
42 45 8
42 46 2
43 44 4
43 48 6
44 100000 100
44 100003 100
44 45 6
44 46 6
44 47 9
44 48 4
45 100000 100
45 48 4
45 49 1
45 100003 100
45 100001 100
46 100002 100
46 100004 100
46 47 1
46 100000 100
46 100001 100
47 100003 100
47 48 5
47 100004 100
48 49 10
49 100002 100
-2 1 100
-2 4 100
-5 0 100
-5 2 100
-5 3 100
-4 3 100
-4 4 100
-4 5 100
-3 0 100
-3 4 100
-3 5 100
-1 0 100
-1 2 100
-1 3 100
