0 34 4
0 3 3
0 4 5
0 37 4
0 6 4
0 7 4
0 8 1
0 10 4
0 2 2
0 12 2
0 13 4
0 46 4
0 45 3
0 16 2
0 17 5
0 18 4
0 19 1
0 14 5
0 25 3
0 30 5
0 5 2
1 2 1
1 3 3
1 5 5
1 6 5
1 7 3
1 8 5
1 9 2
1 10 5
1 11 1
1 13 3
1 15 5
1 48 3
1 17 3
1 18 1
1 19 5
1 20 3
1 21 2
1 23 3
1 26 2
1 28 3
1 30 2
2 32 1
2 3 5
2 4 1
2 6 5
2 38 1
2 7 1
2 8 2
2 9 3
2 11 5
2 12 1
2 46 3
2 15 2
2 48 1
2 18 3
2 19 2
2 20 5
2 14 2
2 25 2
2 5 1
3 11 2
3 36 4
3 5 5
3 6 4
3 7 5
3 8 5
3 9 1
3 10 5
3 43 2
3 13 5
3 14 1
3 15 4
3 16 2
3 18 1
3 19 4
3 20 2
3 4 3
3 26 2
4 16 4
4 36 2
4 5 2
4 38 1
4 7 1
4 8 2
4 9 2
4 10 3
4 11 5
4 12 4
4 46 3
4 15 4
4 48 3
4 18 1
4 19 1
4 14 3
4 26 5
4 30 2
5 6 2
5 7 2
5 8 2
5 9 5
5 42 3
5 43 2
5 44 2
5 13 3
5 10 2
5 15 1
5 16 2
5 18 2
5 19 5
5 20 1
5 27 5
5 29 5
6 32 2
6 8 2
6 9 4
6 42 1
6 12 1
6 15 3
6 47 4
6 48 2
6 17 4
6 18 4
6 14 3
6 24 3
6 27 3
6 29 3
6 30 2
6 16 2
7 32 2
7 33 4
7 40 4
7 9 4
7 10 5
7 44 5
7 45 4
7 12 5
7 47 2
7 16 1
7 17 3
7 19 5
7 20 5
7 25 2
7 15 5
8 19 2
8 35 1
8 17 2
8 9 2
8 10 3
8 44 5
8 13 5
8 14 3
8 15 3
8 16 3
8 49 2
8 21 3
8 41 3
8 24 1
9 39 3
9 12 2
9 13 3
9 45 4
9 15 1
9 16 2
9 49 5
9 19 4
9 20 1
9 17 2
9 23 3
9 27 4
9 29 3
10 11 5
10 17 5
10 37 4
10 39 2
10 13 5
10 14 4
10 16 2
10 49 5
10 18 3
10 19 2
10 24 5
10 25 4
10 27 4
10 30 2
11 32 3
11 16 5
11 33 3
11 42 3
11 12 5
11 34 3
11 14 5
11 15 3
11 48 3
11 17 5
11 18 1
11 19 3
11 21 4
11 22 4
11 27 1
11 29 4
12 32 5
12 33 1
12 34 5
12 17 3
12 42 5
12 14 1
12 16 5
12 49 3
12 18 2
12 19 1
12 20 2
12 22 5
12 28 5
12 29 1
13 33 3
13 38 5
13 43 5
13 16 2
13 46 3
13 15 1
13 48 3
13 17 5
13 14 3
13 21 3
13 23 1
13 25 4
13 19 1
13 31 2
14 36 3
14 37 2
14 38 1
14 40 4
14 15 4
14 16 5
14 17 2
14 18 4
14 19 4
14 20 3
14 30 5
15 34 5
15 16 2
15 40 1
15 19 3
15 17 5
15 22 5
15 45 5
15 25 1
15 28 2
16 36 2
16 37 5
16 39 2
16 17 5
16 18 3
16 19 1
16 41 5
17 37 5
17 48 2
17 41 3
17 42 2
17 45 5
17 18 1
17 19 5
17 21 5
18 34 1
18 35 5
18 38 1
18 43 2
18 19 1
18 23 2
18 27 4
18 31 4
19 35 4
19 41 3
19 23 1
20 33 4
21 47 1
21 22 1
21 27 1
22 32 1
22 35 1
22 39 2
22 28 3
23 36 4
23 47 3
23 29 2
24 35 5
24 39 2
24 43 1
24 28 1
24 42 3
25 35 3
25 39 1
26 43 5
26 45 5
26 46 1
26 27 5
26 28 2
27 37 3
28 44 2
28 31 4
29 39 4
29 40 3
30 32 5
30 49 4
31 33 3
31 36 5
31 42 1
31 44 1
31 49 2
32 41 3
33 35 3
33 40 5
33 49 2
34 38 3
34 46 2
34 47 3
35 44 1
36 41 3
36 47 5
37 38 2
37 47 3
37 49 1
38 47 1
39 46 4
40 43 4
40 45 3
40 48 3
41 42 4
41 44 2
42 49 3
43 46 4
44 100001 50
44 100004 50
44 45 1
45 100000 50
46 100000 50
46 100003 50
46 100004 50
47 100003 50
47 100002 50
48 100002 50
49 100000 50
49 100002 50
49 100003 50
49 100004 50
49 100001 50
-2 2 50
-2 4 50
-2 5 50
-5 3 50
-5 4 50
-5 5 50
-4 0 50
-4 1 50
-3 0 50
-3 5 50
-1 1 50
-1 5 50
