0 32 5
0 1 3
0 35 3
0 9 5
0 12 5
0 3 2
0 23 2
0 24 1
0 27 2
0 30 5
1 4 5
1 38 4
1 6 4
1 8 5
1 14 4
1 20 2
1 21 3
1 23 5
1 31 5
2 34 1
2 6 2
2 38 1
2 7 2
2 9 1
2 13 4
2 16 2
2 18 2
2 23 4
2 25 2
3 33 2
3 36 1
3 5 4
3 32 4
3 12 2
3 19 1
3 21 4
3 22 5
3 26 3
4 35 4
4 36 4
4 5 4
4 8 5
4 22 5
4 23 3
4 24 3
4 27 2
4 29 5
5 38 4
5 11 2
5 14 3
5 15 5
5 20 1
5 22 2
5 23 1
5 25 3
6 32 5
6 7 5
6 8 1
6 20 2
6 23 2
6 24 5
6 26 1
6 28 5
7 38 3
7 39 2
7 16 3
7 18 2
7 19 1
7 20 3
7 25 4
7 30 4
8 33 4
8 38 2
8 14 4
8 17 4
8 19 1
8 28 3
8 37 4
9 32 5
9 38 5
9 10 5
9 13 5
9 15 1
9 20 3
9 24 4
9 29 2
10 33 4
10 39 3
10 16 5
10 20 2
10 23 4
10 25 1
10 26 2
10 29 4
10 31 3
11 33 3
11 36 2
11 38 4
11 39 1
11 19 4
11 22 3
11 37 3
11 30 2
11 31 2
12 34 1
12 38 1
12 21 3
12 23 4
12 26 5
12 27 3
12 28 3
12 30 3
13 32 4
13 34 2
13 35 4
13 36 3
13 37 2
13 38 5
13 22 5
13 31 2
14 32 1
14 34 5
14 36 3
14 16 1
14 20 5
14 30 2
14 37 2
15 34 2
15 35 5
15 39 2
15 17 4
15 24 2
15 26 1
15 28 1
15 29 5
16 35 3
16 36 5
16 38 3
16 17 5
16 22 4
16 25 3
17 33 2
17 35 3
17 21 3
17 23 5
17 26 4
17 28 1
17 30 1
18 34 4
18 35 3
18 37 4
18 19 2
18 20 5
18 21 3
18 29 3
18 31 5
19 33 3
19 34 5
19 21 4
19 29 5
19 31 2
20 32 3
20 35 4
20 36 5
20 22 2
20 26 5
20 27 2
20 30 5
20 37 3
21 34 3
21 37 3
21 39 3
21 33 5
21 22 5
21 23 1
21 24 5
21 26 1
21 27 4
21 28 1
22 32 1
22 39 4
22 25 2
22 26 5
22 28 4
22 29 3
22 30 5
22 31 2
23 33 4
23 34 3
23 24 1
23 27 5
23 29 1
23 30 5
24 33 5
24 38 5
24 39 3
24 25 1
24 36 3
24 26 1
24 27 2
24 28 2
24 30 3
25 32 3
25 33 1
25 35 4
25 39 2
25 37 2
25 27 1
25 28 1
25 29 5
25 31 1
26 33 1
26 34 1
26 37 5
26 39 3
26 27 3
26 28 4
27 33 4
27 35 1
27 39 4
27 36 2
27 28 4
27 29 3
27 30 1
28 32 5
28 34 3
28 35 2
28 37 1
28 29 3
29 32 5
29 34 4
29 37 5
29 39 3
29 31 1
30 32 3
30 34 5
30 35 1
30 36 5
30 31 2
31 32 3
31 35 5
31 36 5
31 33 1
31 38 3
31 39 4
32 36 1
32 37 1
32 39 2
33 36 4
33 38 1
33 39 5
34 100000 50
34 100001 50
34 35 2
34 36 3
34 38 4
34 100002 50
34 100003 50
35 37 1
35 36 3
35 100002 50
36 37 3
36 100001 50
36 100004 50
37 100000 50
37 38 2
37 39 3
37 100004 50
38 100003 50
38 100002 50
38 39 4
38 100001 50
39 100003 50
39 100004 50
-2 2 50
-2 3 50
-5 1 50
-5 2 50
-5 4 50
-4 0 50
-4 4 50
-3 1 50
-3 4 50
-3 5 50
-1 0 50
-1 4 50
