0 33 1
0 3 5
0 1 2
0 16 3
0 39 3
0 8 1
0 9 1
0 10 1
0 7 3
0 13 1
0 14 1
0 15 4
0 11 5
0 17 1
0 18 4
0 35 4
0 4 2
0 28 1
1 32 4
1 2 5
1 4 1
1 37 2
1 6 1
1 7 3
1 8 1
1 10 1
1 11 4
1 12 2
1 13 1
1 16 3
1 17 1
1 19 3
1 20 1
1 22 5
1 5 2
2 19 2
2 34 1
2 35 4
2 6 2
2 9 3
2 12 5
2 14 4
2 15 2
2 16 1
2 17 3
2 18 3
2 3 5
2 20 5
2 22 4
2 24 1
2 26 2
2 27 3
3 5 4
3 38 3
3 7 3
3 9 3
3 10 1
3 11 5
3 12 2
3 13 2
3 14 5
3 16 3
3 17 1
3 18 5
3 6 1
3 28 3
3 37 2
3 31 1
4 34 2
4 36 1
4 5 2
4 6 2
4 7 3
4 8 3
4 10 5
4 11 3
4 12 1
4 13 3
4 15 1
4 16 1
4 17 3
4 19 5
4 24 2
4 28 3
5 32 3
5 34 1
5 37 1
5 6 1
5 7 5
5 12 3
5 13 5
5 14 3
5 17 5
5 21 2
5 22 5
5 25 3
5 26 5
5 27 1
5 30 5
6 32 5
6 34 4
6 35 1
6 19 2
6 11 5
6 14 2
6 16 3
6 17 1
6 21 5
6 26 1
6 27 1
6 29 4
6 30 4
7 33 3
7 8 5
7 9 3
7 10 4
7 11 5
7 12 5
7 13 4
7 14 3
7 15 4
7 16 5
7 18 1
7 19 1
7 30 4
8 34 4
8 38 1
8 39 1
8 9 4
8 10 4
8 12 2
8 13 5
8 14 5
8 15 3
8 16 1
8 17 4
8 21 2
8 26 1
8 31 1
9 33 3
9 38 2
9 10 4
9 11 4
9 13 5
9 14 4
9 15 5
9 17 4
9 18 2
9 19 3
9 24 4
9 26 2
9 31 4
10 33 4
10 16 4
10 39 4
10 13 5
10 14 1
10 15 5
10 11 5
10 17 3
10 18 5
10 23 4
10 25 1
11 32 2
11 33 1
11 37 4
11 12 5
11 13 4
11 15 5
11 35 1
11 27 4
11 30 3
11 19 4
12 19 4
12 35 2
12 13 2
12 14 1
12 16 1
12 18 3
12 20 5
12 22 5
12 26 1
12 27 3
13 38 2
13 15 4
13 16 1
13 17 3
13 19 2
13 21 4
13 29 1
14 39 2
14 18 1
14 19 5
14 21 3
14 23 5
14 28 1
14 29 4
14 31 2
15 33 1
15 36 1
15 16 4
15 17 5
15 18 4
15 19 5
15 22 1
15 26 2
15 31 1
16 17 1
16 18 5
16 19 2
16 23 4
16 25 3
16 28 1
17 32 2
17 33 5
17 19 2
17 20 2
17 22 5
18 32 1
18 38 2
18 19 1
18 21 2
18 23 3
18 27 2
18 28 4
18 30 4
19 20 4
19 22 2
19 24 1
19 29 4
20 34 4
20 36 5
20 28 1
21 29 1
21 31 3
22 30 1
23 32 2
23 34 3
23 36 3
23 31 2
24 36 5
24 39 5
24 25 3
24 26 5
25 36 1
25 39 3
25 28 2
25 29 1
26 33 5
27 36 4
27 37 3
28 35 2
29 33 1
29 37 1
30 32 5
30 38 2
31 38 5
32 34 5
33 37 3
34 35 5
34 100003 50
35 100000 50
35 100003 50
35 100004 50
35 37 1
35 39 3
36 100001 50
36 39 1
36 100004 50
37 100002 50
37 38 3
38 100001 50
38 100002 50
38 100004 50
39 100001 50
-2 1 50
-2 5 50
-5 0 50
-5 1 50
-5 5 50
-4 0 50
-4 4 50
-3 3 50
-3 4 50
-1 0 50
-1 1 50
-1 2 50
