0 1 5
0 2 4
0 3 5
0 4 1
0 5 1
0 6 5
0 7 1
0 8 5
0 9 2
0 10 5
0 11 3
0 12 2
0 13 2
0 14 2
0 15 2
0 16 2
0 17 3
0 18 5
0 19 2
0 37 3
0 39 2
0 44 1
0 47 5
0 49 1
1 2 2
1 3 3
1 4 4
1 5 1
1 6 1
1 7 4
1 8 1
1 9 2
1 10 2
1 11 1
1 12 4
1 13 3
1 14 1
1 15 1
1 16 5
1 17 2
1 18 2
1 19 2
1 23 2
1 42 2
1 45 1
1 46 5
1 49 2
2 3 4
2 4 5
2 5 5
2 6 5
2 7 3
2 8 5
2 9 2
2 10 5
2 11 3
2 12 4
2 13 3
2 14 5
2 15 2
2 16 2
2 17 3
2 18 5
2 19 1
2 24 4
2 27 3
2 34 4
2 45 2
2 46 1
3 4 4
3 5 4
3 6 5
3 7 1
3 8 5
3 9 5
3 10 2
3 11 5
3 12 3
3 14 1
3 15 5
3 16 1
3 17 1
3 18 4
3 19 1
3 20 2
3 29 2
3 30 5
3 31 5
3 36 1
3 46 1
4 5 4
4 6 3
4 7 2
4 8 3
4 9 1
4 10 2
4 11 3
4 13 2
4 14 2
4 15 2
4 16 1
4 17 3
4 18 5
4 19 4
4 24 4
4 26 4
4 29 3
4 32 5
4 41 5
4 44 1
5 6 3
5 7 2
5 8 2
5 9 3
5 10 5
5 11 5
5 12 5
5 13 4
5 14 3
5 15 5
5 16 5
5 17 2
5 18 4
5 19 5
5 33 1
5 34 4
5 37 4
5 40 5
5 47 5
6 8 5
6 9 5
6 10 4
6 11 3
6 12 4
6 13 3
6 14 1
6 15 4
6 16 1
6 17 5
6 18 1
6 19 4
6 24 2
6 26 5
6 35 3
6 46 5
6 48 5
6 49 5
7 8 5
7 9 4
7 10 4
7 11 5
7 12 5
7 13 2
7 14 3
7 15 2
7 16 3
7 17 4
7 18 4
7 19 5
7 25 5
7 32 5
7 34 1
7 36 3
7 42 4
7 47 1
8 9 1
8 10 1
8 11 1
8 12 4
8 13 3
8 14 2
8 15 3
8 16 2
8 17 5
8 18 5
8 19 4
8 20 2
8 24 4
8 30 5
8 32 2
8 42 3
9 10 1
9 11 2
9 12 4
9 14 1
9 15 3
9 16 3
9 17 4
9 18 3
9 19 2
9 21 1
9 29 5
9 36 5
9 37 1
9 38 4
9 41 3
10 11 1
10 12 2
10 13 2
10 14 1
10 15 5
10 16 2
10 17 1
10 18 3
10 19 1
10 22 2
10 23 4
10 27 3
10 35 4
10 47 2
11 12 4
11 13 1
11 14 1
11 15 4
11 17 3
11 18 4
11 19 3
11 20 3
11 35 3
11 37 1
11 42 4
11 43 5
11 48 5
12 13 2
12 14 3
12 15 3
12 16 2
12 17 2
12 19 5
12 26 2
12 27 3
12 31 1
12 39 5
12 40 5
12 44 2
12 48 1
13 14 4
13 15 5
13 17 5
13 18 5
13 19 5
13 20 5
13 21 4
13 22 1
13 23 3
13 34 2
13 39 4
13 43 1
13 46 1
14 15 3
14 16 2
14 17 3
14 18 2
14 19 1
14 30 3
14 31 1
14 40 1
14 47 4
14 48 4
15 16 3
15 17 3
15 18 2
15 19 4
15 23 5
15 31 2
15 33 4
15 35 2
15 49 4
16 17 5
16 18 4
16 19 2
16 25 3
16 26 2
16 27 4
16 36 2
16 41 3
16 44 5
16 49 3
17 18 4
17 19 2
17 26 2
17 34 5
17 40 4
17 44 2
17 48 4
18 19 5
18 22 3
18 25 3
18 29 1
18 37 2
18 40 5
18 47 2
19 21 4
19 32 1
19 40 3
19 41 2
19 43 4
20 44 4
20 23 1
21 34 3
21 39 4
21 42 2
22 45 2
22 25 5
22 29 3
23 39 2
24 41 3
24 28 5
25 49 5
25 28 2
26 27 5
27 43 1
28 33 3
28 38 2
28 45 3
28 31 5
29 38 3
30 37 2
30 45 5
30 35 3
31 32 4
32 38 4
33 36 4
33 43 2
33 48 5
34 42 1
35 45 4
36 42 4
37 43 1
38 39 3
38 43 3
39 42 1
40 44 2
41 46 3
42 48 2
43 48 3
44 100002 50
44 100003 50
44 100004 50
45 100004 50
45 100001 50
45 100003 50
46 100001 50
46 100002 50
47 100000 50
47 100003 50
47 100001 50
48 49 1
49 100002 50
49 100004 50
49 100000 50
-2 0 50
-2 1 50
-2 2 50
-5 5 50
-4 1 50
-4 4 50
-3 1 50
-3 4 50
-1 0 50
-1 4 50
