0 1 4
0 51 4
0 35 3
0 6 5
0 8 2
0 10 2
0 12 2
0 45 5
0 46 4
0 13 5
0 27 4
0 18 2
0 19 3
0 20 1
0 53 3
0 24 1
0 59 4
0 28 3
0 21 4
1 34 1
1 3 1
1 36 4
1 5 1
1 49 1
1 42 2
1 11 5
1 12 1
1 14 3
1 16 4
1 43 2
1 18 3
1 19 1
1 20 1
1 21 2
1 22 3
1 27 1
1 10 1
2 32 5
2 34 1
2 5 3
2 17 1
2 40 4
2 10 3
2 11 5
2 44 2
2 45 5
2 14 3
2 15 1
2 8 2
2 19 5
2 53 2
2 22 4
2 23 1
2 46 4
2 25 5
2 13 1
3 27 4
3 4 1
3 37 5
3 33 1
3 40 1
3 9 5
3 12 1
3 49 4
3 18 3
3 20 1
3 53 5
3 23 4
3 24 3
3 25 5
3 59 5
3 5 5
3 29 4
3 31 4
4 17 2
4 37 3
4 6 5
4 39 3
4 40 1
4 9 1
4 23 4
4 13 5
4 16 2
4 49 2
4 18 2
4 52 5
4 21 5
4 8 1
4 25 4
4 57 5
4 29 4
4 5 3
5 19 5
5 36 4
5 32 2
5 9 5
5 42 4
5 43 5
5 34 3
5 16 3
5 50 3
5 51 5
5 18 5
5 23 4
5 24 2
5 57 2
5 29 4
6 16 5
6 35 2
6 7 1
6 8 4
6 9 2
6 42 3
6 11 2
6 13 5
6 14 5
6 15 3
6 48 5
6 17 2
6 54 5
6 23 5
6 25 1
6 47 2
6 29 5
7 32 3
7 33 3
7 35 1
7 36 2
7 17 5
7 8 2
7 10 5
7 46 4
7 11 1
7 14 5
7 15 4
7 16 2
7 49 1
7 18 3
7 53 3
7 54 4
7 31 1
7 21 4
8 35 5
8 36 1
8 38 1
8 41 1
8 11 3
8 12 4
8 13 2
8 16 5
8 51 4
8 52 2
8 9 4
8 57 3
8 58 4
8 27 2
9 38 2
9 17 5
9 41 5
9 55 1
9 12 3
9 15 2
9 16 3
9 49 1
9 52 2
9 23 2
9 56 4
9 57 1
9 27 2
9 30 5
10 36 5
10 37 2
10 39 3
10 41 2
10 12 5
10 14 5
10 17 2
10 50 5
10 51 3
10 21 4
10 23 3
10 56 3
10 25 1
10 59 4
10 31 1
11 22 3
11 17 4
11 44 5
11 50 3
11 46 2
11 47 2
11 49 5
11 18 5
11 51 3
11 21 3
11 54 5
11 25 4
11 13 4
11 31 5
12 33 5
12 32 2
12 41 5
12 44 3
12 45 4
12 14 5
12 15 2
12 19 1
12 57 3
12 26 1
12 29 4
12 30 4
12 31 1
13 33 3
13 34 4
13 35 5
13 49 1
13 40 3
13 45 4
13 46 2
13 47 1
13 19 1
13 43 4
13 55 3
13 57 4
13 26 3
14 32 3
14 34 1
14 54 3
14 41 1
14 45 3
14 44 1
14 16 3
14 17 1
14 22 1
14 25 3
14 15 1
14 29 4
14 31 1
15 50 1
15 38 5
15 40 2
15 44 1
15 57 4
15 45 3
15 17 1
15 18 1
15 52 3
15 21 3
15 20 2
15 27 1
15 30 4
16 32 3
16 27 3
16 36 3
16 37 3
16 39 3
16 46 2
16 48 4
16 18 1
16 51 5
16 31 3
16 30 1
17 32 3
17 37 2
17 39 5
17 41 5
17 43 3
17 44 4
17 47 5
17 51 1
17 52 4
17 30 2
18 33 1
18 42 3
18 43 5
18 44 4
18 50 3
18 51 3
18 25 5
18 26 3
18 47 3
18 39 2
19 35 4
19 32 1
19 33 3
19 40 1
19 41 5
19 42 1
19 48 3
19 53 5
19 22 1
19 55 4
19 58 4
19 28 2
19 31 4
20 36 3
20 33 3
20 48 2
20 49 4
20 52 3
20 54 5
20 56 3
20 57 1
21 38 3
21 52 1
21 23 5
21 24 2
21 59 4
22 38 4
22 34 4
22 50 5
22 54 2
22 23 4
22 26 3
22 29 5
23 35 2
23 39 4
23 59 5
24 51 4
24 34 1
24 38 4
24 42 1
24 47 2
24 35 3
24 54 3
24 28 3
25 41 1
25 50 4
25 46 2
25 54 5
26 33 5
26 35 3
26 40 2
26 43 1
26 44 4
26 49 3
26 58 2
26 30 3
27 37 3
27 38 4
27 41 3
27 45 5
27 59 5
28 38 3
28 42 4
28 45 5
28 46 5
28 47 2
28 52 1
28 59 5
28 29 2
28 30 5
29 48 3
29 51 5
29 55 3
29 58 2
30 36 5
30 37 2
30 58 4
30 55 1
30 44 5
31 43 2
31 52 2
31 54 5
31 55 2
32 40 2
32 39 3
32 48 4
32 53 2
33 36 1
33 40 2
33 48 5
33 54 4
34 38 1
34 39 5
34 55 2
34 56 2
34 37 4
35 41 2
35 43 4
35 46 1
36 43 4
36 45 5
36 46 1
37 38 4
37 39 3
37 53 1
37 57 1
38 49 2
38 58 2
39 56 2
39 58 2
39 59 5
40 48 5
40 52 4
40 47 5
41 45 4
41 53 4
42 43 1
42 50 4
42 55 1
42 56 1
42 58 1
43 47 1
43 52 4
44 46 1
44 54 5
44 57 1
45 55 5
45 56 5
46 47 5
47 51 3
47 59 1
48 50 2
48 56 2
48 57 4
48 59 2
49 50 5
49 56 2
50 53 4
50 55 1
51 58 2
52 58 2
53 55 3
53 56 1
53 58 4
54 100002 50
54 56 1
55 100000 50
55 100003 50
55 100004 50
55 59 3
56 100001 50
56 100004 50
56 100002 50
56 59 3
57 100001 50
57 100002 50
57 100003 50
57 58 4
58 100000 50
59 100001 50
59 100003 50
-2 0 50
-2 4 50
-2 5 50
-5 3 50
-5 4 50
-4 2 50
-4 3 50
-4 4 50
-3 0 50
-3 2 50
-3 5 50
-1 0 50
-1 3 50
-1 5 50
