0 32 4
0 1 9
0 2 9
0 3 6
0 4 7
0 5 6
0 38 2
0 8 5
0 9 6
0 10 6
0 11 1
0 12 7
0 13 1
0 14 7
0 16 3
0 17 3
0 18 2
0 19 10
0 27 2
1 2 2
1 3 2
1 4 8
1 37 1
1 38 8
1 7 8
1 9 4
1 10 6
1 11 7
1 13 2
1 14 7
1 15 8
1 16 5
1 17 3
1 19 1
1 20 10
1 6 7
1 5 4
2 3 2
2 4 6
2 5 5
2 6 9
2 7 1
2 8 6
2 9 6
2 10 4
2 11 8
2 12 2
2 15 4
2 16 2
2 18 4
2 19 5
2 22 10
2 25 8
2 31 1
3 4 9
3 5 9
3 7 9
3 10 10
3 12 2
3 13 6
3 14 2
3 15 1
3 16 4
3 17 2
3 18 9
3 19 7
3 23 3
3 26 9
3 27 1
3 31 10
4 5 5
4 6 3
4 8 6
4 9 4
4 10 7
4 11 7
4 12 7
4 13 1
4 14 7
4 15 2
4 16 4
4 17 7
4 18 3
4 19 10
4 23 2
5 32 1
5 34 7
5 6 3
5 8 8
5 10 1
5 11 4
5 12 3
5 13 5
5 14 5
5 15 9
5 16 4
5 17 7
5 7 3
5 28 4
6 32 2
6 33 9
6 35 1
6 8 1
6 9 2
6 10 9
6 11 4
6 12 7
6 13 5
6 14 1
6 18 2
6 21 10
6 24 7
6 7 4
6 27 9
7 39 10
7 8 2
7 9 7
7 13 1
7 14 1
7 15 4
7 16 7
7 17 7
7 18 8
7 19 9
7 24 2
7 26 7
7 30 2
7 31 7
8 35 2
8 9 7
8 10 2
8 11 2
8 13 8
8 14 2
8 15 1
8 17 2
8 18 8
8 19 4
8 26 7
8 27 5
8 37 4
9 34 7
9 11 7
9 38 7
9 39 8
9 12 3
9 14 10
9 15 1
9 16 2
9 18 7
9 22 2
9 25 5
9 27 4
10 35 1
10 11 4
10 12 5
10 13 3
10 14 2
10 16 5
10 17 10
10 18 9
10 21 10
10 26 1
10 28 5
11 33 10
11 39 5
11 12 5
11 13 6
11 15 9
11 16 9
11 17 2
11 18 4
11 19 2
11 24 2
12 33 2
12 14 10
12 15 6
12 17 1
12 19 4
12 20 8
12 25 8
12 36 1
12 27 1
12 30 2
13 38 2
13 15 8
13 17 2
13 18 6
13 19 9
13 24 5
13 25 9
13 26 10
13 37 10
14 32 4
14 15 5
14 16 9
14 17 7
14 18 9
14 19 5
14 22 8
14 31 1
15 34 1
15 16 1
15 17 2
15 18 6
15 19 4
15 22 5
15 30 10
16 34 5
16 33 7
16 39 6
16 17 8
16 22 7
16 26 8
16 28 2
17 36 9
17 18 8
17 19 7
17 23 10
17 28 5
18 38 5
18 19 3
18 21 1
18 25 2
18 26 7
19 33 9
19 34 7
19 20 4
19 21 7
19 27 3
20 32 1
20 36 3
20 37 9
20 29 7
21 33 5
21 28 5
21 29 3
22 32 8
22 24 9
23 36 1
23 38 5
23 28 4
23 30 3
24 35 3
24 37 9
25 36 7
25 31 4
26 38 5
27 31 3
28 36 7
29 33 6
29 34 9
29 35 8
29 37 9
29 31 9
30 35 5
30 36 2
30 39 3
31 37 4
32 39 2
33 36 9
34 100000 100
34 100001 100
34 100002 100
34 100004 100
34 39 3
35 100001 100
35 100004 100
35 38 8
36 100003 100
37 100000 100
37 100003 100
37 100004 100
38 100002 100
39 100002 100
-2 1 100
-2 4 100
-2 5 100
-5 1 100
-5 3 100
-4 1 100
-4 4 100
-3 0 100
-3 4 100
-3 5 100
-1 0 100
-1 3 100
-1 5 100
