0 32 9
0 2 9
0 3 9
0 4 10
0 7 10
0 8 5
0 9 5
0 10 9
0 11 4
0 44 8
0 13 5
0 12 10
0 15 7
0 16 10
0 17 10
0 18 2
0 19 6
0 20 5
0 25 2
0 29 1
1 3 3
1 36 7
1 5 6
1 6 1
1 7 7
1 8 9
1 10 8
1 43 8
1 12 3
1 13 6
1 14 5
1 16 10
1 17 7
1 18 10
1 19 7
1 52 10
1 54 7
1 4 3
1 59 2
1 31 2
2 33 1
2 34 2
2 3 2
2 4 6
2 5 6
2 6 8
2 17 2
2 40 9
2 9 5
2 10 5
2 11 6
2 12 6
2 13 9
2 14 10
2 15 10
2 16 4
2 8 3
2 19 5
2 29 1
3 11 8
3 4 4
3 37 9
3 38 9
3 7 10
3 9 7
3 43 6
3 12 9
3 14 8
3 15 8
3 16 2
3 17 5
3 18 9
3 19 8
3 22 9
3 25 4
3 6 8
4 36 1
4 5 5
4 6 4
4 7 3
4 9 2
4 10 6
4 11 6
4 12 3
4 13 10
4 14 3
4 15 10
4 16 8
4 49 10
4 18 9
4 52 4
4 17 10
5 6 1
5 7 8
5 8 8
5 9 2
5 10 10
5 43 2
5 12 3
5 13 7
5 14 6
5 15 7
5 16 1
5 17 9
5 18 6
5 19 5
5 54 3
5 45 5
5 28 1
6 32 9
6 33 9
6 8 4
6 9 4
6 10 1
6 11 4
6 12 5
6 50 1
6 14 7
6 16 8
6 18 3
6 19 8
6 22 3
6 55 10
6 26 2
7 19 10
7 9 7
7 10 4
7 11 6
7 12 6
7 13 7
7 14 4
7 15 9
7 16 7
7 17 6
7 18 9
7 51 9
7 20 1
7 54 2
7 25 1
8 17 6
8 9 2
8 10 1
8 11 8
8 46 6
8 15 7
8 16 10
8 24 3
8 18 8
8 19 5
8 14 1
8 55 5
8 56 3
8 23 6
8 26 3
9 16 5
9 44 10
9 10 5
9 11 7
9 12 2
9 13 10
9 14 5
9 15 4
9 48 2
9 17 2
9 18 6
9 19 2
10 11 7
10 17 1
10 12 1
10 13 8
10 14 9
10 16 8
10 49 8
10 18 9
10 19 4
10 21 2
10 55 9
11 19 6
11 35 10
11 12 1
11 13 6
11 14 4
11 47 3
11 16 10
11 17 5
11 24 2
11 15 6
11 31 10
12 41 5
12 13 10
12 14 8
12 15 1
12 16 2
12 17 4
12 18 5
12 26 4
12 42 4
13 36 6
13 51 6
13 40 1
13 15 1
13 16 5
13 17 3
13 19 1
13 57 2
13 56 7
13 39 9
14 15 9
14 16 2
14 17 1
14 18 6
14 19 8
14 58 6
14 27 6
14 31 8
15 48 4
15 17 5
15 18 7
15 19 2
15 52 8
15 53 9
15 23 5
15 28 4
16 46 7
16 17 2
16 18 2
16 21 6
16 59 4
17 39 5
17 18 1
17 19 4
17 28 6
18 34 5
18 49 6
18 19 8
18 46 2
18 24 10
19 50 8
19 22 1
19 23 3
19 27 9
20 49 2
20 55 5
21 58 1
21 23 6
22 40 6
23 38 10
24 27 5
25 30 3
25 47 7
26 35 5
27 53 8
28 51 8
29 53 9
29 47 6
30 32 1
30 57 7
30 54 8
30 47 4
31 59 8
32 56 2
33 51 8
33 52 3
34 48 8
34 58 1
35 45 1
35 39 7
36 48 6
37 50 7
37 42 10
37 38 2
38 41 6
38 50 1
39 59 6
40 41 1
41 57 6
42 43 2
42 46 10
43 58 1
44 56 4
44 57 3
45 58 9
45 53 9
46 53 1
47 48 3
48 52 9
49 54 8
50 54 8
51 59 6
52 57 7
53 59 10
54 100001 100
55 100002 100
55 100003 100
56 100001 100
56 100003 100
57 100001 100
57 100004 100
58 100000 100
58 100002 100
59 100000 100
59 100002 100
59 100003 100
59 100004 100
-2 0 100
-2 2 100
-2 3 100
-5 1 100
-5 4 100
-5 5 100
-4 1 100
-4 2 100
-4 3 100
-3 2 100
-3 5 100
-1 1 100
-1 4 100
-1 5 100
