0 34 1
0 3 5
0 38 5
0 45 2
0 18 3
0 20 2
0 23 1
0 24 4
0 31 3
1 32 2
1 36 4
1 5 4
1 41 4
1 15 4
1 48 1
1 4 5
1 28 3
1 29 4
2 32 3
2 35 3
2 36 5
2 5 2
2 11 4
2 25 3
2 4 3
2 27 3
2 30 2
3 17 1
3 37 3
3 7 3
3 9 5
3 15 2
3 48 1
3 49 4
3 28 5
4 32 4
4 1 1
4 2 5
4 8 1
4 10 2
4 44 4
4 48 2
4 27 3
4 31 2
5 2 3
5 6 4
5 8 1
5 45 2
5 46 3
5 20 4
5 23 1
5 24 2
6 33 3
6 35 4
6 5 1
6 39 4
6 9 3
6 43 1
6 15 3
6 20 4
6 26 5
7 32 3
7 3 4
7 17 1
7 8 3
7 44 2
7 47 2
7 40 3
7 23 3
7 30 3
8 35 1
8 4 1
8 37 3
8 38 5
8 7 1
8 40 1
8 17 3
8 21 5
8 5 1
9 3 5
9 37 4
9 6 2
9 19 4
9 22 4
9 23 4
9 26 3
9 30 2
9 31 2
10 34 5
10 4 5
10 41 3
10 43 1
10 44 3
10 14 2
10 48 2
10 25 4
10 31 2
11 2 4
11 36 5
11 39 1
11 34 3
11 46 1
11 47 4
11 19 2
11 20 1
11 29 1
12 32 1
12 34 2
12 37 2
12 39 2
12 48 1
12 49 4
12 19 2
12 21 5
12 23 1
13 35 2
13 36 5
13 16 4
13 21 1
13 22 4
13 24 4
13 25 1
13 30 2
13 31 5
14 42 4
14 29 5
14 46 1
14 47 3
14 16 2
14 19 2
14 21 2
14 27 2
14 10 5
15 1 3
15 3 3
15 6 1
15 42 1
15 44 4
15 46 4
15 47 1
15 48 2
15 16 5
16 34 1
16 43 4
16 13 2
16 14 4
16 47 4
16 21 1
16 23 2
16 24 4
16 15 1
17 33 5
17 35 1
17 7 1
17 8 4
17 19 1
17 22 3
17 25 5
17 27 1
18 32 2
18 34 2
18 39 4
18 40 1
18 43 2
18 48 4
18 49 3
18 26 5
19 36 2
19 9 5
19 42 1
19 11 3
19 12 1
19 14 2
19 17 3
19 24 3
19 29 4
20 33 3
20 35 5
20 36 4
20 5 4
20 6 5
20 41 1
20 11 3
20 44 1
20 46 4
20 49 3
20 23 5
20 24 1
20 27 5
20 28 2
20 37 4
20 30 1
20 31 3
21 33 5
21 34 2
21 36 2
21 37 2
21 38 3
21 8 3
21 41 1
21 43 5
21 12 1
21 13 1
21 14 3
21 16 4
21 49 2
21 23 2
21 25 3
21 26 2
21 28 2
21 30 2
22 33 5
22 35 2
22 49 1
22 38 1
22 39 1
22 9 5
22 43 5
22 44 1
22 13 1
22 45 5
22 48 5
22 17 4
22 25 4
22 27 5
22 28 4
22 29 2
22 30 3
22 31 3
23 0 1
23 32 5
23 35 1
23 36 2
23 5 2
23 7 4
23 9 3
23 42 2
23 12 4
23 16 1
23 33 3
23 20 2
23 21 4
23 26 5
23 27 5
23 29 4
23 30 1
23 37 4
24 32 4
24 0 1
24 34 1
24 36 4
24 5 2
24 42 2
24 43 3
24 44 1
24 13 5
24 45 5
24 16 1
24 49 2
24 19 3
24 20 2
24 28 1
24 29 3
24 30 5
24 31 5
25 32 2
25 33 1
25 2 2
25 37 5
25 38 1
25 39 5
25 40 2
25 41 5
25 10 5
25 45 5
25 13 2
25 46 1
25 47 3
25 17 4
25 21 2
25 22 4
25 26 5
25 31 1
26 38 4
26 6 2
26 39 4
26 40 4
26 41 3
26 43 2
26 44 4
26 46 4
26 47 2
26 48 4
26 18 3
26 21 4
26 9 3
26 23 4
26 25 5
26 27 3
26 28 5
26 31 1
27 35 4
27 4 2
27 38 3
27 17 4
27 41 3
27 42 1
27 45 5
27 14 4
27 47 2
27 34 1
27 49 2
27 20 3
27 22 1
27 23 5
27 26 1
27 28 2
27 29 2
28 32 1
28 1 4
28 34 2
28 3 5
28 39 4
28 41 2
28 47 4
28 49 1
28 35 1
28 20 2
28 21 2
28 22 5
28 24 5
28 26 5
28 27 4
28 29 3
28 30 3
28 31 3
29 37 4
29 38 1
29 33 5
29 40 4
29 41 1
29 11 2
29 45 1
29 46 4
29 49 4
29 19 1
29 14 3
29 22 1
29 23 5
29 24 4
29 39 1
29 27 3
29 28 3
30 32 3
30 2 5
30 34 3
30 7 5
30 40 2
30 9 5
30 42 5
30 45 4
30 13 3
30 46 2
30 47 5
30 49 2
30 20 5
30 21 2
30 22 3
30 23 5
30 24 5
30 28 3
31 0 1
31 34 3
31 4 5
31 40 2
31 9 1
31 42 3
31 13 2
31 46 4
31 48 4
31 49 4
31 20 5
31 22 1
31 24 3
31 25 2
31 26 1
31 28 3
31 10 3
31 36 1
32 43 1
32 4 5
32 37 4
32 38 1
32 7 1
32 40 5
32 39 2
32 12 4
32 34 5
32 46 1
32 18 3
32 23 1
32 24 4
32 25 3
32 28 1
32 30 2
33 34 4
33 36 3
33 6 4
33 39 1
33 40 3
33 42 5
33 43 5
33 45 3
33 46 3
33 47 3
33 48 2
33 17 3
33 20 5
33 21 1
33 22 5
33 23 4
33 25 4
33 29 1
34 43 3
34 38 5
34 33 1
34 31 3
34 10 3
34 11 3
34 12 3
34 47 4
34 48 4
34 18 3
34 21 5
34 24 5
34 27 3
34 28 3
34 30 2
34 16 1
35 37 3
35 6 2
35 49 3
35 40 2
35 41 2
35 42 1
35 43 4
35 13 1
35 38 1
35 45 1
35 17 2
35 20 1
35 8 2
35 23 5
35 22 1
35 27 4
35 28 1
36 43 2
36 37 2
36 38 4
36 33 5
36 40 5
36 42 4
36 11 2
36 13 4
36 47 3
36 49 4
36 19 4
36 20 5
36 21 1
36 23 3
36 24 2
36 31 3
37 41 1
37 3 2
37 36 4
37 38 1
37 8 2
37 12 1
37 42 4
37 23 4
37 44 3
37 46 3
37 49 5
37 35 4
37 20 2
37 21 1
37 9 3
37 25 5
37 29 2
38 35 3
38 36 4
38 37 3
38 40 3
38 41 3
38 44 1
38 45 4
38 46 4
38 8 2
38 21 4
38 22 4
38 25 2
38 26 1
38 27 3
38 29 4
39 43 3
39 6 3
39 40 4
39 44 2
39 42 4
39 11 3
39 12 4
39 45 2
39 47 4
39 48 2
39 18 3
39 22 1
39 25 2
39 26 3
39 28 1
39 29 1
40 36 3
40 38 3
40 7 3
40 8 2
40 41 5
40 43 4
40 45 3
40 46 3
40 18 2
40 25 3
40 39 1
40 26 3
40 29 5
40 30 3
40 31 1
41 44 2
41 10 3
41 29 1
41 45 3
41 47 1
41 49 1
41 20 3
41 21 4
41 25 3
41 26 4
41 27 3
41 28 1
41 42 5
42 35 1
42 36 4
42 37 3
42 39 5
42 41 5
42 43 1
42 44 1
42 45 5
42 14 4
42 15 2
42 19 1
42 46 5
42 23 3
42 24 1
42 27 1
42 30 1
42 31 2
43 44 5
43 48 2
43 18 4
43 21 4
43 22 2
43 24 2
43 26 2
43 42 2
44 100000 50
44 100002 50
44 100003 50
44 45 4
44 46 1
44 47 4
44 48 2
44 20 4
44 22 1
44 24 2
44 39 4
44 26 3
44 15 5
44 42 5
45 100002 50
45 100004 50
45 48 2
45 49 5
45 22 1
45 24 5
45 25 2
45 27 3
45 29 1
45 30 5
45 100001 50
46 32 4
46 33 1
46 100003 50
46 100004 50
46 5 4
46 38 3
46 100001 50
46 40 4
46 42 1
46 11 3
46 44 5
46 14 4
46 15 2
46 37 1
46 20 1
46 25 3
46 26 1
46 47 4
46 29 2
46 30 5
46 31 1
47 34 3
47 36 2
47 33 1
47 7 4
47 41 2
47 11 5
47 44 2
47 14 5
47 15 1
47 48 4
47 100004 50
47 46 5
47 39 5
47 25 3
47 26 1
47 27 5
47 28 5
47 30 1
47 100001 50
48 100000 50
48 49 4
48 18 2
48 22 5
48 100002 50
48 26 1
48 15 4
48 31 1
-2 3 50
-2 4 50
-2 5 50
-5 1 50
-5 2 50
-4 0 50
-4 1 50
-4 2 50
-3 1 50
-3 3 50
-3 4 50
-1 1 50
-1 2 50
-1 5 50
