0 32 8
0 38 9
0 46 9
0 47 2
0 48 10
0 49 4
0 25 1
0 57 5
0 29 8
0 31 2
1 3 3
1 4 2
1 38 4
1 8 9
1 46 6
1 18 1
1 51 2
1 20 4
1 36 4
1 30 8
2 6 10
2 39 8
2 40 9
2 42 6
2 43 10
2 46 1
2 49 10
2 21 9
2 23 8
2 24 5
3 37 6
3 8 2
3 46 2
3 15 7
3 49 2
3 55 8
3 26 10
3 59 7
3 28 3
4 32 1
4 39 1
4 8 1
4 7 10
4 12 6
4 45 10
4 16 8
4 17 5
4 25 1
4 30 1
5 38 6
5 39 3
5 9 1
5 11 3
5 12 6
5 20 6
5 53 4
5 56 6
5 58 8
5 30 9
6 42 5
6 11 4
6 13 8
6 14 4
6 15 6
6 16 8
6 18 3
6 22 1
6 56 5
7 34 4
7 36 1
7 54 6
7 41 3
7 17 10
7 53 2
7 22 8
7 55 10
7 56 6
7 25 8
8 34 4
8 13 7
8 50 1
8 52 10
8 20 4
8 58 2
8 26 9
9 33 6
9 40 9
9 41 8
9 45 2
9 46 3
9 51 2
9 25 10
9 29 5
9 37 1
10 32 3
10 36 6
10 39 10
10 11 5
10 49 2
10 51 10
10 25 3
10 57 5
10 27 2
10 28 2
11 32 4
11 33 5
11 19 2
11 20 9
11 21 1
11 58 1
11 51 7
12 14 10
12 47 7
12 49 5
12 50 6
12 20 8
12 54 2
12 24 7
12 57 8
13 35 9
13 38 3
13 15 1
13 16 8
13 22 2
13 59 5
13 28 1
13 30 4
14 36 10
14 47 9
14 50 3
14 53 7
14 54 10
14 55 4
14 24 6
14 27 6
15 34 8
15 38 2
15 41 6
15 35 5
15 56 8
15 29 6
15 37 7
16 42 1
16 53 3
16 55 7
16 24 9
16 58 6
16 28 2
16 21 8
17 37 6
17 41 4
17 18 4
17 19 2
17 20 1
17 25 3
17 26 6
17 27 8
18 19 4
18 33 2
18 34 3
18 51 1
18 54 4
18 26 6
18 31 1
19 32 2
19 33 6
19 36 8
19 42 3
19 48 4
19 50 6
19 25 7
20 38 2
20 44 1
20 51 8
20 21 8
20 27 6
21 35 9
21 36 3
21 39 6
21 41 3
21 50 7
21 22 1
21 28 1
22 39 9
22 44 7
22 47 3
22 50 4
22 55 2
22 56 4
22 26 7
23 37 7
23 38 10
23 39 5
23 45 2
23 48 7
23 50 9
23 53 6
23 54 1
23 57 10
23 31 4
24 32 3
24 40 5
24 44 3
24 43 3
24 49 10
24 50 4
24 58 10
25 34 3
25 46 3
25 54 6
25 42 7
26 46 7
26 47 3
26 49 4
26 51 1
26 53 3
26 31 1
27 35 10
27 41 4
27 42 4
27 43 6
27 45 3
27 14 9
27 48 3
27 17 9
27 20 8
27 54 10
27 10 8
28 33 1
28 34 2
28 35 7
28 43 1
28 54 4
28 56 9
29 35 10
29 37 10
29 40 9
29 44 6
29 47 9
29 49 2
29 52 10
29 53 10
30 38 8
30 39 6
30 40 1
30 13 6
30 46 9
30 48 6
30 56 5
30 59 10
31 32 8
31 38 7
31 43 2
31 47 1
31 49 8
31 53 5
31 59 8
32 34 4
32 44 6
32 47 4
32 53 2
33 34 9
33 37 6
33 48 1
33 55 10
33 56 5
33 58 6
34 35 7
34 50 2
34 59 6
35 37 1
35 38 7
35 52 1
35 55 7
36 51 9
36 40 4
36 54 6
36 55 1
36 57 2
37 51 4
37 41 10
37 47 5
38 43 3
39 41 5
39 57 9
39 59 4
40 49 4
40 44 3
40 46 2
40 51 7
40 56 6
41 59 7
41 43 1
41 57 1
42 48 2
42 43 8
42 45 2
42 52 1
42 58 4
43 52 5
43 55 9
43 58 6
44 45 5
44 50 2
44 52 2
44 55 7
44 59 10
45 48 4
45 52 10
45 53 10
45 57 7
45 58 9
46 54 5
46 56 5
47 48 6
47 57 5
48 52 9
48 59 7
49 53 4
50 57 6
51 58 9
52 54 4
52 56 6
52 59 7
53 55 5
54 100000 100
54 100003 100
55 100002 100
55 58 5
56 100000 100
56 100003 100
56 100001 100
57 100000 100
57 100002 100
57 59 7
58 100002 100
58 100004 100
59 100001 100
59 100004 100
-2 0 100
-2 4 100
-5 2 100
-5 3 100
-4 0 100
-4 3 100
-3 1 100
-3 2 100
-1 0 100
-1 3 100
-1 5 100
