0 34 2
0 3 8
0 5 8
0 38 5
0 7 9
0 40 6
0 41 9
0 39 4
0 12 6
0 13 5
0 14 7
0 16 3
0 18 2
0 21 5
0 55 6
0 2 5
0 57 6
0 23 4
1 2 8
1 3 5
1 4 1
1 5 10
1 6 6
1 7 8
1 8 3
1 10 2
1 11 5
1 12 4
1 13 4
1 14 8
1 15 4
1 16 1
1 18 8
1 19 6
1 20 8
1 21 4
2 16 9
2 3 2
2 4 1
2 6 2
2 38 5
2 8 1
2 12 4
2 44 10
2 13 10
2 14 6
2 15 2
2 48 9
2 19 4
2 31 8
2 29 4
2 37 9
3 32 7
3 43 3
3 37 4
3 35 6
3 11 3
3 18 8
3 27 6
3 17 7
3 50 3
3 19 4
3 20 3
3 25 5
3 6 1
3 59 9
3 5 1
4 33 9
4 6 1
4 8 4
4 9 3
4 10 10
4 7 1
4 12 7
4 14 9
4 47 9
4 16 4
4 17 4
4 18 3
4 19 6
4 52 4
4 25 5
4 15 2
5 32 5
5 35 5
5 7 9
5 8 3
5 12 2
5 42 6
5 44 10
5 45 5
5 13 2
5 49 6
5 51 7
5 20 10
5 21 1
5 9 7
5 10 1
6 8 3
6 10 10
6 12 6
6 18 3
6 14 5
6 13 2
6 16 1
6 17 9
6 50 10
6 19 10
6 56 10
6 57 6
6 15 10
6 31 5
7 34 9
7 35 9
7 49 4
7 40 1
7 42 7
7 44 1
7 47 1
7 17 3
7 18 10
7 19 8
7 8 9
7 23 9
7 24 4
7 26 4
8 41 2
8 10 9
8 11 10
8 14 8
8 15 5
8 16 2
8 17 6
8 18 1
8 19 5
8 21 1
8 27 3
8 30 2
9 36 4
9 37 9
9 39 6
9 40 2
9 12 9
9 43 7
9 44 7
9 45 4
9 14 6
9 15 1
9 16 1
9 17 5
9 18 6
9 51 8
9 55 2
9 56 4
10 42 7
10 11 3
10 12 2
10 13 5
10 14 8
10 15 9
10 48 3
10 18 2
10 19 2
10 20 1
10 21 8
10 56 6
10 47 3
11 19 3
11 36 9
11 39 2
11 43 9
11 12 4
11 13 2
11 14 6
11 16 8
11 17 7
11 18 8
11 35 6
11 58 6
11 30 3
11 31 6
12 37 2
12 39 2
12 13 6
12 46 8
12 15 2
12 16 3
12 17 1
12 14 2
12 31 1
13 18 9
13 35 5
13 37 1
13 45 2
13 47 2
13 16 3
13 17 5
13 50 4
13 53 10
13 27 10
14 36 9
14 16 6
14 17 8
14 18 5
14 19 2
14 20 10
14 41 5
14 30 6
15 34 3
15 35 3
15 41 6
15 45 9
15 47 8
15 52 6
15 53 10
15 22 4
15 55 2
15 27 8
16 17 8
16 49 2
16 51 1
16 21 3
16 23 7
16 19 5
16 31 1
17 33 4
17 42 3
17 18 3
17 57 4
17 26 8
17 59 1
17 29 4
18 34 10
18 39 10
18 45 7
18 27 7
18 29 3
19 45 9
19 46 1
19 52 7
19 22 2
19 25 3
19 26 4
19 31 4
20 55 1
20 56 10
21 53 1
22 37 3
22 43 6
22 53 1
22 57 8
22 28 6
23 46 1
23 54 3
23 24 9
23 29 1
24 38 5
24 40 6
24 49 2
24 54 10
24 59 1
25 32 1
25 33 9
25 46 10
25 48 7
26 43 3
26 55 8
26 27 2
26 28 10
27 59 9
28 32 4
28 39 7
28 47 5
28 51 3
28 54 7
29 32 9
29 38 7
29 30 4
30 43 2
30 50 6
30 52 9
31 32 8
32 38 5
33 41 7
33 42 5
33 45 2
33 49 1
34 39 6
34 44 1
34 53 4
35 46 8
36 37 9
36 40 2
36 52 2
36 54 3
37 54 3
38 40 10
38 58 9
39 42 2
40 58 5
41 57 10
41 59 9
42 49 2
42 56 5
43 56 3
44 51 4
44 59 10
45 46 10
46 54 4
46 56 7
47 48 4
48 54 3
48 57 9
48 59 10
49 50 6
50 52 7
50 55 7
51 52 7
51 58 1
52 55 8
53 55 7
53 58 8
54 100004 100
54 58 6
55 100000 100
55 100004 100
56 59 1
57 100000 100
57 100002 100
57 100003 100
57 100001 100
57 58 1
58 100000 100
58 100001 100
58 100002 100
58 100003 100
58 100004 100
59 100001 100
59 100002 100
-2 1 100
-2 4 100
-2 5 100
-5 0 100
-5 2 100
-5 3 100
-4 0 100
-4 4 100
-4 5 100
-3 0 100
-3 2 100
-3 5 100
-1 2 100
-1 4 100
