0 19 2
0 1 4
0 3 3
0 4 4
0 38 2
0 6 4
0 14 2
0 15 4
0 18 3
0 51 3
0 22 4
0 23 1
0 27 5
0 35 1
1 3 3
1 5 4
1 7 4
1 9 3
1 10 5
1 11 2
1 46 4
1 47 5
1 18 1
1 19 4
1 21 1
1 56 1
1 28 1
2 32 4
2 3 2
2 36 4
2 6 5
2 8 5
2 10 2
2 43 4
2 12 2
2 14 3
2 16 5
2 18 1
2 51 4
2 53 4
2 58 4
3 35 2
3 36 2
3 5 3
3 8 3
3 41 3
3 12 2
3 13 2
3 15 5
3 16 1
3 40 1
3 18 4
4 36 1
4 49 5
4 10 3
4 11 2
4 12 2
4 13 2
4 14 3
4 15 5
4 17 4
4 18 1
4 19 1
4 55 2
4 7 4
5 19 4
5 34 2
5 7 3
5 10 1
5 11 1
5 12 2
5 13 4
5 14 1
5 16 5
5 51 1
5 22 2
5 59 1
6 41 4
6 57 1
6 43 2
6 44 2
6 13 4
6 12 1
6 48 1
6 20 5
6 53 5
6 9 2
6 25 5
6 31 2
7 37 3
7 38 1
7 11 2
7 12 5
7 13 4
7 14 4
7 47 1
7 18 4
7 19 3
7 54 5
7 15 4
8 37 3
8 40 4
8 41 3
8 42 5
8 11 2
8 29 5
8 52 4
8 21 2
8 25 3
8 15 2
8 53 4
8 31 4
9 32 5
9 37 3
9 40 5
9 12 1
9 11 4
9 44 2
9 15 1
9 18 1
9 19 2
9 52 1
9 53 2
9 59 1
10 49 3
10 11 4
10 12 4
10 45 3
10 15 2
10 16 5
10 17 2
10 50 5
10 20 3
10 25 3
11 36 3
11 12 5
11 45 1
11 46 4
11 13 2
11 19 5
11 15 2
12 13 2
12 52 4
12 54 3
12 26 3
12 59 1
13 38 3
13 40 2
13 18 2
13 15 3
13 50 4
13 20 1
13 30 4
14 32 4
14 48 2
14 34 3
14 43 4
14 16 5
14 19 1
14 53 1
14 57 4
14 58 5
15 32 1
15 41 5
15 17 3
15 51 3
15 55 2
16 34 2
16 39 4
16 40 3
16 41 2
16 42 2
16 44 2
16 49 3
16 50 3
16 20 1
17 38 2
17 40 5
17 55 5
17 44 1
17 45 3
17 46 2
17 51 4
17 23 2
17 24 3
17 58 3
17 30 3
18 32 2
18 23 3
18 19 2
18 55 4
18 58 1
18 28 4
19 42 5
19 45 2
19 57 5
19 26 4
19 30 2
20 48 4
20 22 2
20 28 2
21 34 3
21 38 5
21 54 3
21 55 5
21 26 5
22 44 4
22 45 5
22 48 1
22 50 3
23 33 1
23 44 2
23 50 2
23 27 2
24 43 1
24 49 5
24 52 2
24 56 5
24 39 1
24 28 5
25 39 4
25 47 3
25 51 4
25 59 3
26 34 3
26 46 3
26 47 1
26 30 4
27 33 4
27 39 2
27 42 5
27 51 5
27 29 2
28 35 4
28 42 5
28 59 1
29 35 1
29 36 1
29 47 1
29 53 3
29 54 4
30 35 3
30 54 1
30 55 1
31 42 3
31 45 2
31 50 5
31 52 4
31 56 1
32 36 1
32 41 1
33 37 5
33 43 4
33 46 5
33 54 1
33 58 5
34 35 3
34 43 5
35 56 4
36 41 1
37 39 5
37 55 4
37 57 4
38 49 3
38 48 3
39 48 1
39 59 2
40 58 3
41 45 4
42 57 1
43 52 2
44 45 1
45 56 1
46 54 5
46 59 3
47 49 1
47 57 4
48 57 2
49 56 4
50 56 4
51 59 4
52 58 3
53 56 3
54 100002 50
54 100003 50
54 100004 50
55 100003 50
56 100000 50
56 100001 50
57 100000 50
57 100002 50
58 100000 50
58 100001 50
59 100002 50
59 100003 50
59 100004 50
-2 0 50
-2 1 50
-2 5 50
-5 0 50
-5 2 50
-5 3 50
-4 0 50
-4 1 50
-4 2 50
-3 0 50
-3 2 50
-1 0 50
-1 4 50
-1 5 50
