0 35 5
0 11 3
0 44 1
0 13 5
0 49 3
0 22 4
0 25 1
0 26 5
0 29 1
1 43 3
1 44 5
1 45 5
1 13 5
1 19 5
1 21 4
1 26 5
1 27 2
1 31 4
2 32 2
2 36 4
2 7 2
2 8 4
2 11 4
2 12 2
2 45 4
2 19 4
2 26 5
3 41 5
3 43 3
3 13 3
3 14 1
3 15 5
3 18 2
3 22 3
3 9 3
3 47 2
3 31 3
4 6 3
4 39 3
4 8 1
4 44 3
4 45 5
4 20 4
4 21 5
4 29 3
4 30 1
5 32 4
5 34 4
5 35 3
5 10 2
5 11 5
5 46 2
5 19 1
5 20 3
5 25 4
5 29 1
6 37 3
6 43 4
6 12 4
6 46 1
6 47 1
6 14 3
6 23 4
6 30 2
7 33 3
7 34 2
7 8 4
7 42 3
7 12 1
7 2 1
7 13 3
7 23 2
7 27 1
8 42 1
8 44 2
8 13 1
8 46 5
8 18 3
8 23 3
9 32 2
9 36 4
9 42 3
9 43 1
9 45 4
9 14 4
9 17 5
9 22 4
9 29 5
10 41 3
10 43 3
10 49 4
10 21 5
10 22 1
10 25 4
10 26 2
10 27 3
10 30 3
11 36 2
11 48 4
11 17 4
11 20 5
11 26 3
11 29 3
12 32 4
12 33 2
12 46 3
12 16 2
12 18 4
12 26 5
13 34 3
13 36 3
13 16 1
13 28 4
14 40 3
14 47 5
14 15 3
14 17 3
14 19 5
14 27 2
15 32 1
15 38 2
15 43 3
15 49 4
15 18 3
15 20 2
15 28 2
16 35 3
16 37 1
16 44 4
16 49 1
16 20 1
16 24 2
16 31 3
17 35 4
17 37 4
17 48 5
17 24 5
17 28 2
17 30 5
18 47 1
18 49 1
18 21 1
18 15 1
18 28 1
18 30 2
19 33 5
19 45 1
19 20 1
19 22 2
19 31 4
20 32 3
20 33 1
20 34 4
20 43 3
20 37 2
20 39 1
20 40 5
20 44 5
20 45 3
20 46 3
20 28 2
21 32 5
21 33 5
21 34 1
21 35 1
21 36 5
21 38 3
21 39 4
21 40 5
21 46 1
21 47 1
21 22 2
21 24 2
21 4 5
21 30 2
22 32 1
22 38 5
22 33 3
22 40 3
22 43 2
22 45 1
22 49 5
22 23 4
22 24 4
22 27 4
22 42 3
23 33 2
23 35 2
23 37 1
23 41 2
23 44 4
23 45 3
23 46 3
23 48 4
23 24 2
23 26 4
23 38 5
23 28 3
23 31 3
24 34 5
24 35 2
24 37 5
24 40 1
24 43 4
24 45 5
24 47 5
24 49 4
24 26 1
24 28 4
24 29 1
24 31 3
25 32 5
25 35 5
25 36 2
25 38 5
25 39 1
25 40 3
25 41 4
25 46 5
25 48 4
25 26 2
25 28 4
25 29 4
25 30 4
25 37 3
26 32 4
26 37 1
26 33 1
26 44 1
26 34 4
26 48 5
26 49 4
26 41 4
27 32 5
27 34 1
27 36 2
27 37 4
27 40 4
27 43 4
27 44 3
27 45 4
27 47 4
27 46 2
27 29 4
27 31 3
28 33 5
28 34 5
28 38 4
28 40 2
28 41 4
28 42 3
28 43 3
28 46 2
28 31 2
29 36 1
29 39 3
29 40 2
29 42 4
29 43 1
29 47 1
29 49 5
29 30 1
29 31 1
30 35 1
30 38 5
30 39 3
30 41 2
30 43 1
30 44 2
30 45 3
30 42 3
30 31 1
31 34 2
31 38 1
31 48 4
31 40 4
31 41 4
31 45 2
31 47 1
32 36 4
32 42 1
32 45 5
32 46 2
32 48 5
32 37 1
33 41 2
33 42 1
33 43 3
33 45 1
33 46 3
33 44 4
33 48 2
33 47 1
34 35 1
34 36 5
34 40 5
34 41 1
34 39 5
34 47 5
34 48 1
35 36 3
35 38 1
35 40 1
35 39 2
35 48 1
35 49 2
35 37 5
36 39 3
36 40 5
36 42 1
36 44 2
36 48 5
36 49 1
37 48 3
37 38 2
37 41 4
37 42 4
37 46 2
37 47 5
38 41 1
38 42 5
38 43 4
38 44 2
38 46 3
38 48 5
38 47 3
39 41 2
39 42 4
39 43 5
39 44 3
39 45 3
39 47 4
39 48 1
39 49 1
40 44 2
40 46 1
40 47 5
40 49 1
41 42 1
41 47 3
41 48 2
41 49 3
42 44 2
42 45 3
42 49 2
43 47 4
44 100003 50
44 48 2
44 100000 50
45 100003 50
45 100002 50
45 46 1
45 100000 50
45 100001 50
46 49 3
47 100000 50
47 100002 50
47 100001 50
48 49 5
48 100002 50
48 100004 50
49 100003 50
49 100004 50
-2 0 50
-2 4 50
-5 1 50
-5 4 50
-5 5 50
-4 1 50
-4 3 50
-3 2 50
-3 3 50
-1 0 50
-1 1 50
-1 2 50
