0 1 7
0 51 3
0 35 10
0 6 5
0 8 6
0 10 9
0 12 5
0 45 4
0 46 1
0 13 5
0 27 4
0 18 4
0 19 7
0 20 4
0 53 3
0 24 9
0 59 9
0 28 3
0 21 10
1 34 4
1 3 4
1 36 1
1 5 7
1 49 1
1 42 10
1 11 5
1 12 10
1 14 8
1 16 7
1 43 6
1 18 7
1 19 9
1 20 3
1 21 6
1 22 4
1 27 5
1 10 5
2 32 10
2 34 9
2 5 2
2 17 1
2 40 1
2 10 3
2 11 4
2 44 1
2 45 8
2 14 2
2 15 7
2 8 8
2 19 1
2 53 6
2 22 2
2 23 6
2 46 2
2 25 7
2 13 7
3 27 5
3 4 8
3 37 8
3 33 7
3 40 2
3 9 4
3 12 1
3 49 8
3 18 8
3 20 9
3 53 2
3 23 1
3 24 2
3 25 9
3 59 5
3 5 4
3 29 9
3 31 3
4 17 2
4 37 4
4 6 4
4 39 9
4 40 1
4 9 9
4 23 1
4 13 8
4 16 9
4 49 9
4 18 2
4 52 7
4 21 1
4 8 6
4 25 1
4 57 8
4 29 3
4 5 5
5 19 7
5 36 9
5 32 10
5 9 2
5 42 3
5 43 9
5 34 5
5 16 6
5 50 4
5 51 5
5 18 2
5 23 2
5 24 4
5 57 9
5 29 8
6 16 1
6 35 10
6 7 2
6 8 3
6 9 8
6 42 3
6 11 9
6 13 9
6 14 6
6 15 2
6 48 6
6 17 4
6 54 3
6 23 3
6 25 5
6 47 7
6 29 8
7 32 1
7 33 7
7 35 8
7 36 10
7 17 4
7 8 1
7 10 3
7 46 3
7 11 5
7 14 8
7 15 10
7 16 2
7 49 6
7 18 7
7 53 7
7 54 4
7 31 3
7 21 7
8 35 4
8 36 8
8 38 2
8 41 10
8 11 1
8 12 3
8 13 8
8 16 7
8 51 1
8 52 2
8 9 8
8 57 2
8 58 4
8 27 8
9 38 5
9 17 1
9 41 8
9 55 9
9 12 4
9 15 2
9 16 10
9 49 2
9 52 8
9 23 9
9 56 6
9 57 9
9 27 6
9 30 6
10 36 2
10 37 6
10 39 4
10 41 2
10 12 6
10 14 2
10 17 7
10 50 4
10 51 9
10 21 9
10 23 9
10 56 8
10 25 4
10 59 10
10 31 6
11 22 8
11 17 9
11 44 1
11 50 9
11 46 9
11 47 5
11 49 5
11 18 9
11 51 9
11 21 7
11 54 6
11 25 7
11 13 4
11 31 3
12 33 9
12 32 8
12 41 6
12 44 1
12 45 8
12 14 6
12 15 2
12 19 5
12 57 5
12 26 5
12 29 6
12 30 2
12 31 6
13 33 6
13 34 5
13 35 1
13 49 4
13 40 8
13 45 2
13 46 3
13 47 7
13 19 8
13 43 8
13 55 4
13 57 10
13 26 9
14 32 8
14 34 3
14 54 9
14 41 8
14 45 8
14 44 4
14 16 2
14 17 5
14 22 2
14 25 9
14 15 6
14 29 10
14 31 1
15 50 9
15 38 1
15 40 2
15 44 10
15 57 2
15 45 7
15 17 10
15 18 7
15 52 6
15 21 5
15 20 9
15 27 2
15 30 1
16 32 10
16 27 5
16 36 10
16 37 2
16 39 10
16 46 4
16 48 4
16 18 8
16 51 1
16 31 9
16 30 7
17 32 6
17 37 4
17 39 2
17 41 3
17 43 9
17 44 4
17 47 3
17 51 1
17 52 9
17 30 7
18 33 6
18 42 5
18 43 5
18 44 10
18 50 7
18 51 2
18 25 4
18 26 2
18 47 7
18 39 6
19 35 9
19 32 2
19 33 9
19 40 5
19 41 2
19 42 4
19 48 7
19 53 1
19 22 9
19 55 7
19 58 2
19 28 1
19 31 10
20 36 8
20 33 7
20 48 4
20 49 9
20 52 8
20 54 6
20 56 3
20 57 10
21 38 4
21 52 2
21 23 9
21 24 7
21 59 1
22 38 5
22 34 6
22 50 8
22 54 8
22 23 9
22 26 7
22 29 9
23 35 2
23 39 7
23 59 8
24 51 8
24 34 3
24 38 6
24 42 7
24 47 3
24 35 8
24 54 1
24 28 1
25 41 8
25 50 7
25 46 7
25 54 6
26 33 9
26 35 8
26 40 10
26 43 7
26 44 8
26 49 7
26 58 3
26 30 7
27 37 8
27 38 6
27 41 3
27 45 2
27 59 9
28 38 9
28 42 5
28 45 9
28 46 2
28 47 1
28 52 8
28 59 7
28 29 10
28 30 2
29 48 7
29 51 1
29 55 3
29 58 10
30 36 4
30 37 3
30 58 7
30 55 5
30 44 10
31 43 1
31 52 9
31 54 8
31 55 1
32 40 6
32 39 3
32 48 7
32 53 2
33 36 2
33 40 9
33 48 3
33 54 4
34 38 4
34 39 1
34 55 4
34 56 5
34 37 10
35 41 5
35 43 5
35 46 8
36 43 8
36 45 4
36 46 9
37 38 9
37 39 8
37 53 1
37 57 7
38 49 1
38 58 7
39 56 2
39 58 4
39 59 8
40 48 1
40 52 9
40 47 4
41 45 8
41 53 4
42 43 6
42 50 5
42 55 9
42 56 8
42 58 3
43 47 3
43 52 10
44 46 5
44 54 7
44 57 9
45 55 2
45 56 6
46 47 8
47 51 7
47 59 1
48 50 5
48 56 1
48 57 6
48 59 3
49 50 5
49 56 3
50 53 10
50 55 5
51 58 1
52 58 7
53 55 5
53 56 3
53 58 6
54 100000 100
54 100003 100
54 100004 100
54 56 8
55 100001 100
55 100004 100
55 59 6
56 100000 100
56 100001 100
56 59 5
57 100002 100
57 100004 100
57 58 8
58 100002 100
59 100003 100
-2 1 100
-2 4 100
-5 0 100
-5 2 100
-5 3 100
-4 0 100
-4 5 100
-3 1 100
-3 3 100
-3 4 100
-1 1 100
-1 4 100
-1 5 100
