0 32 1
0 34 1
0 11 2
0 36 4
0 6 4
0 8 2
0 9 4
0 18 1
0 13 4
0 2 4
0 14 2
0 15 4
0 16 5
0 17 3
0 50 1
0 51 2
0 24 2
0 25 3
0 26 5
0 4 3
0 31 5
1 32 2
1 19 2
1 2 3
1 3 5
1 36 3
1 5 1
1 6 4
1 7 2
1 40 3
1 10 2
1 39 4
1 45 5
1 15 1
1 48 2
1 49 3
1 18 1
1 51 5
1 22 5
1 55 3
1 56 1
1 26 5
2 33 1
2 5 5
2 7 5
2 41 3
2 11 5
2 12 3
2 13 5
2 14 2
2 49 3
2 18 5
2 19 4
2 53 2
2 9 2
2 24 1
2 57 1
2 28 4
2 29 5
2 39 1
2 21 5
3 19 2
3 33 5
3 36 5
3 5 1
3 38 2
3 7 2
3 8 2
3 9 2
3 12 1
3 14 5
3 15 5
3 48 1
3 17 2
3 51 4
3 20 4
3 1 4
3 22 2
3 26 5
3 29 3
3 30 5
3 16 2
4 33 2
4 45 5
4 37 1
4 39 5
4 40 5
4 42 1
4 43 2
4 44 1
4 50 5
4 47 1
4 24 1
4 18 4
4 51 3
4 21 4
4 22 1
4 23 3
4 56 1
4 26 4
4 27 3
4 30 2
5 34 5
5 17 1
5 6 5
5 38 4
5 7 5
5 40 1
5 9 3
5 13 2
5 12 3
5 15 1
5 16 3
5 8 5
5 18 4
5 19 4
5 53 5
5 22 1
5 25 5
5 26 1
6 32 3
6 8 3
6 41 5
6 11 2
6 12 4
6 14 1
6 15 2
6 16 1
6 17 5
6 18 2
6 19 2
6 52 2
6 9 2
6 57 3
6 26 5
6 59 2
6 29 1
6 31 5
7 59 1
7 17 2
7 35 3
7 33 5
7 40 3
7 41 5
7 39 5
7 12 1
7 45 2
7 14 4
7 15 1
7 16 2
7 8 5
7 19 1
7 55 4
7 27 4
7 13 2
8 18 3
8 41 5
8 43 3
8 13 2
8 45 3
8 12 5
8 15 4
8 16 3
8 17 1
8 50 5
8 19 2
8 54 5
8 24 3
8 57 4
8 26 5
8 28 2
9 34 1
9 35 2
9 38 1
9 43 2
9 14 2
9 13 3
9 11 4
9 17 1
9 19 1
9 54 4
9 56 1
9 24 3
9 25 1
9 22 4
9 37 5
9 31 1
10 36 1
10 20 1
10 39 4
10 40 5
10 12 3
10 43 4
10 44 5
10 13 1
10 46 1
10 16 2
10 18 3
10 52 3
10 14 2
10 54 5
10 23 4
10 57 4
10 58 1
10 59 1
10 29 1
10 30 2
11 35 3
11 36 4
11 42 2
11 12 1
11 18 3
11 15 4
11 16 3
11 17 1
11 50 3
11 52 1
11 21 4
11 54 2
11 25 3
11 58 1
11 27 4
11 13 2
11 30 5
12 32 1
12 17 5
12 39 1
12 41 3
12 14 3
12 15 4
12 16 1
12 49 1
12 19 5
12 22 1
12 23 4
12 28 4
12 29 4
13 45 1
13 14 5
13 15 1
13 16 3
13 17 2
13 18 3
13 19 2
13 53 1
13 22 1
13 24 3
13 25 3
13 59 5
13 28 3
14 33 5
14 37 2
14 42 5
14 44 2
14 45 2
14 47 2
14 16 5
14 17 1
14 19 5
14 56 5
14 15 2
14 31 1
15 33 4
15 34 1
15 40 4
15 17 1
15 45 3
15 16 2
15 51 1
15 53 1
15 36 3
15 58 1
16 33 1
16 36 1
16 37 2
16 42 2
16 17 3
16 50 4
16 21 4
16 22 3
16 58 3
17 37 2
17 42 2
17 45 5
17 48 3
17 19 2
17 41 3
17 57 3
17 30 1
18 43 2
18 44 1
18 46 4
18 47 5
18 48 1
18 51 1
18 20 4
18 54 3
18 22 1
18 19 1
18 37 1
19 33 4
19 40 4
19 44 1
19 49 3
19 52 5
19 58 4
19 26 2
19 30 5
20 39 3
20 43 4
20 53 4
20 55 4
20 24 5
20 57 5
20 58 1
20 31 3
21 32 4
21 37 4
21 41 2
21 43 5
21 44 5
21 46 5
21 25 3
22 51 3
22 55 5
23 38 5
23 40 5
23 46 4
23 51 4
23 52 5
23 24 1
23 57 4
23 31 3
24 38 2
24 34 5
24 58 2
25 35 5
25 43 5
25 49 4
25 50 1
25 52 2
26 38 5
26 41 4
26 47 5
27 34 4
27 35 5
27 43 4
27 46 3
27 54 1
27 59 2
27 28 1
27 29 5
28 32 4
28 33 4
28 35 2
28 37 4
28 51 5
28 31 5
29 44 4
29 34 5
29 50 2
29 55 1
29 42 3
30 38 4
30 45 3
30 46 1
30 47 1
30 31 5
31 33 5
31 39 5
31 54 3
32 42 4
32 47 1
32 55 2
32 57 4
32 59 3
33 58 4
34 35 4
34 36 5
34 59 2
34 52 1
35 36 2
35 40 5
35 44 3
35 53 3
36 38 1
36 53 1
37 38 5
37 42 3
37 48 3
38 55 4
38 57 3
39 48 1
39 50 5
39 42 3
40 53 4
40 56 5
41 49 2
41 52 3
41 56 3
42 47 5
42 52 3
43 47 2
43 52 3
44 47 4
44 50 1
44 56 4
45 46 3
45 56 3
46 50 1
46 51 4
46 55 1
46 57 5
47 49 1
47 58 4
48 53 2
48 55 3
48 56 5
48 58 1
48 59 5
49 51 5
49 53 2
49 54 1
49 56 1
50 54 1
51 57 3
52 55 4
53 59 2
54 100002 50
54 100004 50
54 55 4
54 57 1
55 100002 50
55 100000 50
55 100001 50
56 59 2
57 100001 50
57 100003 50
58 100000 50
58 100003 50
58 59 3
59 100003 50
59 100004 50
59 100002 50
-2 1 50
-2 4 50
-2 5 50
-5 0 50
-5 5 50
-4 0 50
-4 1 50
-4 2 50
-3 2 50
-3 4 50
-3 5 50
-1 1 50
-1 2 50
-1 4 50
