0 32 7
0 34 4
0 11 5
0 36 6
0 6 9
0 8 10
0 9 10
0 18 7
0 13 3
0 2 5
0 14 8
0 15 8
0 16 2
0 17 10
0 50 9
0 51 1
0 24 1
0 25 4
0 26 9
0 4 3
0 31 3
1 32 8
1 19 8
1 2 1
1 3 9
1 36 10
1 5 1
1 6 2
1 7 8
1 40 2
1 10 7
1 39 7
1 45 5
1 15 4
1 48 7
1 49 3
1 18 8
1 51 3
1 22 3
1 55 9
1 56 4
1 26 6
2 33 6
2 5 4
2 7 8
2 41 6
2 11 5
2 12 6
2 13 2
2 14 4
2 49 2
2 18 7
2 19 9
2 53 7
2 9 5
2 24 10
2 57 4
2 28 4
2 29 1
2 39 6
2 21 8
3 19 7
3 33 3
3 36 5
3 5 6
3 38 2
3 7 7
3 8 1
3 9 1
3 12 8
3 14 9
3 15 3
3 48 1
3 17 3
3 51 4
3 20 7
3 1 4
3 22 10
3 26 6
3 29 5
3 30 10
3 16 2
4 33 8
4 45 4
4 37 3
4 39 2
4 40 5
4 42 7
4 43 5
4 44 8
4 50 9
4 47 2
4 24 2
4 18 4
4 51 8
4 21 8
4 22 3
4 23 4
4 56 2
4 26 3
4 27 9
4 30 6
5 34 7
5 17 7
5 6 2
5 38 5
5 7 4
5 40 4
5 9 4
5 13 4
5 12 4
5 15 4
5 16 8
5 8 4
5 18 6
5 19 8
5 53 7
5 22 5
5 25 1
5 26 5
6 32 6
6 8 2
6 41 6
6 11 6
6 12 8
6 14 3
6 15 1
6 16 3
6 17 6
6 18 4
6 19 7
6 52 5
6 9 2
6 57 10
6 26 1
6 59 3
6 29 1
6 31 7
7 59 4
7 17 1
7 35 4
7 33 6
7 40 5
7 41 8
7 39 6
7 12 10
7 45 9
7 14 10
7 15 4
7 16 5
7 8 1
7 19 10
7 55 2
7 27 1
7 13 9
8 18 4
8 41 7
8 43 6
8 13 8
8 45 2
8 12 9
8 15 10
8 16 8
8 17 9
8 50 3
8 19 8
8 54 4
8 24 5
8 57 6
8 26 1
8 28 9
9 34 10
9 35 10
9 38 4
9 43 9
9 14 1
9 13 1
9 11 8
9 17 10
9 19 10
9 54 3
9 56 9
9 24 2
9 25 7
9 22 6
9 37 3
9 31 2
10 36 3
10 20 2
10 39 7
10 40 4
10 12 2
10 43 1
10 44 6
10 13 5
10 46 10
10 16 6
10 18 4
10 52 2
10 14 7
10 54 5
10 23 4
10 57 1
10 58 7
10 59 1
10 29 3
10 30 3
11 35 9
11 36 5
11 42 5
11 12 5
11 18 3
11 15 4
11 16 7
11 17 7
11 50 8
11 52 10
11 21 2
11 54 10
11 25 9
11 58 5
11 27 8
11 13 5
11 30 1
12 32 10
12 17 5
12 39 1
12 41 2
12 14 3
12 15 5
12 16 1
12 49 6
12 19 8
12 22 5
12 23 7
12 28 4
12 29 7
13 45 5
13 14 10
13 15 4
13 16 3
13 17 8
13 18 6
13 19 1
13 53 1
13 22 5
13 24 10
13 25 4
13 59 8
13 28 7
14 33 7
14 37 1
14 42 10
14 44 4
14 45 6
14 47 3
14 16 5
14 17 2
14 19 2
14 56 1
14 15 5
14 31 8
15 33 9
15 34 7
15 40 1
15 17 6
15 45 8
15 16 2
15 51 7
15 53 4
15 36 2
15 58 9
16 33 7
16 36 6
16 37 8
16 42 7
16 17 4
16 50 6
16 21 5
16 22 4
16 58 7
17 37 9
17 42 8
17 45 4
17 48 6
17 19 3
17 41 3
17 57 2
17 30 1
18 43 2
18 44 3
18 46 7
18 47 4
18 48 8
18 51 7
18 20 1
18 54 5
18 22 10
18 19 10
18 37 1
19 33 8
19 40 2
19 44 2
19 49 6
19 52 2
19 58 3
19 26 5
19 30 6
20 39 9
20 43 4
20 53 9
20 55 5
20 24 1
20 57 8
20 58 7
20 31 3
21 32 3
21 37 6
21 41 9
21 43 5
21 44 9
21 46 10
21 25 8
22 51 6
22 55 9
23 38 8
23 40 2
23 46 8
23 51 2
23 52 5
23 24 10
23 57 8
23 31 10
24 38 1
24 34 6
24 58 2
25 35 5
25 43 4
25 49 6
25 50 9
25 52 8
26 38 10
26 41 8
26 47 10
27 34 2
27 35 10
27 43 4
27 46 4
27 54 6
27 59 2
27 28 2
27 29 1
28 32 9
28 33 6
28 35 3
28 37 7
28 51 1
28 31 2
29 44 9
29 34 2
29 50 1
29 55 6
29 42 3
30 38 1
30 45 4
30 46 9
30 47 1
30 31 5
31 33 2
31 39 8
31 54 7
32 42 7
32 47 6
32 55 2
32 57 10
32 59 4
33 58 4
34 35 5
34 36 3
34 59 4
34 52 2
35 36 7
35 40 1
35 44 9
35 53 3
36 38 5
36 53 5
37 38 3
37 42 3
37 48 8
38 55 5
38 57 1
39 48 7
39 50 10
39 42 8
40 53 6
40 56 7
41 49 9
41 52 10
41 56 3
42 47 3
42 52 3
43 47 7
43 52 8
44 47 4
44 50 8
44 56 9
45 46 7
45 56 6
46 50 9
46 51 6
46 55 10
46 57 1
47 49 8
47 58 6
48 53 9
48 55 2
48 56 1
48 58 3
48 59 8
49 51 9
49 53 2
49 54 10
49 56 10
50 54 8
51 52 9
52 55 1
53 59 4
54 100000 100
54 100001 100
54 100002 100
54 55 4
54 57 6
55 100004 100
56 100000 100
56 100003 100
56 100004 100
56 59 1
57 100001 100
57 100004 100
58 100003 100
58 59 8
59 100000 100
59 100002 100
59 100001 100
-2 1 100
-5 3 100
-5 4 100
-4 2 100
-4 3 100
-4 5 100
-3 0 100
-3 1 100
-1 4 100
-1 5 100
