0 33 3
0 2 4
0 54 5
0 6 3
0 7 1
0 9 4
0 10 4
0 11 2
0 12 4
0 18 3
0 15 3
0 50 1
0 22 3
0 23 1
0 24 5
0 26 1
0 27 1
0 29 1
1 48 4
1 2 3
1 4 2
1 5 4
1 8 1
1 15 4
1 42 1
1 11 4
1 46 2
1 47 3
1 16 5
1 40 2
1 18 1
1 51 3
1 53 3
1 26 1
1 59 4
2 3 1
2 36 3
2 5 3
2 7 5
2 8 5
2 42 1
2 43 2
2 12 3
2 14 4
2 48 5
2 17 5
2 50 2
2 51 3
2 26 2
2 27 1
3 33 5
3 54 5
3 9 5
3 43 5
3 12 5
3 45 4
3 14 4
3 47 5
3 18 3
3 46 3
3 22 5
3 26 4
3 29 3
3 13 1
3 30 1
3 31 2
4 54 5
4 39 1
4 40 3
4 47 4
4 10 4
4 11 2
4 8 3
4 13 3
4 15 4
4 45 1
4 48 2
4 17 5
4 20 3
4 22 4
4 27 2
4 5 2
5 32 2
5 35 1
5 10 2
5 43 4
5 13 5
5 46 3
5 15 3
5 48 1
5 18 3
5 14 3
5 24 3
5 27 1
5 42 1
5 31 3
6 35 4
6 37 2
6 38 3
6 39 2
6 41 5
6 11 5
6 44 2
6 13 4
6 46 5
6 17 5
6 18 4
6 14 3
6 24 2
6 57 2
6 26 5
6 27 2
6 30 2
7 33 4
7 27 3
7 44 1
7 45 4
7 46 3
7 47 3
7 17 1
7 20 3
7 21 4
7 25 5
7 58 2
7 59 5
7 28 4
7 29 4
7 31 2
8 32 3
8 34 4
8 37 3
8 39 4
8 42 3
8 12 3
8 13 1
8 46 2
8 15 5
8 16 1
8 51 3
8 53 3
8 25 3
8 29 2
9 35 5
9 41 2
9 44 5
9 18 3
9 14 5
9 47 5
9 49 2
9 50 4
9 51 3
9 46 2
9 22 5
9 23 5
9 26 4
9 29 1
9 30 5
10 33 3
10 19 4
10 32 3
10 42 5
10 16 4
10 18 1
10 51 5
10 52 5
10 21 1
10 54 3
10 23 4
10 24 3
10 58 5
10 27 2
11 33 1
11 38 2
11 48 3
11 42 2
11 44 2
11 45 5
11 15 4
11 16 4
11 18 5
11 19 4
11 20 3
11 58 1
11 59 1
12 37 4
12 49 4
12 41 4
12 43 3
12 15 1
12 17 5
12 50 2
12 51 3
12 52 5
12 23 5
12 25 2
12 26 3
12 28 4
13 40 3
13 42 5
13 47 3
13 48 4
13 51 3
13 20 1
13 56 4
13 25 1
13 26 3
13 59 4
13 28 5
13 30 5
14 33 5
14 36 2
14 42 4
14 44 1
14 45 4
14 46 5
14 48 1
14 24 2
14 52 2
14 53 2
14 56 4
14 28 1
15 39 5
15 44 1
15 43 5
15 46 3
15 48 2
15 18 1
15 35 1
15 22 3
15 59 2
15 29 1
16 19 5
16 43 3
16 47 1
16 45 1
16 59 4
16 17 5
16 50 5
16 51 3
16 22 2
16 23 3
16 26 4
16 27 3
16 29 5
17 32 3
17 35 4
17 40 4
17 42 2
17 39 4
17 45 5
17 52 2
17 53 1
17 54 1
17 55 2
17 24 5
18 36 4
18 38 1
18 29 2
18 48 3
18 49 3
18 23 3
18 25 1
18 42 2
19 59 4
19 36 3
19 38 4
19 43 2
19 45 2
19 48 5
19 56 3
19 50 4
19 35 3
19 53 2
19 24 1
19 27 2
19 42 1
19 21 5
20 33 1
20 34 1
20 41 1
20 53 2
20 54 1
20 57 3
20 59 4
20 28 2
20 31 1
21 32 4
21 33 5
21 34 2
21 54 1
21 40 2
21 39 2
21 22 5
21 55 3
21 56 3
21 57 1
22 37 2
22 25 4
22 58 4
22 28 1
22 29 5
22 30 4
23 39 1
23 44 2
23 42 4
23 46 2
23 47 4
23 49 2
23 53 5
24 33 1
24 34 2
24 35 2
24 36 1
24 55 5
24 30 1
25 33 5
25 34 2
25 50 4
25 36 2
25 43 1
25 54 1
25 31 3
26 45 1
26 47 2
26 53 4
26 30 2
27 41 2
27 54 5
27 57 2
27 37 1
28 34 2
28 39 3
28 41 1
28 47 5
28 45 4
28 57 5
28 52 1
29 50 5
29 53 5
29 55 4
29 57 4
30 37 5
30 41 4
30 45 4
30 55 1
30 59 3
30 31 2
31 36 5
31 40 1
31 44 1
31 46 1
31 53 4
31 54 4
31 58 4
32 43 3
32 52 5
32 55 3
32 56 1
32 57 5
32 58 2
32 59 4
32 37 1
33 49 5
33 50 3
33 56 3
34 39 5
34 41 4
34 43 1
34 40 2
34 50 3
34 55 4
34 59 4
35 38 5
35 40 3
35 43 2
35 46 5
35 48 5
35 56 4
36 50 4
36 49 2
36 56 2
36 54 2
36 57 5
36 58 5
37 59 1
37 47 4
37 52 2
37 54 1
37 55 2
37 58 5
38 40 3
38 45 4
38 49 1
38 53 3
38 55 1
38 56 3
38 57 5
38 58 1
39 41 2
39 44 3
39 47 3
39 40 4
40 52 3
40 55 3
40 57 4
41 51 1
41 52 3
41 53 1
41 57 1
42 45 5
43 49 5
43 56 4
44 49 5
44 51 1
44 52 5
44 56 2
45 49 5
46 48 3
47 57 5
48 52 4
49 51 3
49 54 5
49 57 1
49 58 5
50 53 5
50 58 5
51 58 2
51 59 1
52 55 3
52 56 1
53 55 3
54 100000 50
54 100004 50
54 100003 50
54 100001 50
55 100001 50
55 100002 50
55 56 4
55 58 4
56 58 1
57 100004 50
58 100000 50
58 100002 50
58 100003 50
58 100001 50
59 100003 50
59 100004 50
59 100002 50
59 100000 50
-2 4 50
-2 5 50
-5 0 50
-5 2 50
-5 3 50
-4 1 50
-4 2 50
-4 4 50
-3 2 50
-3 3 50
-1 0 50
-1 1 50
-1 5 50
