0 5 1
0 7 4
0 8 3
0 44 5
0 45 3
0 21 3
0 24 2
0 26 1
0 28 4
1 32 3
1 2 4
1 42 3
1 12 3
1 13 4
1 45 2
1 20 4
1 22 3
1 29 3
2 3 5
2 4 3
2 7 2
2 41 4
2 42 3
2 47 4
2 10 4
2 31 1
3 33 3
3 35 5
3 40 5
3 9 5
3 44 4
3 23 5
3 26 5
3 28 1
4 40 3
4 11 2
4 12 3
4 34 3
4 15 3
4 24 1
4 26 3
4 30 4
5 35 4
5 36 4
5 6 1
5 10 2
5 46 2
5 25 4
5 26 2
5 28 5
5 29 2
6 37 5
6 10 2
6 11 2
6 14 1
6 16 5
6 46 1
6 23 3
6 25 2
6 26 1
7 32 5
7 38 3
7 39 2
7 42 3
7 48 4
7 29 5
7 30 5
8 33 5
8 41 2
8 11 5
8 46 2
8 48 5
8 17 3
8 18 3
8 25 1
9 39 2
9 43 3
9 12 2
9 13 5
9 18 2
9 21 4
9 22 4
9 23 2
10 36 2
10 40 4
10 13 4
10 17 1
10 23 5
10 29 4
11 32 4
11 43 4
11 12 1
11 19 3
11 24 4
11 25 1
12 35 3
12 18 3
12 19 5
12 21 3
12 28 5
13 40 3
13 44 1
13 18 2
13 20 1
13 22 1
13 23 5
14 36 3
14 37 3
14 47 3
14 16 3
14 49 4
14 21 4
14 22 3
14 30 1
15 34 2
15 42 3
15 18 1
15 22 2
15 24 3
15 26 4
15 28 4
15 31 2
16 38 4
16 17 2
16 48 5
16 49 4
16 22 2
16 28 3
16 37 4
17 32 4
17 34 5
17 39 4
17 49 2
17 22 5
17 24 3
18 37 5
18 38 2
18 46 1
18 48 2
19 32 4
19 33 3
19 43 4
19 20 1
19 27 4
19 30 1
19 31 5
20 34 2
20 36 5
20 33 5
20 39 5
20 41 2
20 46 2
20 22 2
20 25 5
20 27 4
20 28 3
20 29 5
20 30 3
20 37 1
21 32 5
21 35 2
21 42 3
21 43 3
21 45 2
21 46 1
21 47 5
21 41 1
21 22 5
21 23 3
21 28 5
21 30 1
22 40 2
22 41 4
22 46 4
22 44 5
22 45 1
22 28 3
22 29 2
23 34 2
23 36 1
23 37 2
23 38 5
23 35 2
23 41 3
23 24 5
23 27 3
23 28 4
23 29 1
24 32 1
24 36 3
24 38 2
24 40 4
24 45 4
24 47 3
24 48 4
24 26 2
24 27 3
24 29 5
25 35 1
25 49 3
25 38 5
25 45 5
25 48 5
25 43 4
25 26 4
25 27 1
25 28 2
25 29 3
25 37 3
26 33 1
26 39 4
26 47 1
26 42 3
26 49 4
26 35 3
26 27 1
26 31 4
27 34 1
27 36 1
27 38 3
27 40 4
27 41 5
27 45 2
27 46 2
27 49 1
27 30 5
27 31 4
28 42 3
28 47 2
28 35 1
28 29 3
28 31 1
29 32 4
29 34 2
29 36 5
29 38 5
29 43 1
29 44 2
30 32 1
30 33 4
30 35 2
30 40 4
30 42 2
30 46 1
30 44 2
30 47 4
30 31 1
31 32 1
31 33 2
31 35 3
31 40 3
31 42 5
31 45 4
31 44 4
31 34 4
31 46 3
32 35 1
32 33 3
32 38 3
32 46 4
32 48 3
32 49 4
33 36 4
33 37 3
33 39 5
33 41 4
33 43 2
33 46 4
33 47 1
33 48 3
34 37 4
34 38 1
34 41 4
34 43 5
34 44 2
34 45 4
34 46 2
34 36 1
35 36 4
35 39 4
35 44 5
35 42 3
35 48 5
36 39 5
36 43 5
36 48 2
36 49 1
36 42 5
37 38 1
37 40 4
37 41 2
37 43 1
37 45 4
37 47 5
37 49 5
38 48 1
38 41 5
38 39 4
38 45 1
38 47 1
39 40 4
39 43 4
39 44 1
39 46 2
39 47 2
39 48 3
39 49 5
40 43 5
40 44 1
40 47 4
40 49 1
40 42 2
41 42 3
41 43 4
41 45 2
41 46 2
41 48 2
42 44 1
42 49 3
42 47 4
43 44 3
43 45 1
43 49 3
44 45 1
44 48 4
44 49 4
44 100003 50
45 100003 50
45 47 4
45 48 1
46 100003 50
46 100000 50
46 49 5
47 100004 50
47 48 2
47 49 3
47 100002 50
47 100001 50
48 100004 50
48 100001 50
49 100000 50
49 100002 50
-2 1 50
-2 2 50
-2 5 50
-5 0 50
-5 1 50
-5 2 50
-4 1 50
-4 2 50
-4 4 50
-3 0 50
-3 2 50
-3 3 50
-1 2 50
-1 3 50
-1 4 50
