0 1 9
0 2 4
0 3 8
0 4 7
0 5 5
0 7 5
0 8 7
0 9 7
0 12 10
0 13 3
0 14 3
0 15 8
0 16 5
0 17 7
0 19 9
0 25 6
0 32 6
0 36 9
0 37 8
0 53 9
0 55 8
0 56 7
0 58 8
1 2 2
1 3 4
1 4 3
1 5 10
1 6 3
1 7 9
1 8 8
1 9 10
1 12 6
1 13 4
1 14 8
1 16 6
1 17 1
1 19 6
1 20 1
1 21 1
1 32 2
1 40 9
1 42 5
1 43 5
1 54 9
1 57 6
2 4 10
2 5 8
2 6 9
2 7 5
2 8 4
2 9 5
2 10 6
2 11 2
2 12 3
2 13 10
2 14 10
2 16 4
2 18 10
2 19 1
2 27 2
2 28 10
2 33 5
2 43 10
2 45 5
2 46 8
2 51 9
3 4 9
3 5 1
3 6 4
3 7 3
3 8 10
3 9 3
3 11 10
3 12 1
3 13 6
3 14 1
3 15 5
3 16 6
3 17 10
3 19 10
3 21 3
3 29 6
3 34 6
3 37 1
3 41 5
3 56 7
3 58 5
4 5 6
4 6 1
4 7 3
4 8 1
4 11 5
4 13 1
4 14 3
4 16 3
4 17 1
4 19 1
4 21 9
4 24 1
4 27 9
4 31 5
4 36 6
4 51 3
4 53 1
4 56 5
4 58 9
5 6 10
5 7 3
5 8 3
5 9 1
5 11 7
5 12 1
5 13 6
5 14 4
5 15 8
5 16 1
5 17 2
5 18 7
5 38 3
5 39 1
5 41 10
5 50 3
5 54 8
5 57 9
6 7 5
6 10 5
6 11 1
6 12 1
6 13 6
6 14 5
6 15 9
6 17 2
6 18 10
6 19 7
6 26 7
6 35 7
6 37 1
6 38 1
6 46 2
6 50 4
6 55 10
6 59 8
7 8 9
7 9 1
7 10 5
7 11 10
7 13 7
7 14 3
7 15 1
7 16 3
7 17 3
7 18 5
7 19 8
7 25 3
7 28 7
7 35 1
7 36 5
7 48 5
8 9 1
8 10 1
8 12 6
8 13 5
8 14 7
8 15 1
8 16 1
8 17 1
8 18 6
8 19 7
8 21 10
8 22 9
8 24 5
8 36 8
8 48 4
8 50 6
9 11 8
9 12 4
9 13 4
9 14 4
9 15 3
9 17 1
9 19 10
9 25 8
9 27 10
9 32 3
9 38 6
9 39 10
9 50 4
9 51 4
9 58 10
9 59 4
10 11 5
10 12 8
10 14 7
10 16 9
10 18 10
10 19 3
10 25 1
10 30 9
10 36 5
10 37 3
10 39 10
10 43 9
10 45 9
10 47 10
10 48 5
10 49 10
10 51 8
10 54 2
10 58 7
11 12 1
11 13 5
11 14 7
11 15 6
11 16 2
11 17 1
11 18 4
11 22 9
11 24 10
11 25 5
11 30 10
11 42 10
11 49 1
11 54 7
11 59 6
12 13 2
12 14 8
12 15 7
12 16 9
12 17 10
12 19 10
12 21 4
12 24 8
12 26 5
12 33 8
12 34 2
12 45 6
12 49 9
13 16 4
13 17 5
13 18 4
13 25 2
13 26 7
13 30 2
13 31 3
13 32 2
13 44 2
13 47 10
13 54 1
14 15 2
14 16 4
14 17 6
14 18 5
14 19 8
14 25 7
14 30 4
14 31 6
14 43 3
14 44 10
15 16 6
15 17 9
15 18 3
15 19 7
15 28 6
15 33 6
15 35 4
15 39 2
15 40 8
15 42 7
15 45 5
15 46 3
15 53 7
16 17 9
16 18 8
16 19 10
16 24 8
16 27 7
16 33 5
16 37 8
16 44 6
16 59 2
17 18 4
17 19 3
17 23 2
17 29 2
17 37 7
17 44 6
17 48 10
17 52 6
18 19 3
18 25 7
18 30 2
18 34 6
18 41 10
18 42 9
18 44 1
18 45 8
18 50 1
18 51 4
18 58 4
19 24 6
19 25 8
19 33 1
19 37 9
19 46 6
19 52 1
19 55 8
20 34 7
20 41 4
20 42 10
20 43 7
20 49 7
20 55 10
20 26 3
20 59 9
20 28 10
21 46 1
21 53 4
21 56 2
21 58 3
21 28 5
22 35 1
22 40 3
22 41 3
22 43 3
22 44 1
22 46 4
22 55 2
22 59 4
23 32 8
23 35 9
23 39 7
23 41 8
23 52 3
23 57 7
23 27 1
23 29 7
23 30 1
24 35 9
24 46 3
24 49 10
24 54 7
25 53 5
26 36 4
26 47 3
26 49 2
26 53 6
26 57 5
26 52 4
27 34 9
27 39 5
27 44 3
27 47 6
27 31 7
28 38 3
28 43 3
28 44 4
28 56 8
28 47 9
29 33 3
29 41 5
29 55 5
29 45 4
29 53 4
29 54 5
29 57 2
30 50 1
30 49 9
30 51 10
30 52 5
31 38 4
31 40 7
31 45 4
31 46 8
31 47 5
31 57 10
32 36 4
32 41 6
32 44 6
32 50 1
32 51 2
33 34 6
33 52 5
33 53 10
33 59 4
34 36 6
34 42 5
34 46 3
34 48 4
35 44 10
35 48 8
35 56 2
35 57 7
36 47 4
36 56 10
37 38 8
37 50 5
37 42 2
38 39 8
38 49 7
38 57 10
38 59 1
39 46 10
39 58 6
39 59 9
40 47 1
40 48 8
40 51 2
40 53 7
40 55 4
40 57 7
41 45 3
41 56 4
42 48 7
42 52 7
42 56 10
43 47 2
43 49 7
43 52 10
44 58 4
45 51 1
45 58 9
46 57 2
47 55 7
48 52 7
48 57 10
49 55 1
50 54 10
50 55 9
51 54 8
52 58 10
53 54 10
54 100002 100
54 100003 100
55 100000 100
55 100004 100
55 100001 100
56 100003 100
56 59 6
57 100002 100
57 100001 100
58 100000 100
58 100004 100
58 100001 100
59 100000 100
59 100002 100
59 100003 100
-2 1 100
-2 3 100
-5 0 100
-5 1 100
-5 3 100
-4 2 100
-4 3 100
-4 4 100
-3 0 100
-3 2 100
-3 5 100
-1 1 100
-1 2 100
-1 4 100
