0 32 8
0 1 1
0 34 9
0 3 8
0 9 2
0 10 8
0 2 4
0 46 5
0 13 3
0 17 10
0 18 2
0 51 10
0 22 5
0 29 1
1 2 7
1 5 2
1 7 8
1 8 10
1 9 7
1 10 5
1 11 9
1 44 10
1 13 10
1 17 9
1 52 9
1 22 7
1 29 1
1 30 10
2 33 1
2 4 1
2 37 2
2 38 6
2 8 3
2 41 8
2 11 6
2 14 3
2 15 4
2 9 10
2 26 1
2 5 3
3 4 3
3 5 4
3 13 7
3 14 6
3 16 1
3 17 5
3 20 4
3 25 7
3 57 7
3 28 8
3 37 6
3 30 8
3 52 3
4 32 9
4 37 1
4 6 6
4 39 5
4 10 10
4 46 2
4 15 4
4 48 7
4 14 1
4 22 2
4 55 5
4 24 8
5 36 8
5 6 8
5 8 6
5 9 8
5 11 7
5 44 3
5 45 1
5 47 4
5 49 7
5 18 2
5 19 8
6 36 8
6 8 10
6 10 6
6 13 4
6 46 8
6 16 9
6 17 7
6 23 3
6 56 1
6 58 7
6 28 8
6 29 3
7 32 7
7 33 3
7 34 4
7 37 7
7 39 6
7 40 4
7 42 8
7 45 6
7 14 10
7 49 9
7 55 7
7 57 5
7 58 5
7 28 1
8 35 3
8 9 6
8 42 5
8 11 3
8 13 8
8 47 6
8 16 1
8 17 4
8 18 6
8 29 9
9 35 7
9 36 2
9 39 8
9 10 2
9 11 10
9 48 6
9 52 7
9 25 1
9 28 8
10 34 1
10 12 10
10 14 8
10 19 9
10 20 10
10 23 10
10 56 9
10 27 10
10 31 7
11 33 1
11 34 1
11 39 10
11 12 2
11 13 10
11 22 8
11 55 3
11 58 4
11 54 10
12 33 10
12 36 2
12 39 5
12 41 2
12 43 8
12 18 2
12 46 9
12 47 4
12 50 9
12 19 7
12 53 6
12 31 7
13 27 5
13 42 3
13 15 2
13 52 7
13 53 1
13 57 8
13 59 1
13 31 5
14 44 3
14 15 7
14 48 4
14 50 7
14 52 3
14 21 6
14 54 6
14 29 1
14 30 3
15 32 9
15 59 3
15 37 6
15 29 9
15 47 6
15 50 8
15 26 8
15 27 10
15 58 5
15 30 8
16 33 7
16 35 7
16 41 8
16 45 7
16 46 6
16 56 10
16 51 1
16 53 2
16 54 7
16 23 9
16 24 6
17 32 1
17 35 4
17 37 1
17 43 3
17 18 2
17 53 7
17 57 1
17 38 1
17 31 8
18 36 5
18 48 10
18 51 9
18 52 8
18 53 7
18 24 3
18 58 10
18 28 10
18 21 7
19 33 8
19 34 10
19 36 7
19 40 9
19 43 7
19 52 9
19 55 5
19 56 9
19 57 1
19 28 4
19 31 8
20 34 8
20 35 7
20 40 9
20 45 5
20 52 4
20 54 9
20 25 1
21 38 3
21 42 10
21 48 4
21 22 9
21 58 3
21 30 1
21 31 3
22 38 9
22 45 10
22 53 7
22 23 5
23 40 4
23 44 4
23 50 3
23 53 4
23 59 10
24 41 3
24 42 6
24 47 5
24 49 9
24 51 10
24 30 7
25 39 7
25 43 8
25 49 5
25 50 3
25 55 2
25 56 5
26 36 9
26 40 10
26 47 2
26 48 10
26 57 10
26 58 9
26 30 2
27 32 7
27 44 7
27 52 8
27 53 6
27 56 4
27 29 3
28 40 3
28 41 9
28 46 3
29 37 6
29 44 10
30 38 7
30 44 6
31 51 2
31 41 10
31 56 9
32 43 10
32 51 10
32 57 2
33 48 2
33 35 10
33 47 3
34 44 10
34 45 1
34 50 5
35 42 8
35 50 4
35 58 1
36 38 5
36 56 3
37 48 6
37 59 7
38 40 8
38 45 8
38 59 8
39 49 5
39 50 2
39 51 3
40 51 7
40 44 4
41 43 7
41 46 6
41 57 6
42 56 3
42 50 1
42 59 9
43 49 2
43 45 2
43 59 3
44 47 10
45 54 2
46 47 8
46 53 5
47 54 4
48 51 4
49 57 1
49 54 3
49 55 7
50 59 2
51 55 5
52 56 10
53 59 4
54 100000 100
54 55 8
54 59 6
55 100002 100
55 58 5
55 59 8
56 100004 100
56 100002 100
56 100003 100
57 100000 100
57 100001 100
58 100001 100
58 100004 100
59 100002 100
-2 2 100
-2 3 100
-2 5 100
-5 0 100
-5 2 100
-5 4 100
-4 1 100
-4 3 100
-3 2 100
-3 5 100
-1 0 100
-1 2 100
-1 5 100
