0 32 3
0 38 3
0 7 3
0 46 4
0 47 4
0 48 5
0 49 2
0 25 3
0 57 3
0 29 3
0 31 3
1 3 4
1 4 5
1 38 3
1 8 5
1 46 5
1 18 4
1 51 1
1 20 5
1 36 4
1 30 1
2 6 5
2 39 1
2 40 4
2 42 1
2 43 2
2 46 2
2 49 1
2 21 2
2 23 4
2 24 4
2 10 2
3 37 5
3 8 3
3 46 3
3 15 1
3 49 1
3 55 5
3 26 1
3 59 2
3 28 4
4 32 1
4 39 1
4 8 4
4 12 4
4 45 4
4 16 4
4 17 5
4 25 1
4 30 1
5 38 2
5 39 2
5 9 4
5 11 5
5 12 2
5 20 5
5 53 1
5 56 5
5 58 5
5 30 3
6 42 5
6 11 4
6 13 2
6 14 2
6 15 2
6 16 1
6 18 1
6 22 2
6 56 5
7 34 4
7 36 1
7 54 1
7 41 5
7 17 1
7 53 2
7 22 5
7 55 1
7 56 3
7 25 1
8 34 4
8 13 5
8 50 5
8 52 5
8 20 3
8 58 2
8 26 2
9 33 2
9 40 2
9 41 3
9 45 4
9 46 1
9 51 3
9 25 5
9 29 5
9 37 4
10 32 2
10 36 1
10 39 3
10 11 1
10 49 3
10 51 1
10 25 5
10 57 5
10 27 3
10 28 4
11 32 5
11 33 3
11 19 3
11 20 1
11 21 5
11 58 5
11 51 5
12 14 4
12 47 2
12 49 1
12 50 5
12 20 3
12 54 4
12 24 1
12 57 1
13 35 2
13 38 4
13 15 1
13 16 2
13 22 5
13 59 5
13 28 5
13 30 3
14 36 4
14 47 4
14 50 5
14 53 3
14 54 1
14 55 2
14 24 5
14 27 4
15 34 3
15 38 5
15 41 5
15 35 4
15 56 5
15 29 2
15 37 4
16 42 1
16 53 4
16 55 3
16 24 1
16 58 5
16 28 4
16 21 1
17 37 5
17 41 2
17 18 5
17 19 2
17 20 3
17 25 3
17 26 2
17 27 4
18 19 5
18 33 4
18 34 5
18 51 3
18 54 3
18 26 1
18 31 2
19 32 5
19 33 2
19 36 3
19 42 1
19 48 1
19 50 4
19 25 3
20 38 2
20 44 2
20 51 2
20 21 2
20 27 3
21 35 2
21 36 3
21 39 4
21 41 2
21 50 5
21 22 4
21 28 3
22 39 4
22 44 4
22 47 5
22 50 4
22 55 2
22 56 1
22 26 5
23 37 2
23 38 4
23 39 1
23 45 2
23 48 2
23 50 2
23 53 1
23 54 5
23 57 4
23 31 1
24 32 4
24 40 2
24 44 5
24 43 5
24 49 2
24 50 2
24 58 5
25 34 5
25 46 4
25 54 1
25 42 2
26 46 5
26 47 1
26 49 2
26 51 4
26 53 5
26 31 4
27 35 4
27 41 4
27 42 2
27 43 4
27 45 3
27 48 3
27 54 5
28 33 3
28 34 1
28 35 4
28 43 3
28 54 2
28 56 3
29 35 4
29 37 5
29 40 3
29 44 1
29 47 2
29 49 5
29 52 1
29 53 5
30 38 1
30 39 5
30 40 2
30 13 4
30 46 1
30 48 3
30 56 3
30 59 3
31 32 1
31 38 2
31 43 1
31 47 2
31 49 1
31 53 5
31 59 2
32 34 4
32 44 5
32 47 5
32 53 2
33 34 3
33 37 3
33 48 4
33 55 3
33 56 3
33 58 3
34 35 3
34 50 2
34 59 3
35 37 2
35 38 5
35 52 3
35 55 5
36 51 2
36 40 5
36 54 2
36 55 4
36 57 4
37 51 3
37 41 4
37 47 1
38 43 1
39 41 1
39 57 5
39 59 4
40 49 2
40 44 4
40 46 1
40 51 4
40 56 2
41 59 5
41 43 3
41 57 1
42 48 4
42 43 2
42 45 2
42 52 3
42 58 5
43 52 5
43 55 2
43 58 3
44 45 4
44 50 4
44 52 1
44 55 4
44 59 1
45 48 4
45 52 2
45 53 2
45 57 1
45 58 1
46 54 3
46 56 4
47 48 1
47 57 4
48 52 1
48 59 4
49 53 3
50 57 3
51 58 5
52 54 5
52 56 1
52 59 5
53 56 4
54 100000 50
54 100001 50
54 100002 50
54 100004 50
55 100002 50
55 100004 50
55 100003 50
55 100001 50
55 58 2
56 59 4
57 100000 50
57 100001 50
57 59 1
58 100000 50
58 100002 50
58 100004 50
59 100003 50
-2 2 50
-2 3 50
-5 0 50
-5 5 50
-4 1 50
-4 5 50
-3 1 50
-3 4 50
-3 5 50
-1 5 50
