0 1 1
0 34 2
0 3 6
0 36 5
0 5 8
0 38 4
0 39 9
0 42 6
0 13 10
0 15 2
0 16 3
0 49 6
0 25 8
0 33 10
0 27 9
1 32 5
1 35 4
1 4 5
1 41 7
1 12 1
1 46 4
1 47 8
1 48 5
1 17 8
1 19 9
1 14 4
1 24 2
1 25 6
1 29 8
2 33 10
2 35 8
2 36 7
2 37 3
2 8 9
2 47 6
2 10 3
2 11 1
2 13 2
2 15 8
2 21 2
2 9 8
2 31 7
2 28 7
2 5 4
3 32 5
3 35 7
3 6 5
3 7 9
3 12 6
3 45 6
3 14 1
3 16 9
3 18 7
3 23 10
3 25 3
3 28 8
3 29 8
3 31 9
4 33 9
4 5 10
4 6 7
4 9 7
4 10 1
4 43 6
4 45 5
4 15 1
4 16 9
4 17 10
4 20 2
4 22 6
4 23 5
4 25 8
5 6 3
5 9 10
5 42 7
5 45 9
5 46 9
5 47 3
5 49 2
5 19 10
5 24 5
5 36 10
5 28 7
5 30 3
6 7 4
6 40 7
6 43 10
6 12 9
6 14 3
6 27 2
6 8 4
6 46 5
6 25 8
6 31 2
6 30 9
6 37 1
7 36 10
7 9 5
7 44 9
7 17 5
7 18 1
7 35 6
7 20 6
7 21 6
7 23 7
7 24 3
7 26 9
7 29 8
7 30 6
8 33 7
8 39 3
8 41 7
8 10 3
8 44 4
8 12 3
8 49 6
8 18 6
8 9 5
8 23 1
8 24 2
8 25 4
8 31 3
9 32 2
9 34 4
9 41 6
9 11 6
9 12 3
9 13 9
9 14 5
9 19 1
9 21 1
9 39 2
10 34 3
10 27 10
10 37 6
10 38 7
10 40 7
10 44 6
10 14 5
10 15 5
10 18 4
10 19 2
10 21 6
10 47 1
11 48 2
11 34 6
11 37 1
11 38 8
11 12 10
11 13 8
11 14 4
11 16 1
11 17 10
11 18 7
11 20 7
11 25 4
11 30 10
12 32 7
12 34 6
12 43 10
12 44 2
12 13 5
12 14 1
12 17 8
12 46 3
12 31 4
13 48 9
13 43 1
13 47 9
13 16 1
13 19 9
13 22 6
13 25 2
13 27 6
13 28 8
13 30 4
14 34 4
14 36 4
14 15 7
14 48 8
14 17 4
14 24 7
14 28 10
14 29 5
15 33 4
15 38 8
15 40 7
15 41 6
15 43 7
15 34 9
15 46 4
15 20 3
15 26 3
15 31 7
16 37 2
16 42 3
16 46 7
16 45 7
16 48 7
16 43 4
16 19 9
16 20 8
16 21 6
16 26 1
17 34 1
17 38 7
17 44 8
17 45 4
17 22 9
17 25 1
17 26 5
17 27 4
17 31 6
18 37 2
18 38 1
18 39 4
18 44 1
18 48 2
18 49 2
18 21 4
18 23 1
18 28 9
18 42 8
19 32 10
19 39 7
19 42 3
19 43 4
19 46 3
19 23 3
19 24 10
19 25 7
19 26 10
20 33 9
20 35 7
20 36 7
20 38 10
20 39 2
20 26 8
20 47 9
20 31 8
21 32 8
21 37 1
21 47 10
21 22 10
21 41 9
21 29 3
21 31 8
22 37 1
22 38 4
22 39 3
22 40 1
22 41 5
22 44 9
22 46 8
22 23 9
22 30 8
23 32 8
23 36 1
23 37 8
23 46 5
23 28 3
23 29 9
24 36 1
24 38 7
24 39 10
24 40 6
24 26 5
24 29 2
24 30 1
25 34 5
25 45 7
25 27 3
26 40 10
26 42 1
26 46 10
26 48 1
26 27 3
26 29 10
27 32 4
27 35 10
27 41 4
27 45 6
27 47 7
27 49 3
28 32 9
28 35 6
28 40 6
28 45 8
28 47 3
28 48 7
29 37 8
29 38 4
29 45 1
29 48 3
29 30 2
30 36 3
30 41 5
30 46 3
30 47 8
30 49 4
31 36 7
31 37 8
31 47 1
31 49 9
32 35 6
32 38 1
32 43 1
32 49 1
33 35 10
33 37 5
33 41 9
33 44 3
33 45 6
33 46 8
33 49 6
34 39 1
34 40 7
34 41 8
34 42 1
35 42 3
35 43 8
35 44 7
35 49 8
36 39 8
36 40 7
36 48 8
37 46 8
38 40 7
38 44 9
39 42 6
39 49 2
39 41 6
40 41 3
40 42 5
40 45 3
41 43 1
42 47 7
42 48 4
42 49 2
43 44 2
43 48 10
43 47 4
44 100002 100
44 100004 100
44 45 4
44 48 7
45 100004 100
45 49 2
45 100003 100
45 100001 100
46 100000 100
46 100003 100
47 100000 100
47 100003 100
47 100001 100
48 100000 100
49 100004 100
49 100001 100
-2 0 100
-2 1 100
-2 4 100
-5 0 100
-5 1 100
-5 3 100
-4 0 100
-4 1 100
-4 5 100
-3 2 100
-3 3 100
-3 4 100
-1 1 100
-1 3 100
