0 19 6
0 33 1
0 2 10
0 4 10
0 5 3
0 6 1
0 1 5
0 8 4
0 9 8
0 11 3
0 12 5
0 13 3
0 14 5
0 16 1
0 17 2
0 18 6
0 51 2
0 24 9
1 34 8
1 3 7
1 4 4
1 5 5
1 6 5
1 7 3
1 9 1
1 10 10
1 11 3
1 12 4
1 2 9
1 14 7
1 15 8
1 16 8
1 17 10
1 18 10
1 19 3
2 3 9
2 4 8
2 5 2
2 6 7
2 7 10
2 8 9
2 9 6
2 10 9
2 12 6
2 13 10
2 14 7
2 15 6
2 18 4
2 19 2
2 56 7
2 27 1
3 36 4
3 5 1
3 6 6
3 40 4
3 10 10
3 12 3
3 13 2
3 46 5
3 15 5
3 16 10
3 8 10
3 19 1
3 21 3
3 24 6
3 57 4
3 26 10
4 36 4
4 5 7
4 6 8
4 7 1
4 9 3
4 11 3
4 12 6
4 13 8
4 14 10
4 15 9
4 16 10
4 17 8
4 18 8
4 19 8
4 30 9
5 6 9
5 7 10
5 8 5
5 9 9
5 42 8
5 12 3
5 14 8
5 15 1
5 17 5
5 18 4
5 19 9
5 23 7
5 24 9
5 29 3
6 38 1
6 7 1
6 8 8
6 9 6
6 11 9
6 12 8
6 18 8
6 46 8
6 15 10
6 50 3
6 19 7
6 13 6
7 32 4
7 8 2
7 9 3
7 10 4
7 11 3
7 12 4
7 45 8
7 13 1
7 17 8
7 18 5
7 19 3
7 53 1
7 47 2
8 33 9
8 38 5
8 9 10
8 11 9
8 13 9
8 14 7
8 15 1
8 16 6
8 17 3
8 18 4
8 19 9
8 22 8
9 37 1
9 16 6
9 11 7
9 14 9
9 15 9
9 48 8
9 18 4
9 23 2
9 25 10
9 59 1
10 17 2
10 37 6
10 39 3
10 12 6
10 44 4
10 13 7
10 16 6
10 24 7
10 18 4
10 19 8
10 52 5
10 21 1
10 56 8
10 31 5
11 33 3
11 37 3
11 39 4
11 43 1
11 12 1
11 18 4
11 48 7
11 50 8
11 19 10
11 25 4
11 16 8
12 38 4
12 41 9
12 44 9
12 13 10
12 15 4
12 16 8
12 54 6
12 57 1
13 16 5
13 37 3
13 14 5
13 15 8
13 48 3
13 19 4
13 54 4
13 23 8
13 57 3
14 41 9
14 42 3
14 23 2
14 44 7
14 15 10
14 16 7
14 17 3
14 18 2
14 19 5
14 20 10
14 28 5
15 38 9
15 39 5
15 47 6
15 16 6
15 17 9
15 18 6
15 19 6
16 34 3
16 37 10
16 18 6
16 50 7
16 52 9
16 22 3
17 32 6
17 34 7
17 42 1
17 18 2
17 19 10
17 21 4
17 27 4
17 28 2
17 31 8
18 39 5
18 49 4
18 19 7
19 46 2
19 34 6
20 24 10
20 25 7
20 43 6
20 30 8
20 31 3
21 57 6
21 55 2
22 25 7
22 26 3
22 40 2
23 53 3
24 56 9
25 35 4
26 43 4
26 51 5
26 39 1
27 48 5
27 52 10
27 50 5
28 35 2
28 55 7
28 31 7
29 49 9
29 58 4
29 36 9
29 45 3
29 57 5
30 32 9
30 58 3
30 54 3
31 40 5
32 34 2
32 45 6
33 59 5
33 41 6
34 57 7
35 56 4
35 44 1
35 48 2
36 58 10
36 52 7
37 41 3
38 56 2
39 56 8
40 46 3
40 55 9
41 42 9
41 59 3
42 55 1
43 58 5
43 46 10
44 49 2
45 52 9
45 53 1
46 48 7
47 50 3
47 51 8
47 54 8
48 56 6
49 59 1
49 51 6
50 57 3
51 59 7
52 58 5
53 58 5
53 54 2
54 100000 100
54 100002 100
54 100003 100
54 100004 100
55 100001 100
55 100002 100
55 100004 100
55 56 5
56 100001 100
56 100003 100
57 100000 100
57 100003 100
58 100002 100
59 100000 100
-2 0 100
-2 2 100
-2 4 100
-5 1 100
-5 3 100
-4 0 100
-4 1 100
-4 2 100
-3 2 100
-3 3 100
-3 4 100
-1 2 100
-1 5 100
