0 8 6
0 48 3
0 23 9
0 24 5
0 25 4
0 28 5
1 39 9
1 16 8
1 21 4
1 22 2
1 28 4
1 30 8
2 6 8
2 39 5
2 41 9
2 43 2
2 19 1
2 20 7
2 27 5
3 32 10
3 35 8
3 40 5
3 41 10
3 45 3
3 49 10
4 32 4
4 37 6
4 7 5
4 9 9
4 12 9
4 46 10
4 17 4
4 30 7
5 36 7
5 39 10
5 11 2
5 47 1
5 15 7
5 28 5
6 36 1
6 43 10
6 17 1
6 21 10
6 27 2
6 31 7
7 34 4
7 38 8
7 13 4
7 24 3
7 27 9
7 31 1
8 34 7
8 12 10
8 20 9
8 23 9
8 30 6
9 10 5
9 12 3
9 48 9
9 19 10
9 20 6
9 30 6
9 31 1
10 35 5
10 36 2
10 45 2
10 14 10
10 28 1
10 31 1
11 34 2
11 39 10
11 14 9
11 46 4
11 22 5
12 15 3
12 22 2
12 47 5
13 34 7
13 36 4
13 43 9
13 45 3
13 20 7
14 32 8
14 38 2
14 46 9
14 48 1
15 33 1
15 37 4
15 43 5
15 48 6
16 39 1
16 41 5
16 45 8
16 18 1
16 29 2
17 35 6
17 49 10
17 25 10
17 27 3
18 37 3
18 20 1
18 24 8
18 27 10
18 29 3
19 39 2
19 45 5
19 25 3
19 31 2
20 33 9
20 34 8
20 37 2
20 38 4
20 42 9
20 43 2
20 44 3
20 46 4
20 45 10
20 48 10
20 22 7
20 23 5
20 24 9
20 47 10
20 30 6
21 35 3
21 36 10
21 38 9
21 39 10
21 40 7
21 41 7
21 42 3
21 45 4
21 46 6
21 47 3
21 49 2
21 22 3
21 24 8
21 25 7
21 33 9
21 27 6
21 28 6
21 30 9
22 32 5
22 34 4
22 36 3
22 33 4
22 44 5
22 42 7
22 46 9
22 47 4
22 48 9
22 41 1
22 23 7
22 25 7
22 26 4
22 29 10
22 31 9
23 33 6
23 32 7
23 37 1
23 38 2
23 39 6
23 41 9
23 42 6
23 44 4
23 47 4
23 48 7
23 49 1
23 40 9
23 24 3
23 26 9
23 27 8
23 28 4
24 32 1
24 35 2
24 36 5
24 37 1
24 38 10
24 41 6
24 43 6
24 49 3
24 25 10
24 26 8
24 27 10
24 28 7
24 29 5
24 30 1
25 32 5
25 34 7
25 37 10
25 38 6
25 49 4
25 40 7
25 42 10
25 46 6
25 47 7
25 48 5
25 28 1
25 29 4
25 30 10
25 31 3
26 32 2
26 33 1
26 34 2
26 35 7
26 36 6
26 37 4
26 40 6
26 41 8
26 42 10
26 43 4
26 44 8
26 45 7
26 46 3
26 27 4
26 28 2
26 29 10
26 31 4
27 33 7
27 36 5
27 38 8
27 40 4
27 43 4
27 45 5
27 46 10
27 39 5
27 49 1
27 29 9
27 30 6
28 32 3
28 33 6
28 35 3
28 39 5
28 40 9
28 41 10
28 44 7
28 47 3
28 48 1
28 29 9
28 37 2
29 32 3
29 33 3
29 35 3
29 38 7
29 42 4
29 43 9
29 44 1
29 45 8
29 46 3
29 47 6
29 49 3
29 30 8
30 34 7
30 37 1
30 39 9
30 43 4
30 45 4
30 47 7
30 48 2
30 40 1
30 31 8
30 36 3
31 32 7
31 33 2
31 34 1
31 36 3
31 38 6
31 40 9
31 42 2
31 44 7
31 46 9
31 48 9
31 49 5
32 33 1
32 34 7
32 36 7
32 37 8
32 38 5
32 40 5
32 41 3
32 42 7
32 44 8
33 34 1
33 35 1
33 38 4
33 39 3
33 43 10
33 44 4
33 45 3
33 46 8
33 49 9
34 43 8
34 37 10
34 44 2
34 46 10
34 49 8
34 48 8
34 40 9
34 35 10
35 36 8
35 37 2
35 38 1
35 40 2
35 41 6
35 44 4
35 45 10
35 46 9
35 47 2
35 42 3
36 39 1
36 40 9
36 38 3
36 43 10
36 44 7
36 49 2
36 42 10
37 40 7
37 41 6
37 42 9
37 44 6
37 48 4
37 49 8
37 47 4
38 40 3
38 41 6
38 42 1
38 39 4
38 44 9
38 45 4
39 43 5
39 48 9
39 44 5
39 45 4
39 46 4
39 49 4
40 41 2
40 42 10
40 45 3
40 46 5
40 49 5
41 42 5
41 43 4
41 44 5
41 45 8
41 47 6
41 49 2
42 43 5
42 44 4
42 46 1
42 47 3
42 48 7
43 45 6
43 47 2
43 48 7
43 46 6
44 47 1
44 48 5
44 49 2
44 100000 100
45 47 2
45 49 3
46 100004 100
46 47 6
46 48 6
46 100001 100
46 100003 100
47 48 5
47 49 2
48 49 5
49 100000 100
49 100003 100
49 100001 100
49 100002 100
49 100004 100
-2 4 100
-2 5 100
-5 0 100
-5 2 100
-5 4 100
-4 0 100
-4 3 100
-3 2 100
-3 4 100
-1 1 100
-1 3 100
-1 5 100
