0 32 2
0 35 1
0 9 1
0 14 3
0 3 4
0 23 3
0 56 1
0 57 3
0 29 4
1 33 1
1 6 5
1 16 5
1 25 5
1 23 1
1 24 1
1 57 5
1 59 5
1 28 3
2 32 4
2 3 4
2 37 1
2 40 2
2 51 4
2 20 2
2 53 2
2 23 3
2 29 4
3 32 1
3 0 3
3 34 1
3 37 3
3 2 4
3 45 5
3 22 3
3 57 5
3 54 1
4 34 1
4 37 5
4 40 5
4 45 4
4 47 1
4 50 2
4 52 5
4 58 2
4 27 5
5 32 2
5 35 4
5 38 3
5 12 2
5 15 4
5 48 3
5 21 4
5 55 2
5 58 4
6 33 2
6 1 5
6 20 1
6 54 3
6 24 3
6 25 1
6 58 2
6 28 3
6 31 5
7 39 3
7 8 4
7 46 1
7 15 2
7 21 1
7 23 5
7 25 1
7 29 3
7 53 2
8 59 2
8 36 2
8 7 2
8 41 4
8 43 4
8 12 3
8 26 5
8 27 5
8 29 5
9 41 3
9 12 1
9 45 5
9 44 4
9 53 3
9 54 4
9 24 4
9 27 2
10 32 1
10 39 3
10 43 1
10 48 2
10 49 3
10 19 1
10 52 3
10 22 1
10 31 5
11 34 4
11 22 5
11 38 3
11 43 1
11 47 5
11 17 4
11 51 5
11 20 4
11 54 3
12 35 4
12 5 5
12 8 3
12 9 2
12 42 3
12 17 4
12 51 4
12 54 3
12 41 1
13 33 2
13 34 4
13 40 1
13 41 3
13 43 4
13 45 1
13 54 2
13 25 2
13 58 1
14 40 5
14 47 3
14 16 3
14 50 3
14 20 4
14 21 1
14 54 2
14 24 1
15 36 1
15 5 1
15 7 5
15 45 1
15 48 1
15 50 3
15 22 5
15 23 4
15 30 4
16 32 2
16 33 1
16 35 2
16 37 3
16 1 2
16 40 3
16 14 5
16 48 4
16 26 3
17 32 2
17 33 3
17 11 4
17 12 3
17 19 1
17 56 1
17 57 3
17 28 4
17 31 5
18 35 3
18 38 3
18 43 4
18 47 3
18 51 2
18 21 3
18 57 1
18 27 1
18 31 1
19 33 2
19 10 5
19 43 5
19 44 3
19 47 3
19 48 3
19 17 1
19 25 3
19 58 1
20 32 4
20 33 4
20 2 5
20 43 2
20 37 4
20 6 4
20 39 5
20 11 5
20 34 3
20 14 3
20 50 3
20 51 1
20 23 1
20 56 1
20 25 4
20 26 2
20 28 5
21 36 3
21 5 4
21 7 1
21 26 5
21 42 1
21 43 4
21 44 2
21 14 5
21 18 4
21 22 5
21 23 3
21 24 3
21 25 2
21 58 2
21 59 4
21 29 4
21 37 4
22 29 3
22 40 2
22 41 2
22 10 5
22 11 3
22 44 1
22 46 1
22 15 4
22 26 1
22 21 5
22 55 3
22 23 3
22 57 4
22 58 1
22 27 1
22 42 2
23 0 2
23 33 3
23 2 4
23 36 2
23 1 5
23 41 3
23 7 5
23 44 2
23 45 1
23 15 2
23 49 3
23 20 1
23 21 2
23 22 5
23 55 1
23 26 4
23 27 4
24 59 1
24 6 5
24 39 1
24 9 2
24 42 4
24 55 1
24 44 1
24 14 1
24 53 5
24 41 2
24 25 5
24 58 5
24 27 4
24 21 1
24 26 2
24 31 3
25 1 5
25 35 2
25 38 4
25 6 5
25 7 5
25 40 3
25 42 4
25 39 5
25 44 3
25 13 4
25 19 2
25 20 1
25 21 3
25 24 5
25 52 1
25 27 1
25 53 1
26 35 4
26 37 1
26 8 5
26 41 4
26 46 4
26 48 4
26 49 4
26 50 5
26 20 1
26 21 2
26 22 4
26 23 4
26 24 3
26 57 4
26 59 4
26 30 4
27 32 3
27 33 3
27 4 1
27 38 3
27 8 5
27 9 5
27 42 2
27 44 1
27 49 1
27 18 5
27 52 5
27 22 4
27 23 1
27 24 3
27 25 3
27 29 3
27 31 5
28 36 2
28 6 4
28 39 5
28 40 5
28 41 2
28 42 2
28 45 1
28 46 1
28 47 5
28 17 3
28 20 5
28 56 3
28 57 5
28 58 4
28 30 5
28 52 3
29 32 5
29 2 4
29 35 5
29 36 5
29 37 4
29 38 3
29 7 4
29 8 1
29 39 2
29 48 4
29 50 2
29 21 1
29 22 3
29 55 2
29 27 2
29 53 5
30 35 3
30 36 1
30 37 4
30 40 2
30 47 1
30 43 3
30 44 5
30 46 3
30 15 2
30 49 2
30 50 5
30 52 2
30 57 4
30 26 5
30 59 5
30 28 5
30 58 5
31 32 3
31 34 4
31 35 3
31 6 2
31 10 5
31 46 4
31 47 5
31 27 2
31 17 1
31 18 1
31 53 2
31 24 1
31 55 4
31 56 1
31 57 5
31 58 2
31 59 3
32 49 1
32 10 1
32 50 1
32 16 4
32 17 5
32 37 5
32 20 3
32 53 2
32 56 4
32 52 3
32 27 2
32 29 5
32 31 4
33 34 4
33 27 4
33 6 5
33 41 2
33 55 4
33 13 1
33 46 3
33 16 3
33 17 1
33 19 3
33 20 3
33 54 3
33 23 2
33 56 1
33 57 1
33 59 1
34 37 3
34 40 5
34 31 1
34 42 1
34 11 5
34 13 3
34 46 4
34 48 2
34 49 1
34 35 5
34 20 2
34 57 2
34 59 5
34 36 4
35 48 2
35 34 5
35 5 5
35 41 2
35 12 4
35 46 3
35 47 2
35 16 4
35 18 1
35 51 2
35 55 5
35 25 4
35 26 2
35 29 4
35 30 2
35 31 3
36 55 2
36 38 5
36 8 5
36 41 5
36 42 2
36 43 3
36 15 4
36 52 3
36 21 3
36 54 2
36 23 4
36 56 3
36 57 4
36 28 5
36 29 2
36 30 3
37 48 4
37 34 4
37 3 3
37 4 4
37 39 5
37 44 3
37 29 1
37 2 1
37 46 5
37 45 2
37 16 1
37 20 3
37 21 2
37 58 4
37 26 1
37 30 2
38 59 5
38 36 5
38 5 3
38 42 2
38 11 1
38 45 1
38 49 2
38 50 3
38 52 5
38 54 3
38 55 3
38 56 2
38 25 4
38 58 5
38 27 5
38 29 3
39 40 2
39 10 5
39 29 2
39 45 4
39 47 3
39 48 4
39 51 4
39 20 1
39 53 2
39 55 3
39 24 1
39 25 5
39 28 1
39 42 4
39 52 4
40 42 1
40 43 4
40 44 5
40 34 3
40 14 4
40 47 5
40 16 4
40 49 1
40 22 2
40 25 2
40 57 3
40 28 4
40 13 4
40 30 4
41 33 4
41 35 5
41 36 3
41 8 2
41 9 5
41 23 4
41 12 5
41 13 2
41 47 3
41 24 5
41 22 5
41 55 1
41 56 2
41 57 3
41 26 2
41 28 5
41 44 4
42 59 5
42 36 4
42 38 5
42 39 5
42 40 5
42 12 3
42 46 1
42 49 2
42 50 1
42 53 2
42 22 5
42 24 1
42 25 4
42 27 4
42 28 5
42 21 5
43 50 2
43 36 3
43 49 4
43 40 3
43 10 3
43 11 1
43 13 2
43 46 4
43 45 5
43 8 5
43 18 2
43 19 5
43 20 5
43 21 4
43 54 3
43 56 3
43 30 1
44 59 5
44 22 4
44 40 1
44 9 3
44 41 2
44 23 3
44 49 5
44 51 5
44 21 1
44 54 1
44 55 2
44 24 2
44 25 1
44 27 2
44 30 3
44 37 1
45 39 1
45 9 3
45 43 5
45 13 5
45 15 1
45 50 1
45 51 2
45 52 5
45 53 2
45 23 4
45 58 3
45 59 4
45 28 5
46 7 4
46 42 1
46 43 4
46 22 4
46 48 4
46 49 3
46 50 4
46 54 5
46 56 3
46 26 5
46 28 5
46 30 4
46 31 5
47 51 3
47 35 3
47 4 5
47 39 2
47 40 2
47 41 4
47 11 4
47 14 1
47 48 3
47 18 4
47 19 2
47 52 1
47 53 1
47 55 3
47 28 2
47 30 5
47 31 3
48 50 3
48 51 2
48 53 1
48 55 4
48 26 4
48 15 3
48 29 1
48 37 3
49 50 2
49 51 3
49 52 3
49 54 5
49 23 4
49 26 3
49 27 4
49 10 3
49 30 2
50 54 4
50 58 5
51 52 2
51 53 1
51 54 5
51 56 2
51 20 2
51 59 5
52 10 3
52 45 4
52 47 5
52 49 1
52 51 3
52 30 5
52 54 2
52 56 3
52 25 2
52 59 4
52 28 2
52 4 2
53 2 4
53 7 3
53 9 3
53 42 4
53 39 5
53 45 3
53 47 1
53 48 2
53 51 5
53 57 2
53 55 3
53 24 1
53 25 3
53 58 1
53 29 4
53 31 4
54 100000 50
54 100002 50
54 100001 50
54 100003 50
55 100000 50
55 41 5
55 44 3
55 47 5
55 48 2
55 100003 50
55 53 3
55 22 1
55 23 2
55 24 4
55 100001 50
55 59 1
55 29 1
55 31 3
56 100001 50
56 100003 50
56 36 1
56 38 2
56 33 4
56 41 5
56 43 2
56 52 2
56 46 1
56 17 2
56 51 2
56 20 2
56 100000 50
56 57 4
56 58 2
56 59 2
56 28 2
56 31 2
57 0 5
57 33 5
57 34 1
57 3 2
57 36 2
57 1 5
57 40 2
57 41 5
57 17 3
57 18 5
57 53 4
57 22 3
57 56 1
57 100004 50
57 26 5
57 28 3
57 30 4
57 31 1
58 100002 50
58 100004 50
-2 3 50
-2 5 50
-5 1 50
-5 2 50
-4 1 50
-4 3 50
-4 4 50
-3 3 50
-3 5 50
-1 1 50
-1 4 50
-1 5 50
