0 1 6
0 2 2
0 3 9
0 5 4
0 38 5
0 39 1
0 8 5
0 9 8
0 10 6
0 7 3
0 12 6
0 14 10
0 19 7
0 20 10
0 24 4
0 27 1
0 29 1
1 32 5
1 35 10
1 4 5
1 38 5
1 39 5
1 9 7
1 10 2
1 11 8
1 13 4
1 15 3
1 17 3
1 18 10
1 19 6
1 22 8
1 23 8
1 29 4
2 3 4
2 4 6
2 5 4
2 6 2
2 39 10
2 8 7
2 9 3
2 12 4
2 15 10
2 17 2
2 18 2
2 21 2
2 22 1
2 24 2
2 25 5
2 29 3
3 35 4
3 36 3
3 6 5
3 7 3
3 8 4
3 9 8
3 10 5
3 11 10
3 13 8
3 17 7
3 18 6
3 19 4
3 26 1
3 28 7
3 30 8
4 32 10
4 33 2
4 6 3
4 39 6
4 11 4
4 12 8
4 13 6
4 15 2
4 16 6
4 17 1
4 19 3
4 24 8
4 25 8
4 28 5
4 31 2
5 33 7
5 36 3
5 8 6
5 9 6
5 11 4
5 12 4
5 14 4
5 16 2
5 17 6
5 19 3
5 20 9
5 21 10
5 22 1
5 28 10
5 29 9
6 33 3
6 34 5
6 37 1
6 39 2
6 11 9
6 16 1
6 18 9
6 19 4
6 20 6
6 22 6
6 23 5
6 7 1
6 25 9
6 31 1
7 33 9
7 32 5
7 39 2
7 9 2
7 10 9
7 12 10
7 13 8
7 14 10
7 16 2
7 18 1
7 23 3
7 25 10
7 29 5
7 30 5
8 19 8
8 34 9
8 36 4
8 38 4
8 9 4
8 11 8
8 13 4
8 17 3
8 18 7
8 35 2
8 28 10
8 29 9
8 31 5
9 33 5
9 38 2
9 10 4
9 11 9
9 12 5
9 13 8
9 16 2
9 18 4
9 19 2
9 30 9
10 36 3
10 37 5
10 38 7
10 12 9
10 14 1
10 15 3
10 16 8
10 17 8
10 18 3
10 19 8
10 27 2
10 28 10
11 32 8
11 34 1
11 12 10
11 14 8
11 15 1
11 16 4
11 18 1
11 20 3
11 21 6
11 26 7
12 32 6
12 33 6
12 38 6
12 14 8
12 17 6
12 18 8
12 19 6
12 24 9
12 26 5
13 32 2
13 34 1
13 39 6
13 15 5
13 16 10
13 17 3
13 18 1
13 19 8
13 21 8
13 25 4
13 30 3
14 37 4
14 38 1
14 15 8
14 18 10
14 19 6
14 21 9
14 23 1
14 24 1
14 26 7
14 27 1
14 30 5
15 35 3
15 38 7
15 39 1
15 18 2
15 19 10
15 26 2
15 27 7
15 28 8
15 29 6
15 30 6
16 32 9
16 35 10
16 38 6
16 17 5
16 19 4
16 21 4
16 25 6
16 27 2
16 30 8
17 34 8
17 18 6
17 19 7
17 20 1
17 24 9
17 25 8
17 26 6
18 37 9
18 33 10
18 28 5
19 35 10
19 31 9
20 32 4
20 37 6
20 24 5
20 26 2
21 37 3
21 23 6
21 24 10
22 32 8
22 36 10
22 37 1
22 29 1
22 31 7
23 34 5
23 26 1
23 27 9
23 31 10
24 27 3
25 33 6
25 27 2
26 34 3
27 36 6
28 36 9
28 31 4
29 37 2
30 35 4
30 37 9
31 34 5
31 35 5
32 37 4
33 34 8
34 100002 100
34 100003 100
34 100001 100
35 100002 100
35 36 5
35 100001 100
35 100004 100
36 100000 100
36 100002 100
36 39 4
36 100003 100
37 100000 100
38 100003 100
38 100001 100
39 100004 100
-2 1 100
-2 5 100
-5 0 100
-5 3 100
-5 5 100
-4 3 100
-4 4 100
-3 1 100
-3 3 100
-3 5 100
-1 5 100
