0 2 5
0 35 3
0 4 2
0 5 1
0 38 4
0 7 5
0 9 1
0 16 3
0 20 5
0 22 4
0 23 4
0 25 2
0 28 4
1 2 1
1 35 4
1 36 3
1 37 2
1 6 5
1 13 2
1 16 2
1 19 2
1 23 4
1 26 5
1 28 1
1 30 2
1 31 4
2 34 2
2 37 1
2 38 5
2 12 1
2 14 3
2 18 3
2 22 1
2 25 4
2 6 3
2 27 5
2 30 1
3 4 3
3 5 1
3 38 2
3 39 1
3 8 1
3 9 4
3 11 4
3 12 1
3 13 3
3 20 1
3 24 1
3 30 1
3 31 3
4 38 2
4 6 5
4 39 1
4 10 5
4 7 4
4 13 1
4 15 5
4 20 3
4 25 2
4 29 2
4 30 2
5 34 2
5 38 2
5 7 2
5 8 4
5 11 1
5 14 3
5 18 2
5 35 2
5 21 3
5 26 2
5 29 3
6 34 5
6 7 4
6 9 1
6 10 3
6 13 2
6 18 4
6 25 2
6 27 3
6 28 1
6 30 1
7 36 5
7 37 4
7 38 3
7 8 4
7 9 2
7 15 5
7 18 4
7 22 4
7 4 1
7 6 2
7 5 2
7 31 4
8 32 5
8 34 5
8 37 3
8 9 5
8 12 2
8 13 5
8 15 5
8 16 3
8 21 2
8 29 4
8 5 3
9 32 3
9 13 5
9 15 2
9 16 5
9 19 2
9 25 1
9 27 1
9 30 1
10 32 4
10 33 5
10 35 5
10 4 2
10 6 5
10 12 4
10 16 3
10 25 1
10 21 1
10 22 4
10 23 4
10 36 4
10 30 2
11 33 2
11 37 5
11 38 1
11 12 3
11 17 1
11 35 2
11 20 1
11 21 1
11 23 3
11 5 3
11 29 3
11 31 2
12 34 2
12 37 5
12 14 5
12 15 5
12 16 1
12 17 1
12 18 3
12 31 3
13 33 5
13 8 5
13 9 3
13 14 2
13 18 4
13 20 4
13 26 1
13 28 2
13 31 4
14 35 3
14 5 4
14 38 2
14 39 4
14 12 5
14 13 5
14 17 2
14 19 2
14 21 5
14 23 5
14 24 2
14 28 1
15 33 2
15 4 5
15 37 4
15 7 4
15 8 2
15 9 5
15 39 1
15 12 2
15 19 4
15 24 2
15 26 2
15 27 3
15 30 3
16 33 3
16 38 4
16 32 1
16 8 3
16 9 5
16 10 1
16 12 5
16 24 4
16 27 2
16 28 3
16 31 3
17 34 3
17 39 2
17 11 4
17 12 4
17 14 4
17 18 2
17 20 2
17 21 5
17 23 5
17 24 1
17 25 5
17 28 2
17 30 3
18 35 1
18 36 2
18 5 2
18 6 2
18 7 4
18 12 5
18 13 5
18 17 1
18 19 5
18 23 5
18 26 3
18 28 4
19 35 3
19 36 2
19 9 3
19 14 5
19 15 3
19 18 2
19 20 5
19 23 1
19 24 3
19 27 1
19 28 5
19 31 2
20 34 3
20 37 5
20 39 2
20 11 3
20 13 5
20 17 3
20 19 5
20 22 5
20 24 5
20 29 4
21 32 5
21 36 5
21 5 3
21 8 5
21 10 3
21 11 2
21 14 4
21 17 1
21 22 4
21 23 1
21 25 5
21 29 3
21 31 2
22 35 3
22 36 2
22 7 5
22 10 1
22 39 3
22 20 1
22 21 4
22 23 1
22 24 1
22 26 4
22 27 4
23 34 5
23 37 1
23 10 2
23 11 4
23 14 4
23 17 1
23 18 1
23 19 3
23 21 5
23 22 5
23 28 2
24 33 1
24 3 5
24 36 1
24 38 4
24 39 5
24 14 5
24 15 1
24 16 1
24 17 1
24 19 2
24 20 4
24 22 4
24 27 3
25 32 3
25 2 4
25 4 4
25 37 2
25 6 3
25 39 3
25 9 4
25 10 4
25 17 1
25 21 4
25 36 2
25 26 1
26 32 1
26 33 2
26 34 3
26 35 2
26 5 3
26 1 3
26 13 1
26 15 1
26 18 2
26 22 5
26 25 4
26 28 1
26 29 1
27 32 3
27 33 4
27 2 5
27 37 1
27 6 2
27 39 4
27 9 3
27 15 1
27 16 5
27 19 2
27 22 3
27 24 5
27 29 5
28 1 2
28 35 4
28 6 3
28 13 4
28 14 2
28 16 4
28 17 2
28 18 3
28 19 5
28 23 4
28 26 3
28 31 2
29 32 1
29 34 3
29 5 5
29 38 3
29 8 1
29 11 4
29 20 5
29 21 2
29 36 1
29 26 4
29 27 2
29 31 5
30 32 3
30 2 4
30 35 1
30 4 2
30 38 2
30 6 5
30 33 3
30 9 4
30 10 4
30 15 3
30 17 2
30 3 4
31 34 5
31 36 5
31 7 5
31 11 3
31 12 2
31 13 2
31 16 4
31 19 1
31 21 5
31 28 5
31 29 2
32 34 4
32 37 3
32 39 4
33 34 1
33 37 5
33 38 1
33 39 2
34 100004 50
34 100001 50
35 100002 50
35 36 4
35 100001 50
35 30 5
36 100002 50
36 100004 50
36 39 3
36 100003 50
36 100001 50
37 100003 50
38 100002 50
38 100000 50
39 100000 50
39 100003 50
-2 3 50
-2 4 50
-2 5 50
-5 1 50
-5 4 50
-4 1 50
-4 2 50
-4 5 50
-3 1 50
-3 5 50
-1 3 50
-1 5 50
