0 32 3
0 36 1
0 39 2
0 9 5
0 12 3
0 24 5
0 27 5
0 28 3
0 29 3
1 33 2
1 35 1
1 37 5
1 7 3
1 39 5
1 12 3
1 26 2
1 30 2
1 5 5
2 33 2
2 35 2
2 6 3
2 10 1
2 23 1
2 25 1
2 28 1
2 29 3
2 31 2
3 32 5
3 33 5
3 37 4
3 38 5
3 39 3
3 20 3
3 29 5
3 30 2
3 31 4
4 33 5
4 38 1
4 15 1
4 17 3
4 20 4
4 22 3
4 24 3
4 26 1
4 31 2
5 35 3
5 36 4
5 39 5
5 11 5
5 13 4
5 14 4
5 28 3
5 31 3
6 32 4
6 35 5
6 8 2
6 17 1
6 18 3
6 21 4
6 25 4
6 31 5
7 35 5
7 8 2
7 13 5
7 14 4
7 21 4
7 23 4
7 27 1
7 28 2
8 32 3
8 33 3
8 34 1
8 35 5
8 15 1
8 23 5
8 30 4
9 33 2
9 36 5
9 38 5
9 14 5
9 22 5
9 24 5
9 25 4
9 29 1
10 33 4
10 37 4
10 39 1
10 16 4
10 17 4
10 20 4
10 26 2
10 27 2
11 32 4
11 35 1
11 36 2
11 12 2
11 13 2
11 19 3
11 20 2
11 27 2
12 34 3
12 37 3
12 16 2
12 21 1
12 23 2
12 28 2
13 36 1
13 38 2
13 22 4
13 23 3
13 26 2
13 30 4
14 32 1
14 39 2
14 15 3
14 18 2
14 20 4
14 21 4
15 37 2
15 19 3
15 20 1
15 21 4
15 36 1
15 28 5
16 32 2
16 17 3
16 19 4
16 21 5
16 22 2
16 26 3
16 31 4
17 34 5
17 24 3
17 28 5
17 29 3
17 31 5
18 34 5
18 36 3
18 37 4
18 22 5
18 23 4
18 24 3
18 31 1
19 32 5
19 34 4
19 20 1
19 25 4
19 26 2
19 27 5
20 33 4
20 39 4
20 21 1
20 22 3
20 23 3
20 25 4
20 26 4
20 29 4
20 30 3
20 31 1
21 33 5
21 34 5
21 35 3
21 36 3
21 39 2
21 24 4
21 25 4
21 27 2
21 29 3
21 30 2
22 37 5
22 38 1
22 39 2
22 23 4
22 24 2
22 25 3
22 26 2
22 27 3
22 28 4
22 29 4
22 31 5
23 32 3
23 34 4
23 38 2
23 39 3
23 24 4
23 25 4
23 27 1
23 28 2
23 29 4
24 33 5
24 35 4
24 37 4
24 38 5
24 39 4
24 36 3
24 27 4
24 28 5
24 30 2
25 32 4
25 33 3
25 35 4
25 37 5
25 39 5
25 26 1
25 27 1
25 28 3
25 29 3
26 34 3
26 35 5
26 38 2
26 36 1
26 27 4
26 28 2
26 30 2
26 31 3
27 32 3
27 34 4
27 35 1
27 29 3
27 30 1
27 31 1
28 35 5
28 38 1
28 34 5
28 30 1
28 37 3
29 33 2
29 37 4
29 38 4
29 39 3
29 34 1
29 31 4
30 32 5
30 34 4
30 35 5
30 36 1
30 33 1
30 38 2
30 39 1
31 32 5
31 33 4
31 36 1
31 38 3
32 34 1
32 35 5
32 36 4
32 38 4
33 34 5
33 37 3
33 38 1
34 36 1
34 37 2
34 38 5
34 100000 50
35 100003 50
35 100004 50
35 39 2
35 100001 50
35 100002 50
35 37 2
36 100004 50
36 37 3
36 38 3
36 39 5
36 100001 50
37 38 2
37 100004 50
37 39 5
37 100002 50
37 100003 50
38 100001 50
39 100003 50
39 100000 50
-2 0 50
-2 2 50
-2 4 50
-5 0 50
-5 2 50
-5 5 50
-4 0 50
-4 3 50
-4 5 50
-3 1 50
-3 3 50
-3 5 50
-1 2 50
-1 3 50
-1 5 50
