0 1 8
0 2 3
0 3 1
0 4 6
0 37 9
0 6 3
0 39 1
0 40 7
0 9 10
0 10 9
0 11 1
0 12 6
0 13 6
0 15 5
0 48 9
0 17 10
0 7 3
0 27 7
0 5 1
0 29 10
0 31 9
1 33 5
1 34 10
1 4 9
1 37 6
1 6 5
1 7 6
1 40 2
1 9 1
1 10 7
1 11 9
1 44 4
1 13 1
1 12 6
1 15 9
1 16 4
1 8 2
1 19 7
1 14 9
1 17 6
1 5 10
2 32 5
2 3 4
2 34 4
2 43 4
2 4 7
2 37 7
2 6 1
2 7 10
2 8 5
2 41 2
2 11 6
2 14 7
2 47 2
2 19 7
2 20 9
2 9 4
2 25 2
2 15 6
2 28 5
2 31 6
3 16 4
3 35 3
3 17 4
3 5 10
3 6 3
3 39 3
3 9 5
3 42 4
3 7 6
3 12 3
3 45 6
3 14 10
3 13 7
3 48 4
3 49 9
3 18 2
3 19 7
3 20 4
3 15 2
4 32 9
4 16 10
4 36 7
4 6 5
4 17 2
4 8 3
4 9 5
4 11 10
4 44 4
4 15 7
4 48 2
4 49 9
4 18 6
4 19 1
4 40 5
4 22 1
4 41 7
4 26 3
5 33 10
5 34 1
5 14 7
5 7 5
5 40 1
5 41 6
5 10 7
5 39 7
5 44 3
5 13 8
5 12 7
5 16 7
5 8 5
5 18 3
5 19 2
5 21 7
5 9 9
5 25 9
6 33 9
6 34 1
6 38 7
6 42 3
6 7 10
6 13 7
6 14 6
6 15 6
6 16 4
6 11 5
6 18 8
6 35 2
6 17 7
6 23 4
6 36 2
6 10 8
7 33 2
7 36 8
7 40 8
7 9 7
7 10 3
7 11 9
7 12 1
7 13 5
7 14 1
7 15 9
7 16 3
7 49 1
7 17 10
7 24 3
7 28 8
8 35 3
8 36 8
8 39 8
8 41 2
8 10 4
8 12 10
8 14 3
8 47 9
8 9 1
8 19 8
8 20 2
8 21 8
8 23 4
8 24 8
8 26 5
8 15 9
8 30 2
9 42 1
9 43 2
9 12 8
9 13 5
9 14 6
9 15 6
9 16 1
9 17 7
9 18 3
9 21 3
9 46 3
9 33 1
9 30 2
10 34 6
10 35 4
10 17 8
10 38 5
10 41 10
10 43 7
10 44 2
10 12 3
10 15 3
10 11 1
10 49 5
10 19 5
10 28 8
10 29 5
10 16 5
11 35 2
11 36 2
11 41 4
11 42 6
11 12 5
11 13 5
11 14 10
11 15 10
11 17 7
11 19 6
11 20 1
11 21 5
11 26 10
11 29 4
12 16 5
12 17 8
12 42 9
12 24 7
12 13 6
12 14 7
12 15 3
12 48 3
12 49 9
12 18 8
12 22 6
12 31 1
13 35 1
13 37 1
13 17 6
13 42 9
13 46 3
13 14 6
13 15 3
13 43 1
13 21 4
13 22 9
13 28 10
13 29 8
14 32 8
14 17 7
14 37 5
14 39 2
14 15 9
14 16 4
14 40 4
14 18 10
14 26 8
14 31 7
15 17 5
15 39 6
15 40 9
15 16 5
15 49 1
15 18 6
15 46 10
16 32 8
16 18 7
16 42 7
16 44 4
16 45 10
16 17 4
16 19 9
16 23 3
16 29 9
16 31 1
17 32 9
17 41 7
17 46 3
17 43 2
17 18 2
17 29 9
17 30 6
18 33 7
18 34 4
18 38 9
18 39 10
18 40 8
18 45 1
18 47 8
18 19 10
18 24 3
18 26 2
18 27 2
19 35 3
19 39 1
19 41 6
19 43 7
19 34 7
19 47 4
19 24 8
19 25 3
19 27 2
19 28 1
19 30 2
20 36 2
20 38 5
20 34 4
20 46 5
20 47 7
20 28 7
21 37 7
21 38 7
21 44 8
21 25 1
21 27 1
22 32 1
22 33 3
22 46 9
22 47 6
22 23 9
22 27 6
22 28 7
23 33 10
23 34 9
23 35 1
23 37 9
23 46 7
23 27 6
24 38 10
24 41 9
24 42 10
24 45 7
24 26 4
25 37 9
25 45 2
25 47 9
25 49 8
25 31 7
25 28 5
26 33 9
26 35 5
26 27 4
26 30 2
27 44 8
27 29 4
27 30 8
28 47 2
28 42 8
29 36 9
29 41 3
29 43 2
30 34 10
30 45 1
30 46 7
30 40 6
31 36 7
31 45 5
31 49 8
31 46 9
32 38 3
32 44 5
32 45 3
32 47 10
33 49 10
34 49 10
35 48 7
36 43 6
36 49 5
37 43 10
37 45 1
38 40 3
38 47 10
38 48 8
39 43 4
39 44 1
40 44 5
41 48 7
42 48 5
43 47 6
44 100002 100
44 100000 100
44 48 3
44 100004 100
45 100002 100
45 100004 100
45 48 9
45 100003 100
45 100000 100
46 100001 100
46 48 1
47 100003 100
48 100001 100
48 100003 100
49 100000 100
49 100001 100
-2 2 100
-2 4 100
-2 5 100
-5 3 100
-5 4 100
-5 5 100
-4 1 100
-4 3 100
-3 0 100
-3 2 100
-3 5 100
-1 3 100
-1 4 100
-1 5 100
