0 33 4
0 35 1
0 6 2
0 47 4
0 49 2
0 24 3
0 27 2
1 34 1
1 35 2
1 36 2
1 7 4
1 46 2
1 24 2
2 34 1
2 8 2
2 10 4
2 47 5
2 16 5
2 28 1
2 42 1
3 42 3
3 48 2
3 19 1
3 24 2
3 28 5
3 29 4
4 36 2
4 42 1
4 46 1
4 47 2
4 49 1
4 27 2
5 38 3
5 41 5
5 11 3
5 48 4
5 28 5
5 30 3
6 34 4
6 7 2
6 40 1
6 46 3
6 19 2
6 31 3
7 32 5
7 43 5
7 20 1
7 28 5
8 9 3
8 13 4
8 47 1
8 48 2
8 49 3
8 27 4
8 28 3
9 35 5
9 37 5
9 40 4
9 43 4
9 22 4
10 41 3
10 11 5
10 14 1
10 27 2
10 30 2
11 12 3
11 49 3
11 29 4
11 31 3
12 34 1
12 45 1
12 21 3
12 30 5
12 31 4
13 37 3
13 40 2
13 18 2
13 19 1
13 22 5
13 26 2
14 43 1
14 46 1
14 47 4
14 25 5
14 28 1
15 38 1
15 44 2
15 16 4
15 17 4
15 20 2
15 25 3
16 38 4
16 44 1
16 25 3
16 31 1
17 35 5
17 38 1
17 39 4
17 40 5
17 15 2
17 48 4
18 37 1
18 41 1
18 42 4
18 48 1
18 30 3
19 23 3
19 24 1
19 27 3
20 32 5
20 33 5
20 36 2
20 37 2
20 38 5
20 40 2
20 41 3
20 45 3
20 46 5
20 49 4
20 22 4
20 23 2
20 24 1
20 25 5
20 26 1
20 29 1
20 30 2
21 34 4
21 37 5
21 38 4
21 39 5
21 44 4
21 42 2
21 43 2
21 46 2
21 47 4
21 48 2
21 49 4
21 22 4
21 23 1
21 24 3
21 25 2
21 27 5
21 28 1
21 31 2
22 32 2
22 33 1
22 35 2
22 36 3
22 38 2
22 40 4
22 42 3
22 43 3
22 44 1
22 45 5
22 48 4
22 23 2
22 25 1
22 30 2
22 31 4
23 32 1
23 35 5
23 36 2
23 37 1
23 39 3
23 40 1
23 41 3
23 42 3
23 44 1
23 45 3
23 46 2
23 48 1
23 49 3
23 28 4
23 30 4
24 36 1
24 37 4
24 38 3
24 33 1
24 40 5
24 42 1
24 43 5
24 45 2
24 47 2
24 49 1
24 27 3
24 29 2
24 30 2
25 33 4
25 34 1
25 35 2
25 36 1
25 38 2
25 39 5
25 41 5
25 42 1
25 45 5
25 49 1
25 26 5
25 28 4
25 29 3
26 32 5
26 34 2
26 35 2
26 36 2
26 38 1
26 39 5
26 40 1
26 41 1
26 43 4
26 44 4
26 46 2
26 47 2
26 28 5
26 29 2
26 30 1
26 31 5
27 32 4
27 35 3
27 33 3
27 39 4
27 43 1
27 44 4
27 45 4
27 46 5
27 48 3
27 28 5
27 30 3
27 31 5
28 33 2
28 39 4
28 44 2
28 34 3
28 40 4
28 43 1
28 30 5
28 31 5
29 32 3
29 33 3
29 34 5
29 36 3
29 37 2
29 38 3
29 39 5
29 41 5
29 44 1
29 45 3
29 48 4
29 49 5
29 35 5
30 39 2
30 41 3
30 42 2
30 45 1
30 46 5
30 47 2
30 37 1
30 31 3
31 33 4
31 43 5
31 36 3
31 37 1
31 39 4
31 41 4
31 45 5
31 47 1
31 44 1
32 34 2
32 35 3
32 36 2
32 37 5
32 38 1
32 41 1
32 42 3
32 39 5
32 44 4
32 47 2
32 48 2
32 49 5
33 34 5
33 35 4
33 36 3
33 40 4
33 41 3
33 42 3
33 43 4
33 44 3
33 47 1
33 49 5
34 37 4
34 40 1
34 44 2
34 42 3
34 45 2
34 46 1
34 47 3
34 48 3
35 49 3
35 40 2
35 42 3
35 44 1
35 45 4
35 41 4
35 37 1
36 37 3
36 42 1
36 45 4
36 46 2
36 47 3
36 48 3
36 49 3
37 38 5
37 40 5
37 46 1
37 48 2
37 49 1
38 39 3
38 41 3
38 42 3
38 43 5
38 44 3
38 45 3
39 40 4
39 41 5
39 42 4
39 43 4
39 44 5
39 45 4
39 48 3
40 49 2
40 42 1
40 46 2
40 48 1
41 43 2
41 45 4
41 46 3
41 47 2
42 43 2
43 46 5
43 44 4
43 45 2
43 47 5
44 100004 50
44 45 1
44 47 2
44 100000 50
44 100002 50
44 100003 50
45 100000 50
45 100001 50
45 48 5
46 100002 50
46 47 5
46 48 2
46 49 2
46 100004 50
47 49 4
47 100002 50
48 100001 50
48 49 5
48 100004 50
49 100000 50
49 100001 50
49 100003 50
-2 1 50
-2 2 50
-2 5 50
-5 2 50
-5 5 50
-4 0 50
-4 2 50
-4 5 50
-3 2 50
-3 3 50
-1 2 50
-1 4 50
-1 5 50
