0 33 10
0 2 7
0 3 6
0 36 10
0 37 1
0 6 7
0 1 6
0 8 1
0 9 5
0 10 9
0 11 10
0 12 6
0 13 6
0 15 6
0 16 3
0 17 2
0 18 9
0 19 2
0 22 2
0 4 1
0 5 4
1 2 5
1 3 8
1 4 8
1 5 2
1 6 1
1 7 6
1 8 1
1 9 8
1 10 4
1 11 8
1 12 9
1 13 8
1 14 5
1 15 1
1 16 3
1 17 4
1 18 7
1 19 7
1 24 5
1 29 2
2 34 9
2 3 6
2 4 8
2 5 10
2 6 2
2 7 4
2 8 9
2 9 6
2 10 7
2 11 10
2 12 9
2 13 4
2 14 4
2 15 10
2 16 10
2 17 4
2 18 6
2 19 2
2 39 4
3 33 2
3 4 5
3 5 5
3 6 3
3 7 1
3 8 8
3 9 1
3 10 9
3 11 9
3 12 10
3 14 7
3 15 6
3 16 8
3 17 7
3 18 7
3 19 1
3 22 10
3 27 3
4 5 7
4 38 9
4 7 7
4 8 5
4 9 8
4 10 2
4 11 4
4 13 5
4 14 7
4 15 2
4 16 10
4 34 8
4 18 9
4 19 4
4 6 9
4 28 3
4 37 4
5 37 10
5 6 7
5 7 7
5 8 6
5 9 4
5 10 2
5 11 6
5 12 2
5 13 9
5 14 10
5 15 5
5 18 2
5 19 9
5 32 8
5 25 9
5 29 7
6 7 4
6 8 8
6 9 7
6 10 10
6 11 2
6 12 9
6 13 1
6 14 2
6 15 3
6 16 4
6 17 8
6 18 5
6 19 7
6 22 2
6 29 6
7 32 1
7 36 3
7 39 2
7 8 3
7 9 5
7 11 4
7 12 3
7 13 10
7 14 5
7 15 10
7 16 4
7 17 9
7 18 7
7 19 1
7 24 6
8 9 7
8 10 7
8 11 6
8 12 5
8 13 8
8 14 1
8 15 4
8 16 7
8 17 7
8 18 6
8 21 2
8 33 1
8 26 8
9 10 6
9 11 7
9 12 1
9 13 8
9 14 4
9 15 8
9 16 5
9 17 7
9 18 8
9 19 3
9 28 5
9 30 10
10 35 4
10 11 10
10 12 2
10 14 10
10 15 10
10 16 5
10 17 9
10 18 9
10 19 3
10 20 4
10 29 2
10 30 9
11 38 4
11 12 4
11 13 9
11 14 7
11 15 7
11 16 8
11 17 3
11 18 9
11 19 1
11 25 6
12 13 7
12 14 10
12 15 2
12 16 6
12 17 4
12 18 6
12 19 10
12 23 10
12 28 4
12 30 6
13 36 1
13 37 3
13 14 9
13 15 7
13 17 5
13 18 3
13 19 5
13 25 8
13 28 10
13 30 6
14 32 3
14 36 5
14 15 7
14 16 5
14 17 1
14 18 4
14 21 1
14 31 10
15 34 8
15 16 4
15 17 5
15 18 10
15 19 1
15 26 3
16 39 6
16 17 8
16 18 2
16 19 7
16 20 3
16 23 6
16 27 6
17 39 1
17 18 8
17 19 7
17 24 9
17 27 2
17 28 5
18 21 8
18 23 4
18 26 5
19 35 1
19 33 6
19 34 1
19 23 4
19 25 7
20 24 10
20 37 3
20 38 4
21 25 7
21 39 5
22 38 8
22 31 8
23 35 1
24 35 10
25 28 1
26 27 7
26 34 10
27 32 4
28 29 7
29 31 7
30 33 1
31 38 1
31 36 10
32 35 10
33 37 7
34 100003 100
35 100000 100
35 100001 100
36 100000 100
36 100003 100
36 100001 100
37 100002 100
38 100003 100
38 100004 100
39 100001 100
39 100004 100
-2 2 100
-2 4 100
-2 5 100
-5 1 100
-5 5 100
-4 2 100
-4 3 100
-4 5 100
-3 0 100
-3 3 100
-3 4 100
-1 0 100
-1 1 100
-1 5 100
