0 2 6
0 4 1
0 5 1
0 6 1
0 7 2
0 40 1
0 10 7
0 11 6
0 12 6
0 13 4
0 16 7
0 49 3
0 18 5
0 17 3
0 54 1
0 28 5
1 32 2
1 2 3
1 3 3
1 4 7
1 5 1
1 6 3
1 40 7
1 9 3
1 11 4
1 12 7
1 13 2
1 14 5
1 16 5
1 17 4
1 19 2
1 27 6
2 3 8
2 5 6
2 7 8
2 8 10
2 41 4
2 11 4
2 12 5
2 13 9
2 47 6
2 15 8
2 9 6
2 27 3
2 28 1
2 31 2
3 11 3
3 4 3
3 5 6
3 6 10
3 8 4
3 42 5
3 43 9
3 46 5
3 48 3
3 19 2
3 22 5
3 57 6
3 58 4
3 28 7
4 36 5
4 5 6
4 6 10
4 9 10
4 10 4
4 14 3
4 17 2
4 18 4
4 19 1
4 21 3
4 22 4
4 23 1
4 58 10
5 6 4
5 7 7
5 8 8
5 41 9
5 10 1
5 11 9
5 15 10
5 16 6
5 9 10
5 56 7
5 26 5
6 7 7
6 11 6
6 13 5
6 15 3
6 16 7
6 18 6
6 51 8
6 52 2
6 22 4
6 55 4
6 26 8
7 34 7
7 8 3
7 10 2
7 11 2
7 12 9
7 13 1
7 14 2
7 15 9
7 16 1
7 18 8
7 19 8
7 28 6
8 44 10
8 10 4
8 11 9
8 12 7
8 14 8
8 16 3
8 50 9
8 19 6
8 9 8
8 23 10
8 58 10
8 29 2
9 35 5
9 23 10
9 12 2
9 45 8
9 14 8
9 47 8
9 16 1
9 18 6
9 21 1
9 55 9
9 15 4
10 36 8
10 41 5
10 11 4
10 12 1
10 13 1
10 14 4
10 48 10
10 50 2
10 57 1
10 58 6
10 59 8
11 32 4
11 12 7
11 13 4
11 48 5
11 17 3
11 18 6
11 24 10
12 39 8
12 44 7
12 13 6
12 15 4
12 16 10
12 19 3
12 41 8
12 27 3
13 33 2
13 39 7
13 15 8
13 16 9
13 17 9
13 19 7
13 20 10
13 53 1
14 41 9
14 42 4
14 43 2
14 44 10
14 15 3
14 17 8
14 51 2
14 40 8
14 56 6
14 23 9
15 27 10
15 16 6
15 17 8
15 18 2
15 46 5
15 59 2
15 29 8
15 31 2
16 17 1
16 42 6
16 46 6
16 49 2
16 18 10
16 59 8
17 34 9
17 35 1
17 38 8
17 18 8
17 19 10
17 22 3
17 55 9
17 25 9
18 32 5
18 19 7
18 41 2
18 55 4
18 27 10
18 30 10
18 31 6
19 37 5
19 42 9
19 51 6
19 52 6
19 54 5
19 25 1
19 26 3
20 35 6
20 36 6
20 25 6
20 59 5
20 30 2
21 44 3
21 45 4
21 46 3
21 24 1
22 33 1
22 49 9
23 43 1
23 24 9
24 34 10
24 48 5
24 55 10
25 33 5
25 40 3
25 29 1
26 34 1
26 38 5
26 44 4
27 40 3
28 34 3
28 46 5
29 33 4
29 45 4
29 52 8
30 50 1
30 45 2
30 56 7
30 31 3
31 52 10
31 59 7
32 35 2
32 47 3
32 56 3
33 35 7
33 50 3
34 37 9
35 47 3
36 47 2
36 54 9
36 56 5
37 39 7
37 53 5
37 54 1
37 56 5
38 39 2
38 43 10
38 44 4
38 48 2
39 53 3
39 54 6
40 49 2
41 53 4
42 50 3
42 55 8
43 51 8
43 58 6
44 50 6
45 49 10
45 57 3
46 53 9
47 51 5
48 58 7
49 53 2
50 57 9
51 54 1
52 53 2
52 57 3
53 59 10
54 100002 100
54 100003 100
54 100004 100
54 100001 100
55 100000 100
55 100003 100
56 58 3
57 100000 100
57 59 3
58 100000 100
58 100001 100
58 100002 100
58 100003 100
58 100004 100
59 100001 100
-2 0 100
-2 1 100
-5 0 100
-5 3 100
-5 4 100
-4 1 100
-4 2 100
-3 0 100
-3 1 100
-3 4 100
-1 0 100
-1 3 100
