0 32 5
0 35 8
0 7 8
0 9 7
0 13 4
0 14 7
0 3 1
0 23 10
0 56 5
0 57 7
0 29 7
1 33 9
1 6 3
1 16 8
1 25 10
1 23 1
1 24 1
1 57 5
1 59 1
1 28 3
2 32 4
2 3 6
2 37 5
2 40 7
2 18 4
2 51 7
2 20 9
2 53 3
2 23 4
2 29 10
3 32 8
3 34 9
3 37 10
3 10 1
3 45 1
3 22 9
3 57 8
3 54 8
3 5 2
4 34 1
4 37 3
4 40 4
4 45 9
4 47 8
4 50 9
4 52 8
4 58 4
4 27 4
5 32 2
5 35 1
5 38 4
5 12 9
5 15 7
5 48 8
5 21 2
5 55 3
5 58 7
6 33 10
6 20 1
6 54 6
6 24 2
6 25 4
6 58 8
6 28 1
6 31 10
7 39 9
7 8 1
7 46 9
7 15 8
7 21 3
7 23 6
7 25 6
7 29 10
7 53 5
8 59 9
8 36 4
8 41 6
8 43 4
8 12 6
8 26 5
8 27 2
8 29 8
9 41 4
9 12 1
9 45 5
9 44 6
9 53 1
9 54 1
9 24 5
9 27 4
10 32 5
10 11 9
10 39 5
10 43 2
10 48 4
10 49 4
10 19 4
10 52 6
10 22 10
10 31 6
11 34 10
11 22 9
11 38 10
11 43 4
11 47 2
11 17 8
11 51 2
11 20 5
11 54 3
12 35 6
12 42 8
12 17 9
12 51 7
12 54 8
12 41 8
13 33 9
13 34 4
13 40 3
13 41 6
13 43 8
13 45 9
13 54 1
13 25 1
13 58 3
14 40 8
14 47 8
14 16 3
14 50 10
14 20 9
14 21 6
14 54 10
14 24 7
15 36 5
15 45 2
15 48 7
15 50 6
15 22 2
15 23 6
15 30 4
16 32 7
16 33 7
16 35 1
16 37 1
16 40 4
16 48 9
16 26 8
17 32 4
17 33 1
17 19 3
17 56 7
17 57 6
17 28 3
17 31 3
18 35 5
18 38 1
18 43 9
18 47 7
18 51 1
18 21 1
18 57 8
18 27 10
18 31 2
19 33 4
19 43 1
19 44 8
19 47 6
19 48 5
19 25 9
19 58 1
20 32 9
20 33 3
20 43 7
20 37 8
20 39 7
20 34 5
20 50 4
20 51 9
20 23 4
20 56 9
20 25 10
20 26 5
20 28 6
21 36 1
21 26 2
21 42 6
21 43 1
21 44 4
21 22 9
21 23 1
21 24 2
21 25 4
21 58 5
21 59 9
21 29 9
21 37 9
22 29 3
22 40 6
22 41 5
22 44 9
22 46 3
22 26 7
22 55 3
22 23 7
22 57 8
22 58 1
22 27 9
22 42 10
23 33 8
23 36 1
23 41 3
23 44 2
23 45 9
23 49 8
23 55 4
23 26 2
23 27 5
24 59 5
24 39 2
24 42 2
24 55 10
24 44 6
24 53 6
24 41 8
24 25 4
24 58 10
24 27 5
24 26 1
24 31 10
25 35 1
25 38 7
25 40 3
25 42 8
25 39 4
25 44 8
25 52 5
25 27 9
25 53 4
26 35 6
26 37 6
26 41 10
26 46 2
26 48 7
26 49 8
26 50 5
26 57 2
26 59 6
26 30 2
27 32 6
27 33 3
27 38 3
27 42 10
27 44 1
27 49 4
27 52 9
27 29 4
27 31 6
28 36 4
28 39 4
28 40 4
28 41 2
28 42 5
28 45 3
28 46 10
28 47 2
28 56 4
28 57 2
28 58 1
28 30 7
28 52 2
29 32 7
29 35 8
29 36 4
29 37 2
29 38 7
29 39 10
29 48 9
29 50 5
29 55 6
29 53 7
30 35 4
30 36 5
30 37 2
30 40 10
30 47 3
30 43 1
30 44 5
30 46 2
30 49 3
30 50 7
30 52 3
30 57 2
30 59 8
30 58 7
31 32 8
31 34 1
31 35 4
31 46 5
31 47 4
31 53 6
31 55 6
31 56 4
31 57 5
31 58 5
31 59 3
32 49 8
32 50 6
32 37 7
32 53 2
32 56 10
32 52 9
33 34 3
33 41 8
33 55 1
33 46 1
33 54 1
33 56 1
33 57 9
33 59 7
34 37 8
34 40 9
34 42 6
34 46 10
34 48 1
34 49 6
34 35 4
34 57 7
34 59 2
34 36 1
35 48 8
35 41 6
35 46 2
35 47 5
35 51 5
35 55 7
36 55 2
36 38 5
36 41 2
36 42 10
36 43 10
36 52 10
36 54 1
36 56 7
36 57 6
37 48 2
37 39 3
37 44 2
37 46 9
37 45 9
37 58 4
38 59 6
38 42 7
38 45 1
38 49 7
38 50 3
38 52 4
38 54 3
38 55 5
38 56 9
38 58 10
39 40 2
39 45 6
39 47 9
39 48 1
39 51 7
39 53 6
39 55 6
39 42 8
39 52 6
40 42 10
40 43 1
40 44 9
40 47 5
40 49 1
40 57 1
41 47 6
41 55 10
41 56 3
41 57 7
41 44 9
42 59 6
42 46 2
42 49 5
42 50 6
42 53 8
43 50 3
43 49 6
43 46 8
43 45 9
43 54 9
43 56 4
44 59 8
44 49 3
44 51 2
44 54 9
44 55 5
45 50 5
45 51 2
45 52 7
45 53 4
45 58 7
45 59 4
46 48 7
46 49 3
46 50 7
46 54 4
46 56 7
47 51 8
47 48 7
47 52 9
47 53 10
47 55 6
48 50 1
48 51 4
48 53 2
48 55 5
49 50 10
49 51 6
49 52 5
49 54 7
50 54 8
50 58 5
51 52 10
51 53 2
51 54 8
51 56 6
51 59 2
52 54 3
52 56 10
52 59 10
53 57 8
53 55 9
53 58 3
54 57 2
55 100001 100
55 59 5
56 100001 100
56 100004 100
56 100002 100
56 57 3
56 58 2
56 59 5
57 100004 100
57 100003 100
57 100001 100
57 100000 100
58 100000 100
58 100003 100
59 100002 100
-2 1 100
-2 2 100
-5 3 100
-5 4 100
-4 0 100
-4 1 100
-4 2 100
-3 2 100
-3 3 100
-3 4 100
-1 2 100
-1 4 100
