0 2 6
0 35 1
0 4 3
0 5 4
0 38 2
0 7 3
0 9 7
0 16 5
0 20 7
0 22 2
0 23 7
0 25 6
0 28 9
1 2 2
1 35 4
1 36 8
1 37 10
1 6 10
1 13 4
1 16 9
1 19 7
1 23 9
1 26 1
1 28 5
1 30 2
1 31 7
2 34 4
2 37 5
2 38 7
2 12 3
2 14 1
2 18 8
2 22 7
2 25 3
2 6 1
2 27 10
2 30 10
3 4 2
3 5 2
3 38 5
3 39 3
3 8 6
3 9 2
3 11 7
3 12 7
3 13 10
3 20 1
3 24 9
3 30 8
3 31 6
4 38 9
4 6 10
4 39 1
4 10 6
4 7 2
4 13 6
4 15 2
4 20 5
4 25 3
4 29 5
4 30 3
5 34 10
5 38 10
5 7 9
5 8 3
5 11 7
5 14 1
5 18 5
5 35 8
5 21 1
5 26 9
5 29 3
6 34 9
6 7 3
6 9 6
6 10 1
6 13 8
6 18 8
6 25 2
6 27 1
6 28 3
6 30 5
7 36 5
7 37 5
7 38 10
7 8 5
7 9 5
7 15 10
7 18 7
7 22 2
7 31 2
8 32 8
8 34 2
8 37 8
8 9 7
8 12 6
8 13 2
8 15 3
8 16 10
8 21 2
8 29 5
9 32 2
9 13 9
9 15 9
9 16 10
9 19 7
9 25 6
9 27 4
9 30 7
10 32 6
10 33 8
10 35 9
10 12 6
10 16 2
10 25 6
10 21 5
10 22 5
10 23 7
10 36 4
10 30 10
11 33 2
11 37 9
11 38 9
11 12 10
11 17 6
11 35 6
11 20 10
11 21 3
11 23 8
11 29 1
11 31 5
12 34 10
12 37 8
12 14 1
12 15 4
12 16 8
12 17 5
12 18 4
12 31 3
13 33 3
13 14 1
13 18 5
13 20 5
13 26 2
13 28 6
13 31 7
14 35 9
14 38 10
14 39 6
14 17 1
14 19 10
14 21 5
14 23 7
14 24 9
14 28 8
15 33 4
15 37 2
15 39 7
15 19 1
15 24 5
15 26 3
15 27 2
15 30 4
16 33 10
16 38 10
16 32 3
16 24 4
16 27 9
16 28 3
16 31 7
17 34 10
17 39 8
17 18 5
17 20 6
17 21 5
17 23 7
17 24 10
17 25 6
17 28 5
17 30 3
18 35 3
18 36 3
18 19 5
18 23 5
18 26 9
18 28 1
19 35 9
19 36 6
19 20 2
19 23 1
19 24 3
19 27 4
19 28 2
19 31 7
20 34 7
20 37 2
20 39 2
20 22 10
20 24 3
20 29 2
21 32 9
21 36 4
21 22 10
21 23 3
21 25 4
21 29 7
21 31 7
22 35 4
22 36 3
22 39 10
22 23 3
22 24 2
22 26 6
22 27 9
23 34 8
23 37 8
23 28 5
24 33 4
24 36 4
24 38 9
24 39 9
24 27 9
25 32 8
25 37 1
25 39 6
25 36 2
25 26 9
26 32 7
26 33 1
26 34 6
26 35 7
26 28 8
26 29 5
27 32 10
27 33 3
27 37 10
27 39 8
27 29 3
28 35 3
28 31 6
29 32 3
29 34 7
29 38 1
29 36 7
29 31 10
30 32 8
30 35 5
30 38 9
30 33 5
31 34 10
31 36 6
32 34 6
32 37 3
32 39 1
33 34 5
33 37 6
33 38 9
33 39 10
34 100001 100
34 100002 100
34 100000 100
35 100002 100
35 36 1
35 100001 100
35 100004 100
36 100002 100
36 100004 100
36 39 6
36 100001 100
37 100004 100
37 100000 100
38 100003 100
39 100003 100
-2 2 100
-2 3 100
-2 4 100
-5 0 100
-5 1 100
-5 2 100
-4 2 100
-4 3 100
-3 1 100
-3 4 100
-3 5 100
-1 0 100
-1 4 100
