0 1 3
0 2 2
0 3 5
0 4 2
0 5 1
0 6 2
0 7 5
0 8 4
0 9 3
0 10 5
0 11 1
0 12 3
0 13 2
0 14 1
0 15 3
0 16 3
0 17 4
0 18 3
0 19 2
0 27 4
0 31 2
0 46 3
0 55 5
0 56 3
0 57 4
1 2 4
1 3 4
1 4 2
1 5 5
1 6 1
1 7 3
1 8 1
1 9 5
1 11 5
1 12 4
1 13 1
1 14 3
1 15 1
1 16 2
1 17 2
1 18 2
1 19 3
1 32 4
1 37 4
1 39 3
1 44 4
1 46 3
1 47 2
1 56 3
2 3 2
2 4 2
2 7 1
2 8 2
2 9 3
2 10 5
2 12 1
2 13 4
2 14 3
2 15 2
2 16 1
2 17 4
2 18 4
2 19 5
2 30 1
2 31 2
2 34 3
2 40 5
2 44 1
2 47 1
2 53 1
2 54 4
2 56 5
3 4 1
3 5 5
3 6 5
3 7 2
3 8 3
3 9 2
3 10 3
3 12 5
3 13 2
3 14 1
3 15 1
3 16 2
3 18 2
3 19 5
3 21 4
3 23 2
3 24 4
3 28 2
3 31 4
3 46 2
3 51 1
3 57 5
4 5 2
4 6 3
4 8 2
4 9 1
4 12 2
4 13 3
4 14 5
4 16 4
4 17 3
4 19 1
4 21 3
4 28 3
4 32 1
4 33 1
4 40 4
4 41 5
4 42 2
4 43 3
4 45 3
4 46 1
4 47 1
5 6 4
5 7 5
5 8 3
5 9 5
5 10 5
5 11 5
5 12 5
5 13 4
5 14 2
5 16 4
5 18 4
5 19 3
5 20 2
5 25 3
5 28 5
5 29 2
5 36 5
5 41 1
5 47 4
5 48 4
5 53 4
6 7 4
6 8 1
6 9 5
6 10 1
6 11 4
6 12 5
6 13 2
6 14 2
6 15 1
6 16 4
6 17 5
6 18 3
6 19 1
6 27 5
6 31 4
6 33 1
6 34 3
6 35 5
6 52 1
6 58 1
7 8 3
7 9 5
7 10 4
7 11 1
7 12 3
7 13 1
7 14 2
7 15 2
7 16 5
7 17 5
7 18 4
7 19 2
7 22 5
7 27 1
7 36 5
7 38 4
7 41 3
7 42 3
7 43 5
8 9 2
8 10 1
8 11 3
8 12 4
8 13 4
8 14 1
8 15 4
8 16 5
8 17 4
8 18 1
8 19 3
8 26 4
8 37 1
8 38 5
8 39 1
8 42 1
8 53 4
9 10 3
9 11 1
9 13 3
9 14 4
9 15 1
9 16 5
9 17 4
9 18 2
9 19 3
9 22 2
9 26 3
9 36 3
9 43 3
9 44 1
9 50 2
9 58 4
10 11 1
10 12 3
10 13 5
10 14 2
10 15 2
10 16 3
10 17 1
10 19 1
10 20 5
10 22 3
10 27 1
10 31 3
10 34 3
10 49 4
10 50 3
10 53 5
10 54 5
11 12 3
11 13 1
11 14 5
11 15 5
11 16 5
11 17 3
11 19 3
11 21 2
11 23 4
11 29 2
11 30 4
11 38 1
11 41 2
11 47 1
11 48 2
11 52 2
11 58 3
12 13 1
12 14 2
12 15 3
12 16 4
12 17 1
12 18 2
12 19 3
12 23 3
12 27 3
12 28 3
12 51 2
12 52 3
12 56 3
12 57 5
13 14 1
13 16 2
13 17 1
13 18 3
13 19 2
13 27 1
13 29 1
13 34 3
13 38 3
13 45 1
13 52 3
13 57 1
14 15 4
14 16 1
14 17 1
14 18 2
14 19 1
14 35 4
14 39 2
14 46 1
14 55 5
14 56 4
14 57 5
15 16 3
15 17 5
15 18 1
15 19 5
15 23 1
15 32 2
15 33 4
15 39 1
15 44 4
15 49 1
15 51 4
15 56 1
15 57 3
16 17 5
16 18 1
16 19 1
16 22 4
16 25 5
16 32 5
16 40 5
16 45 4
16 59 1
17 18 4
17 19 2
17 20 2
17 23 5
17 28 3
17 29 5
17 34 2
17 51 5
17 54 4
17 59 3
18 19 1
18 29 1
18 37 1
18 38 1
18 49 2
18 51 1
18 53 2
18 55 2
18 56 5
18 59 2
19 21 3
19 29 5
19 46 5
19 50 5
19 51 1
19 59 5
20 33 5
20 38 4
20 40 1
20 49 2
20 51 3
20 54 3
21 43 4
21 45 5
21 48 3
21 25 3
21 28 1
22 40 4
22 43 5
22 24 4
22 58 1
22 31 1
23 35 1
23 50 3
23 24 5
23 30 4
24 37 5
24 39 5
24 41 1
24 45 1
24 47 2
24 30 4
25 35 2
25 48 5
25 49 3
25 52 1
25 26 4
25 59 5
26 32 4
26 33 5
26 34 1
26 36 5
26 44 4
26 46 4
27 32 1
27 49 1
27 59 2
28 43 1
28 47 2
28 49 1
29 33 4
29 36 4
29 45 4
30 32 4
30 35 4
30 37 5
30 39 5
30 55 2
31 33 3
31 37 4
31 59 4
32 55 2
32 36 3
33 42 2
33 50 2
34 36 1
34 39 4
34 48 2
35 36 3
35 41 3
35 42 5
35 59 1
36 57 1
37 48 4
37 54 5
37 57 3
38 40 5
38 44 5
38 47 4
39 49 2
39 59 4
40 43 1
40 55 4
40 58 2
41 45 3
41 53 4
41 56 2
42 44 5
42 52 3
42 53 3
42 58 3
43 54 1
43 55 2
44 50 2
44 55 2
45 52 2
45 55 2
46 52 3
46 54 5
47 51 5
48 54 1
48 58 1
48 53 5
49 57 5
50 52 3
50 53 5
50 58 3
51 56 5
52 55 5
53 54 1
54 100002 50
54 58 2
55 56 3
56 100003 50
56 100004 50
57 100000 50
57 100001 50
57 100004 50
58 100000 50
58 100001 50
59 100002 50
59 100003 50
-2 1 50
-2 2 50
-2 4 50
-5 3 50
-5 5 50
-4 2 50
-4 5 50
-3 0 50
-3 4 50
-3 5 50
-1 1 50
-1 5 50
