0 33 2
0 36 2
0 5 7
0 1 10
0 8 8
0 9 2
0 10 9
0 12 8
0 13 1
0 44 10
0 18 2
0 51 6
0 20 3
0 55 8
0 24 10
0 37 8
1 34 10
1 4 10
1 38 1
1 7 4
1 9 2
1 10 8
1 12 9
1 13 7
1 47 2
1 17 2
1 52 9
1 55 4
1 25 3
1 15 4
1 28 3
2 48 2
2 17 6
2 6 10
2 7 4
2 41 8
2 11 10
2 50 8
2 14 1
2 15 1
2 16 10
2 49 2
2 18 5
2 53 7
2 23 9
2 29 9
2 30 9
3 34 9
3 36 5
3 40 4
3 41 2
3 10 10
3 13 9
3 14 2
3 15 8
3 18 6
3 52 1
3 23 8
3 56 1
3 58 6
3 59 5
3 28 2
3 26 8
4 17 1
4 5 8
4 38 5
4 7 5
4 42 1
4 11 4
4 12 7
4 16 5
4 49 8
4 19 9
4 20 5
4 56 8
4 6 10
4 59 10
4 10 7
5 33 6
5 34 7
5 50 4
5 4 8
5 6 6
5 40 1
5 9 5
5 11 8
5 12 3
5 45 4
5 14 7
5 15 9
5 18 4
5 19 10
5 27 1
6 33 8
6 2 7
6 35 9
6 4 7
6 5 5
6 39 2
6 12 2
6 18 9
6 14 9
6 17 3
6 50 4
6 19 8
6 53 7
6 58 5
6 30 10
6 21 3
7 32 9
7 33 2
7 2 4
7 4 3
7 17 5
7 40 5
7 41 8
7 10 6
7 13 2
7 16 8
7 8 9
7 18 5
7 19 7
7 52 4
7 1 1
7 54 8
8 35 5
8 36 7
8 7 3
8 40 4
8 10 9
8 11 1
8 12 4
8 13 7
8 49 9
8 18 2
8 19 1
8 54 2
8 24 7
8 58 9
8 26 5
9 37 5
9 40 3
9 11 8
9 13 3
9 14 6
9 47 9
9 16 1
9 17 4
9 18 8
9 21 4
9 58 3
9 28 2
9 30 7
9 5 3
10 3 8
10 4 8
10 7 6
10 8 10
10 43 6
10 14 5
10 11 10
10 50 6
10 19 1
10 20 1
10 22 8
10 23 9
10 26 6
10 30 10
11 16 4
11 2 10
11 35 10
11 4 3
11 5 10
11 39 5
11 8 3
11 9 6
11 42 7
11 13 8
11 48 8
11 49 5
11 10 5
11 52 2
11 17 10
11 29 8
12 6 9
12 8 5
12 43 3
12 46 5
12 15 5
12 17 9
12 19 6
12 54 3
12 23 2
12 25 9
12 47 7
12 55 4
13 3 2
13 7 8
13 8 4
13 9 8
13 11 2
13 44 8
13 15 1
13 17 8
13 19 3
13 20 6
13 53 6
13 57 3
13 26 10
13 31 1
14 2 7
14 3 1
14 37 5
14 6 2
14 17 5
14 9 5
14 10 6
14 15 8
14 16 5
14 49 8
14 18 8
14 19 5
14 21 9
14 22 8
14 25 2
14 5 2
15 2 7
15 3 2
15 37 8
15 38 7
15 12 7
15 45 2
15 14 9
15 13 3
15 49 7
15 51 4
15 26 9
15 59 4
15 5 1
15 29 2
15 31 5
16 32 4
16 2 3
16 34 4
16 4 1
16 7 3
16 40 7
16 9 10
16 42 9
16 11 1
16 45 4
16 14 10
16 18 1
16 53 4
16 23 3
16 56 2
16 31 10
17 33 8
17 2 4
17 11 8
17 4 4
17 6 6
17 1 9
17 41 4
17 23 9
17 12 6
17 13 8
17 14 3
17 9 4
17 21 9
17 55 4
17 7 6
17 25 10
18 2 6
18 3 8
18 5 9
18 38 10
18 7 3
18 8 7
18 9 1
18 42 3
18 46 3
18 16 9
18 19 5
18 20 10
18 14 8
18 52 1
18 6 2
19 36 9
19 5 1
19 6 5
19 7 4
19 8 4
19 41 2
19 10 1
19 12 3
19 13 5
19 14 9
19 18 5
19 53 6
19 57 6
19 27 4
19 42 7
19 4 4
20 4 5
20 37 4
20 10 1
20 43 5
20 13 1
20 18 4
20 30 7
21 39 8
21 9 6
21 45 3
21 14 7
21 17 2
21 54 2
21 56 10
22 10 6
22 14 4
22 54 6
22 23 8
22 24 10
22 28 6
22 29 6
22 30 4
23 2 5
23 3 1
23 10 3
23 12 5
23 16 7
23 17 4
23 22 4
23 24 4
24 8 1
24 43 4
24 47 5
24 22 2
24 23 4
24 27 3
24 28 6
25 12 10
25 41 9
25 44 1
25 14 4
25 17 5
25 59 2
25 28 3
26 32 3
26 3 5
26 38 7
26 8 8
26 10 3
26 13 5
26 15 7
26 31 7
27 32 3
27 5 3
27 43 4
27 48 4
27 19 8
27 24 6
27 59 2
27 29 1
28 1 8
28 3 3
28 9 3
28 45 10
28 52 5
28 22 2
28 24 3
28 25 9
29 42 3
29 11 2
29 15 6
29 22 4
29 57 4
29 27 8
29 30 9
30 35 10
30 6 9
30 9 9
30 10 10
30 20 10
30 22 8
30 29 5
31 36 4
31 38 7
31 39 6
31 13 9
31 15 9
31 16 10
31 54 1
31 26 9
32 34 7
32 7 4
32 42 10
32 48 3
32 51 2
32 26 1
32 27 9
33 35 8
33 44 4
33 17 4
33 57 4
34 39 2
34 44 2
34 16 6
34 51 8
35 48 10
35 56 5
35 57 1
36 43 3
36 19 3
36 58 4
36 59 10
36 31 6
37 46 5
37 15 4
37 50 3
37 20 2
37 14 4
37 57 3
38 4 3
38 50 10
38 15 3
38 18 5
38 52 6
38 26 3
38 31 7
39 46 1
39 51 4
39 21 4
39 55 3
39 31 8
40 7 9
40 8 8
40 9 1
40 16 7
40 55 6
40 56 5
41 3 2
41 7 4
41 46 6
41 47 9
41 17 5
41 19 6
41 25 5
42 32 9
42 4 7
42 11 4
42 16 8
42 18 4
42 19 4
42 54 2
42 29 2
43 48 7
43 24 3
43 57 6
43 27 9
44 45 10
44 46 8
44 13 6
44 56 2
44 25 6
45 46 8
45 47 1
45 16 6
45 21 2
45 15 9
45 28 5
46 47 5
46 41 4
47 50 2
48 53 2
48 58 5
49 8 8
49 11 3
49 14 4
49 15 8
49 50 6
49 58 5
50 55 10
51 39 1
51 15 5
51 53 2
51 57 1
51 59 4
52 3 8
52 38 1
52 7 3
52 11 2
52 18 3
52 53 1
52 28 1
53 57 8
54 100000 100
54 100001 100
54 8 10
54 42 7
54 12 6
54 21 10
54 22 9
54 58 10
54 31 8
55 100003 100
55 100004 100
55 100000 100
55 56 6
55 59 8
56 100002 100
56 100003 100
56 100004 100
57 100002 100
57 100004 100
58 100001 100
58 100003 100
59 100000 100
59 100001 100
59 100002 100
-2 2 100
-2 3 100
-2 4 100
-5 2 100
-5 4 100
-4 1 100
-4 2 100
-4 3 100
-3 3 100
-3 5 100
-1 1 100
-1 3 100
