0 36 2
0 6 3
0 17 2
0 40 1
0 41 4
0 49 4
0 18 4
0 20 5
0 25 2
0 27 1
0 29 4
0 30 1
1 2 3
1 3 2
1 4 3
1 6 2
1 43 4
1 44 5
1 46 3
1 48 5
1 49 2
1 35 2
1 36 4
1 26 4
2 32 2
2 34 3
2 35 1
2 45 2
2 47 5
2 16 3
2 49 5
2 23 3
2 27 5
2 28 4
2 30 4
3 32 2
3 37 5
3 7 1
3 41 2
3 13 1
3 16 3
3 49 1
3 21 2
3 22 1
3 25 5
3 31 3
4 36 4
4 7 5
4 47 3
4 10 5
4 44 3
4 45 3
4 15 3
4 19 5
4 20 3
4 27 1
4 42 3
5 36 1
5 49 2
5 42 2
5 11 1
5 13 3
5 14 2
5 15 1
5 17 2
5 46 3
5 24 4
5 7 1
5 21 1
6 33 5
6 42 2
6 43 4
6 45 4
6 46 5
6 47 4
6 24 3
6 29 3
6 30 2
6 31 3
7 34 5
7 49 1
7 8 4
7 14 3
7 15 4
7 17 3
7 18 5
7 35 4
7 29 2
8 32 2
8 33 4
8 35 1
8 40 2
8 46 1
8 16 4
8 20 2
8 23 3
8 26 4
8 28 4
8 29 2
9 32 5
9 35 1
9 41 5
9 10 5
9 11 3
9 12 2
9 14 2
9 15 4
9 22 2
9 23 3
9 27 2
9 44 2
10 16 1
10 4 2
10 9 5
10 42 3
10 12 4
10 48 1
10 49 2
10 19 3
10 21 5
10 22 2
10 26 3
10 30 4
11 36 2
11 37 3
11 38 5
11 46 1
11 17 3
11 19 3
11 23 3
11 31 3
11 28 2
11 30 5
11 5 5
12 33 1
12 36 3
12 38 4
12 16 5
12 9 2
12 10 4
12 14 5
12 15 5
12 48 3
12 22 4
12 24 1
12 29 5
13 39 4
13 14 5
13 47 3
13 48 1
13 49 5
13 20 2
13 21 4
13 25 5
13 29 5
13 30 2
14 32 2
14 38 3
14 17 5
14 18 5
14 25 2
14 29 5
14 31 4
15 40 3
15 43 2
15 17 4
15 22 5
15 23 4
15 28 4
15 30 4
16 33 3
16 35 1
16 36 5
16 38 4
16 49 3
16 18 5
16 3 2
16 25 5
17 34 1
17 43 1
17 37 4
17 41 5
17 45 1
17 19 3
18 48 5
18 34 1
18 37 4
18 39 1
18 43 3
18 26 1
18 28 2
18 31 4
19 40 5
19 41 3
19 43 3
19 45 5
19 22 2
19 23 4
19 27 5
19 28 4
20 34 1
20 41 3
20 44 5
20 46 4
20 48 4
20 22 2
20 23 2
20 25 2
20 27 3
20 28 2
21 34 5
21 35 1
21 42 3
21 43 5
21 44 2
21 47 1
21 48 3
21 3 3
21 24 4
21 28 1
21 29 3
22 32 2
22 37 5
22 40 4
22 41 1
22 35 4
22 27 1
22 30 3
23 32 5
23 37 2
23 39 2
23 42 3
23 40 1
23 24 2
23 26 4
24 34 5
24 36 3
24 38 1
24 39 1
24 49 4
24 25 5
24 27 5
24 29 1
24 37 4
25 37 4
25 38 3
25 45 3
25 48 2
25 46 2
25 28 3
25 31 1
26 37 4
26 38 4
26 33 2
26 39 2
26 45 5
26 48 1
26 42 1
26 30 2
26 31 5
27 35 2
27 41 4
27 45 3
27 47 1
27 48 2
27 49 3
28 32 5
28 38 4
28 42 3
28 49 1
28 29 4
29 35 1
29 43 5
29 47 2
29 46 1
30 33 4
30 35 1
30 39 1
30 44 4
30 31 5
31 32 5
31 34 3
31 35 2
31 38 3
31 41 4
31 48 4
32 33 4
32 38 3
32 43 4
32 44 5
32 47 2
33 48 1
33 34 3
33 37 4
33 39 2
33 41 1
33 45 2
33 40 5
34 36 1
34 38 3
34 40 2
34 41 4
34 42 1
35 36 5
35 40 5
36 37 2
36 44 4
36 47 4
36 49 5
37 43 5
37 49 4
37 44 2
38 39 2
38 44 5
38 47 2
39 40 1
39 41 4
39 42 1
39 44 1
39 46 5
39 48 5
40 42 2
40 43 5
40 44 5
40 46 2
41 43 4
41 45 4
42 43 1
42 46 1
42 47 5
43 45 2
44 100002 50
44 100003 50
44 46 5
44 47 3
44 100000 50
45 100000 50
45 100002 50
45 46 3
45 47 4
45 48 3
46 100000 50
46 100003 50
46 47 4
47 100001 50
48 100002 50
48 100004 50
48 100001 50
49 100003 50
49 100004 50
-2 3 50
-2 4 50
-2 5 50
-5 1 50
-5 2 50
-5 3 50
-4 0 50
-4 3 50
-4 4 50
-3 1 50
-3 3 50
-3 4 50
-1 0 50
-1 3 50
-1 5 50
