0 19 5
0 1 7
0 3 7
0 4 3
0 38 1
0 6 2
0 14 5
0 15 1
0 18 4
0 51 5
0 22 7
0 23 7
0 27 9
0 35 9
1 3 3
1 5 10
1 7 2
1 9 2
1 10 2
1 11 1
1 46 7
1 47 7
1 18 9
1 19 10
1 21 3
1 56 3
1 28 8
2 32 4
2 3 10
2 36 3
2 6 7
2 8 9
2 10 2
2 43 8
2 12 5
2 14 6
2 16 7
2 18 5
2 51 10
2 53 2
2 58 9
3 35 4
3 36 1
3 5 8
3 8 2
3 41 10
3 12 7
3 13 1
3 15 10
3 16 6
3 40 8
3 18 10
4 36 7
4 49 8
4 10 1
4 11 9
4 12 4
4 13 4
4 14 1
4 15 10
4 17 8
4 18 6
4 19 8
4 55 8
4 7 9
5 19 8
5 1 10
5 34 2
5 3 10
5 7 3
5 10 9
5 11 8
5 12 4
5 13 4
5 14 10
5 16 9
5 51 7
5 22 8
5 59 5
6 41 3
6 57 6
6 43 3
6 44 6
6 13 5
6 12 9
6 48 4
6 20 2
6 53 5
6 9 6
6 25 10
6 31 2
7 37 6
7 38 3
7 11 3
7 12 4
7 13 6
7 14 7
7 47 1
7 18 9
7 19 6
7 54 3
7 15 4
7 5 4
8 37 2
8 40 1
8 41 10
8 42 5
8 11 8
8 29 3
8 52 6
8 21 10
8 25 5
8 15 3
8 53 6
8 31 3
9 32 8
9 37 5
9 6 10
9 40 10
9 12 9
9 11 7
9 44 2
9 15 4
9 18 6
9 19 6
9 52 9
9 53 4
9 59 1
10 49 7
10 11 9
10 12 2
10 45 5
10 15 7
10 16 2
10 17 9
10 50 8
10 20 6
10 25 9
11 36 8
11 9 5
11 10 3
11 12 4
11 45 5
11 46 4
11 13 4
11 19 8
11 4 5
11 15 2
12 5 8
12 6 5
12 7 10
12 9 9
12 10 2
12 11 3
12 13 9
12 52 2
12 54 5
12 26 4
12 59 1
13 3 5
13 4 8
13 5 8
13 38 1
13 7 10
13 40 6
13 11 5
13 12 8
13 18 9
13 15 6
13 50 9
13 20 7
13 6 3
13 30 10
14 32 3
14 48 2
14 34 3
14 4 4
14 5 1
14 0 1
14 7 3
14 43 4
14 2 9
14 16 9
14 19 2
14 53 2
14 57 6
14 58 2
15 32 5
15 3 6
15 4 10
15 7 7
15 8 4
15 41 7
15 10 6
15 11 2
15 13 2
15 17 10
15 51 3
15 9 8
15 55 3
16 34 5
16 5 6
16 39 3
16 40 1
16 41 2
16 42 4
16 44 4
16 2 7
16 14 7
16 49 7
16 50 5
16 20 7
16 10 4
17 38 2
17 40 4
17 10 2
17 55 9
17 44 8
17 45 10
17 46 2
17 15 10
17 51 10
17 23 2
17 24 2
17 58 1
17 30 10
18 32 9
18 3 6
18 4 7
18 1 8
18 9 7
18 23 9
18 13 5
18 19 9
18 55 1
18 7 9
18 58 9
18 28 6
19 42 2
19 45 3
19 57 5
19 26 7
19 30 8
20 48 4
20 6 5
20 10 5
20 13 8
20 16 7
20 22 1
20 28 6
21 34 5
21 38 6
21 8 8
21 54 5
21 55 8
21 26 6
22 44 8
22 45 3
22 48 1
22 50 5
22 20 4
23 0 5
23 33 10
23 44 9
23 18 2
23 17 5
23 50 7
23 27 6
24 43 2
24 49 3
24 52 1
24 56 9
24 39 1
24 28 5
25 39 4
25 8 8
25 10 7
25 47 2
25 51 7
25 59 1
26 34 10
26 46 8
26 47 4
26 19 8
26 21 7
26 30 7
27 33 9
27 39 3
27 42 7
27 51 7
27 23 7
27 29 9
28 35 6
28 42 7
28 18 10
28 20 10
28 24 7
28 59 9
29 35 6
29 36 1
29 8 9
29 47 1
29 53 5
29 54 9
29 27 1
30 35 1
30 13 7
30 17 2
30 19 3
30 54 6
30 55 2
30 26 7
31 42 1
31 45 9
31 50 8
31 52 4
31 56 9
32 36 6
32 41 6
33 37 4
33 43 2
33 46 8
33 54 2
33 23 8
33 58 4
33 27 10
34 35 6
34 43 6
35 56 10
36 41 5
37 39 7
37 55 5
37 57 2
38 49 2
38 13 7
38 48 2
38 17 10
38 21 3
39 48 7
39 59 2
39 37 2
39 16 7
39 24 2
39 25 5
39 27 9
40 8 5
40 9 3
40 13 10
40 16 1
40 17 8
40 58 7
41 43 9
42 57 2
43 52 3
44 45 9
44 17 9
44 22 7
44 23 4
45 58 8
46 54 10
46 26 4
46 59 8
47 49 1
47 57 6
47 25 4
47 26 4
47 29 8
48 57 7
49 56 7
50 13 10
50 16 6
50 22 5
50 23 5
50 56 5
50 31 8
51 0 7
51 2 5
51 5 1
51 15 1
51 17 8
51 25 8
51 27 9
52 58 9
53 6 7
53 8 5
53 9 7
53 14 4
53 56 1
53 29 5
54 100000 100
54 33 4
54 100003 100
54 7 5
54 12 5
54 46 10
54 21 9
54 100001 100
54 29 3
54 30 9
55 100000 100
55 100001 100
55 100003 100
55 4 3
55 37 2
55 15 10
55 17 10
55 18 6
55 21 2
55 100004 100
55 30 6
56 100002 100
56 100004 100
57 100004 100
58 100000 100
58 100001 100
-2 0 100
-2 3 100
-2 4 100
-5 0 100
-5 3 100
-4 0 100
-4 4 100
-3 1 100
-3 3 100
-3 4 100
-1 3 100
-1 4 100
