0 32 2
0 33 4
0 6 1
0 39 4
0 9 4
0 7 4
0 17 5
0 19 3
0 25 5
0 26 2
0 31 1
1 32 3
1 33 4
1 34 5
1 35 1
1 36 4
1 7 4
1 15 5
1 17 1
1 21 5
1 4 5
1 29 1
2 3 4
2 5 2
2 16 4
2 18 3
2 20 5
2 21 3
2 23 3
2 25 5
2 27 1
2 29 4
2 37 5
3 33 3
3 34 5
3 39 2
3 8 1
3 2 5
3 17 2
3 20 3
3 23 1
3 27 4
3 28 4
3 31 4
4 34 2
4 35 5
4 36 5
4 6 4
4 33 5
4 12 2
4 14 5
4 22 5
4 25 1
4 31 3
5 35 4
5 6 4
5 9 4
5 10 5
5 13 1
5 14 2
5 15 1
5 21 1
5 25 4
5 26 2
6 7 1
6 18 4
6 20 3
6 21 5
6 22 1
6 24 2
6 28 1
6 37 3
7 36 4
7 38 3
7 10 2
7 17 3
7 21 4
7 23 2
7 27 3
7 37 3
8 19 1
8 38 3
8 9 2
8 10 3
8 15 1
8 17 5
8 18 5
8 35 5
8 29 4
8 30 1
9 36 4
9 12 4
9 13 3
9 16 4
9 18 3
9 21 3
9 26 5
9 27 4
10 32 1
10 34 3
10 35 2
10 11 1
10 13 5
10 21 5
10 26 2
10 29 2
11 32 5
11 34 1
11 38 1
11 20 1
11 22 3
11 23 1
11 24 2
11 25 2
11 27 2
11 30 2
12 35 1
12 37 3
12 15 3
12 17 4
12 25 5
12 27 5
12 36 4
12 29 3
12 31 1
13 32 5
13 34 3
13 39 1
13 17 2
13 18 1
13 22 4
13 37 2
13 31 4
14 32 3
14 37 2
14 15 4
14 19 5
14 21 2
14 22 1
14 24 1
14 36 2
14 28 5
14 5 3
15 34 1
15 36 5
15 16 4
15 24 1
15 25 5
15 28 1
16 36 5
16 38 2
16 18 5
16 22 3
16 25 2
16 27 3
16 28 1
16 30 4
17 19 4
17 22 4
17 27 5
17 31 1
18 37 5
18 20 1
18 21 1
18 24 1
18 26 2
19 32 5
19 39 2
19 20 1
19 22 3
19 24 1
19 25 2
19 30 5
20 32 4
20 33 3
20 36 4
20 37 1
20 21 4
20 23 3
20 24 1
20 26 2
20 29 3
21 22 1
21 23 5
21 27 4
21 28 4
21 31 2
22 33 1
22 38 5
22 39 2
22 36 4
22 26 3
22 30 5
23 33 1
23 38 4
23 39 5
23 35 4
23 26 2
23 28 4
23 29 4
23 30 3
23 31 5
24 32 1
24 36 2
24 38 4
24 37 1
24 28 4
24 29 2
24 30 2
24 31 1
25 32 4
25 35 2
25 38 5
25 39 5
25 26 2
25 27 3
26 32 4
26 35 1
26 39 3
26 28 3
26 29 4
26 30 3
27 32 1
27 34 2
27 37 1
27 38 3
27 29 5
28 33 3
28 34 4
28 38 5
28 39 4
28 30 4
28 37 4
29 32 1
29 36 5
29 33 5
29 34 2
29 30 1
30 32 5
30 33 4
30 35 3
30 38 2
30 39 2
31 33 5
31 34 3
31 36 4
31 37 4
31 38 4
31 39 1
32 34 4
33 37 3
33 38 1
33 39 1
33 35 3
34 100002 50
34 38 3
34 39 1
34 100003 50
34 36 5
35 100002 50
35 38 2
35 39 1
35 36 3
35 37 5
36 100000 50
36 100003 50
36 100001 50
37 100000 50
37 100004 50
37 39 4
37 100002 50
37 100001 50
38 100004 50
38 100001 50
39 100004 50
39 100003 50
39 100000 50
-2 0 50
-2 1 50
-2 4 50
-5 0 50
-5 4 50
-5 5 50
-4 0 50
-4 4 50
-4 5 50
-3 2 50
-3 3 50
-1 1 50
-1 2 50
