0 2 9
0 34 2
0 37 8
0 6 10
0 7 6
0 45 3
0 44 9
0 13 9
0 46 5
0 47 10
0 49 4
0 20 3
0 24 2
0 39 2
0 5 8
1 33 5
1 2 8
1 35 3
1 36 1
1 5 6
1 12 7
1 10 6
1 44 8
1 13 6
1 14 6
1 15 10
1 21 1
1 23 5
1 28 4
1 31 1
2 3 8
2 4 3
2 5 2
2 6 9
2 40 7
2 41 9
2 42 6
2 13 1
2 47 9
2 18 5
2 22 9
2 15 8
2 10 6
3 48 2
3 34 4
3 8 10
3 9 1
3 11 10
3 15 9
3 16 6
3 49 2
3 18 3
3 19 10
3 41 7
3 24 4
3 26 5
3 27 1
4 32 9
4 36 6
4 49 5
4 7 7
4 41 5
4 10 6
4 43 2
4 46 10
4 15 5
4 16 10
4 17 10
4 28 10
4 42 9
4 30 8
5 36 10
5 38 9
5 6 8
5 33 9
5 39 6
5 13 3
5 48 5
5 22 3
5 24 3
5 27 10
5 30 3
5 31 7
6 9 3
6 10 4
6 11 10
6 34 2
6 49 2
6 19 7
6 21 5
6 24 10
6 26 1
6 28 8
6 29 7
6 30 7
7 34 8
7 35 10
7 39 6
7 12 5
7 46 1
7 16 5
7 17 10
7 18 3
7 20 3
7 22 3
7 27 4
7 28 3
7 31 10
8 32 4
8 36 10
8 37 8
8 41 9
8 42 2
8 11 2
8 44 10
8 48 5
8 49 3
8 22 3
8 25 1
8 27 4
8 28 8
8 10 7
9 16 1
9 37 8
9 40 7
9 42 9
9 43 3
9 14 4
9 48 3
9 49 2
9 18 9
9 35 1
9 20 2
9 46 7
9 11 1
10 32 6
10 37 8
10 38 3
10 41 5
10 12 5
10 13 2
10 49 8
10 21 3
10 22 5
10 23 10
11 34 5
11 38 2
11 14 6
11 47 6
11 49 5
11 18 2
11 19 8
11 40 6
11 23 3
11 24 6
11 26 6
12 34 10
12 27 4
12 33 9
12 44 7
12 13 4
12 46 1
12 47 4
12 18 8
12 24 4
12 26 9
12 15 9
12 42 7
13 35 9
13 36 9
13 42 1
13 47 5
13 48 5
13 19 4
13 23 4
13 24 9
13 28 7
14 35 9
14 36 7
14 33 8
14 17 2
14 40 7
14 42 9
14 45 9
14 15 10
14 49 6
14 23 2
14 30 10
14 31 5
15 35 3
15 37 6
15 39 4
15 41 6
15 46 8
15 19 5
15 22 7
15 25 7
15 27 9
16 32 9
16 34 2
16 38 8
16 40 6
16 45 1
16 46 3
16 48 2
16 17 1
16 19 1
16 30 4
16 31 5
17 48 7
17 41 4
17 42 10
17 44 3
17 47 7
17 19 2
17 20 4
17 24 6
17 27 10
17 28 9
17 31 2
18 36 3
18 43 9
18 45 8
18 20 4
18 23 1
18 25 4
18 27 1
18 39 4
18 31 4
19 37 6
19 39 4
19 41 8
19 42 9
19 44 7
19 47 7
19 24 3
19 28 4
20 33 3
20 43 1
20 38 3
20 32 7
20 44 5
20 45 3
20 46 6
20 25 1
20 28 10
21 32 2
21 33 2
21 39 8
21 40 10
21 43 5
21 46 2
21 48 3
21 22 7
21 23 9
21 29 5
21 30 5
22 36 7
22 39 4
22 40 1
22 25 8
22 26 4
22 29 6
22 30 10
23 39 10
23 40 1
23 44 5
23 25 6
23 26 9
23 29 9
23 31 1
24 34 10
24 38 5
24 46 9
24 47 3
24 30 9
25 33 6
25 35 6
25 43 3
25 45 10
25 47 9
25 48 9
25 26 8
25 29 7
26 34 7
26 35 10
26 38 6
26 42 1
26 45 8
26 46 7
26 31 2
27 33 3
27 37 10
27 41 1
27 45 8
27 46 6
27 35 3
28 32 6
28 36 7
28 45 7
28 29 8
28 31 7
29 35 1
29 36 4
29 37 5
29 41 2
29 42 2
29 45 10
29 47 4
29 30 4
30 37 3
30 40 2
30 48 9
30 49 1
30 31 2
31 38 8
31 44 7
31 47 9
32 33 3
32 35 8
32 37 1
32 38 8
32 48 2
32 42 10
32 47 2
33 36 3
33 37 8
33 39 1
33 43 4
33 45 7
34 38 10
34 40 3
34 41 1
34 39 3
34 46 5
35 36 10
35 43 2
35 45 8
36 38 1
36 44 3
37 38 10
37 49 10
37 40 2
38 43 7
38 39 1
39 40 7
39 45 6
40 43 2
40 41 7
41 49 6
41 44 2
42 43 5
42 48 2
43 44 4
43 47 3
43 48 7
44 100002 100
44 49 7
44 48 10
44 100000 100
45 49 10
45 100003 100
45 100001 100
46 47 5
46 100004 100
47 100001 100
47 100003 100
48 100000 100
48 100002 100
48 100004 100
48 100003 100
49 100000 100
49 100001 100
-2 0 100
-2 2 100
-2 5 100
-5 0 100
-5 1 100
-5 4 100
-4 1 100
-4 2 100
-4 5 100
-3 0 100
-3 4 100
-3 5 100
-1 1 100
-1 4 100
