0 32 5
0 1 4
0 2 1
0 3 4
0 4 1
0 5 5
0 6 4
0 8 2
0 9 3
0 10 5
0 11 1
0 12 5
0 13 1
0 14 3
0 16 1
0 17 4
0 18 5
0 19 4
0 27 3
0 31 3
1 2 2
1 3 1
1 4 2
1 5 5
1 6 5
1 39 2
1 9 5
1 10 4
1 11 5
1 13 1
1 14 3
1 15 5
1 16 4
1 17 4
1 18 1
1 19 1
1 24 4
1 7 2
1 30 2
2 3 2
2 4 5
2 5 5
2 6 2
2 7 1
2 8 1
2 9 5
2 11 1
2 12 2
2 13 3
2 14 4
2 15 3
2 16 1
2 18 2
2 19 5
2 21 2
2 22 2
2 25 3
3 33 5
3 34 4
3 4 5
3 5 5
3 6 3
3 8 4
3 9 1
3 10 3
3 11 3
3 12 1
3 14 5
3 15 5
3 16 5
3 17 4
3 21 1
3 25 5
3 13 1
4 5 5
4 38 1
4 39 4
4 8 4
4 9 4
4 10 2
4 11 3
4 15 1
4 16 1
4 17 3
4 18 5
4 19 2
4 20 2
4 24 1
4 7 5
4 6 4
5 36 2
5 37 4
5 7 2
5 8 4
5 9 3
5 10 2
5 12 4
5 13 4
5 14 5
5 15 1
5 16 3
5 17 3
5 18 3
5 19 1
5 26 3
6 33 3
6 34 2
6 36 3
6 8 5
6 10 2
6 12 5
6 13 5
6 14 4
6 16 2
6 17 2
6 18 3
6 19 3
6 11 3
6 28 2
6 30 4
7 34 5
7 35 2
7 38 2
7 39 3
7 8 5
7 9 1
7 10 5
7 11 5
7 12 5
7 14 5
7 17 4
7 18 5
7 19 3
7 20 3
7 24 3
7 30 4
8 37 4
8 9 1
8 10 4
8 11 5
8 14 5
8 16 2
8 17 4
8 18 3
8 19 2
8 23 2
8 25 2
8 26 3
8 28 2
9 11 3
9 12 1
9 13 1
9 14 2
9 15 2
9 16 4
9 17 3
9 18 2
9 19 2
9 23 1
9 27 1
9 29 5
10 34 3
10 11 3
10 12 1
10 13 5
10 14 3
10 15 4
10 16 2
10 17 5
10 18 3
10 19 3
10 27 2
10 29 2
11 12 4
11 13 3
11 14 1
11 16 1
11 17 1
11 18 1
11 19 5
11 22 2
11 23 5
11 31 2
12 33 2
12 37 2
12 13 5
12 14 5
12 15 1
12 16 4
12 17 2
12 18 2
12 19 4
12 39 4
12 38 2
13 35 3
13 14 1
13 15 1
13 16 4
13 17 1
13 18 1
13 19 2
13 20 1
13 22 1
13 24 5
14 15 4
14 16 2
14 17 4
14 18 1
14 19 3
14 26 2
14 29 4
15 32 1
15 38 5
15 16 5
15 34 4
15 19 2
15 21 5
15 22 2
15 26 5
15 28 3
15 31 2
16 33 5
16 17 2
16 18 5
16 19 3
16 21 2
17 33 1
17 36 1
17 19 4
17 20 3
17 25 4
18 19 2
18 21 2
18 23 1
18 29 5
18 37 3
19 37 2
19 27 5
20 24 1
20 36 2
21 30 3
22 25 1
22 28 3
23 32 1
23 24 4
24 34 3
25 38 3
26 32 1
26 27 3
27 35 3
28 34 4
28 39 5
29 35 4
29 30 5
30 39 1
31 32 5
31 37 2
31 38 1
32 36 1
33 35 5
34 100003 50
35 100000 50
35 100002 50
35 100003 50
35 36 4
35 100004 50
36 100000 50
36 100001 50
37 38 2
38 100001 50
38 100002 50
38 100004 50
39 100000 50
-2 3 50
-2 4 50
-2 5 50
-5 2 50
-5 3 50
-4 1 50
-4 5 50
-3 2 50
-3 3 50
-3 5 50
-1 0 50
-1 2 50
-1 3 50
