0 32 2
0 1 5
0 3 2
0 48 2
0 38 2
0 33 3
0 40 4
0 44 1
0 10 1
0 12 2
0 14 5
0 47 5
0 16 4
0 23 3
0 36 4
0 26 4
0 42 1
0 30 4
1 2 3
1 4 4
1 5 5
1 6 3
1 40 1
1 9 4
1 43 4
1 12 1
1 45 2
1 14 2
1 13 2
1 16 1
1 17 2
1 19 4
1 21 4
1 24 1
1 31 2
2 16 3
2 35 2
2 4 5
2 5 4
2 8 2
2 42 5
2 43 5
2 45 3
2 14 1
2 15 1
2 48 4
2 3 2
2 20 5
2 22 1
2 25 1
2 28 2
2 29 5
3 32 1
3 36 1
3 38 2
3 7 1
3 40 1
3 9 4
3 39 1
3 13 5
3 14 5
3 8 5
3 19 2
3 17 4
3 46 4
3 25 4
3 27 4
3 31 1
4 48 5
4 35 2
4 5 2
4 6 5
4 9 3
4 10 5
4 11 5
4 13 2
4 14 3
4 15 3
4 16 2
4 17 5
4 18 1
4 19 4
4 46 5
4 43 4
5 33 1
5 43 3
5 8 5
5 11 2
5 13 2
5 46 4
5 15 2
5 16 2
5 17 1
5 18 1
5 19 5
5 7 4
5 25 2
5 26 1
5 27 5
6 33 5
6 34 4
6 35 2
6 38 5
6 7 1
6 40 1
6 41 2
6 11 3
6 44 3
6 46 5
6 47 3
6 48 4
6 12 1
6 24 4
6 26 1
6 28 5
7 17 3
7 37 5
7 39 3
7 8 1
7 10 5
7 43 1
7 15 2
7 16 2
7 40 1
7 22 4
7 23 5
7 24 4
7 25 3
7 47 2
7 28 2
8 16 2
8 41 1
8 34 3
8 14 2
8 48 4
8 19 1
8 20 1
8 21 1
8 24 3
8 26 4
8 27 1
8 28 3
8 30 2
8 31 1
9 32 3
9 36 1
9 40 3
9 41 1
9 10 4
9 12 4
9 13 3
9 47 4
9 16 4
9 18 3
9 35 4
9 21 3
9 22 1
9 15 4
9 42 1
10 33 5
10 43 4
10 19 4
10 32 3
10 39 3
10 13 3
10 14 4
10 48 5
10 18 4
10 35 1
10 41 2
10 23 1
10 36 2
10 29 5
11 16 1
11 34 4
11 38 2
11 39 5
11 40 2
11 12 4
11 42 1
11 44 3
11 15 2
11 48 1
11 22 5
11 23 2
11 24 1
11 33 5
11 30 2
12 36 4
12 37 2
12 38 1
12 40 3
12 42 1
12 13 1
12 15 1
12 49 4
12 18 3
12 24 4
12 28 4
12 29 4
12 31 2
13 44 4
13 15 4
13 16 4
13 49 2
13 19 5
13 41 3
13 23 3
13 25 5
13 29 3
13 30 2
13 37 3
14 42 5
14 43 3
14 45 1
14 46 1
14 47 5
14 48 2
14 17 4
14 19 1
14 36 4
14 27 3
14 29 4
15 32 2
15 37 1
15 42 4
15 18 2
15 19 5
15 21 3
15 39 1
15 26 2
15 29 2
15 31 2
16 36 5
16 40 1
16 39 4
16 17 5
16 18 4
16 49 5
16 30 3
16 31 5
17 48 3
17 38 1
17 45 4
17 46 5
17 19 2
17 22 3
17 23 2
17 25 4
17 33 5
17 28 1
17 21 5
18 35 4
18 40 3
18 41 5
18 43 5
18 47 1
18 49 1
18 21 2
18 22 2
18 25 2
18 28 5
18 42 1
19 32 5
19 33 3
19 27 1
19 44 3
19 47 5
19 22 3
19 25 5
19 30 3
20 36 5
20 37 1
20 44 2
20 34 3
20 45 3
20 49 5
20 21 5
20 23 1
20 25 1
20 26 4
21 34 5
21 42 1
21 43 2
21 49 1
21 28 3
22 37 5
22 40 3
22 42 3
22 29 1
22 30 4
23 33 4
23 35 3
23 47 1
23 48 2
23 27 2
24 36 3
24 49 1
24 27 5
24 28 1
24 30 3
24 31 4
25 35 3
25 48 5
25 29 5
26 34 4
26 35 3
26 38 1
26 44 4
26 45 3
26 28 4
27 32 1
27 35 3
27 37 1
27 39 5
27 45 1
28 45 2
28 30 3
29 45 4
29 37 5
29 44 3
29 31 2
30 32 4
30 34 1
30 37 3
31 38 4
31 39 1
31 41 4
31 46 4
32 34 5
32 38 4
32 39 1
32 43 1
33 39 1
33 44 5
33 46 5
33 47 5
34 38 2
34 41 1
34 47 2
34 49 2
35 41 3
35 44 2
36 45 4
36 46 5
36 49 2
37 39 4
37 42 1
37 49 1
38 44 3
38 45 1
39 47 3
40 41 1
41 46 3
41 47 4
42 49 5
43 44 5
43 49 4
44 46 4
45 100003 50
45 100001 50
45 46 3
46 100000 50
46 100002 50
46 100001 50
46 48 1
46 100003 50
46 100004 50
47 100002 50
47 100000 50
48 100000 50
48 100003 50
48 100004 50
49 100001 50
49 100002 50
49 100004 50
-2 2 50
-2 3 50
-2 5 50
-5 0 50
-5 3 50
-5 4 50
-4 0 50
-4 1 50
-4 5 50
-3 1 50
-3 3 50
-3 5 50
-1 0 50
-1 2 50
-1 4 50
