0 1 4
0 2 5
0 3 2
0 37 5
0 38 1
0 7 1
0 40 4
0 9 3
0 11 3
0 12 5
0 34 4
0 15 2
0 16 3
0 18 3
0 19 4
0 22 2
0 28 5
0 30 3
1 32 1
1 2 1
1 35 1
1 4 4
1 12 3
1 42 3
1 11 3
1 44 4
1 46 5
1 16 2
1 17 5
1 18 5
1 25 4
1 26 4
1 27 4
1 28 4
1 10 5
2 3 2
2 4 4
2 6 3
2 7 4
2 8 5
2 9 3
2 10 2
2 43 5
2 13 5
2 14 5
2 47 1
2 16 4
2 49 4
2 11 5
2 26 3
2 15 2
3 16 5
3 35 4
3 4 3
3 6 3
3 17 5
3 9 3
3 10 3
3 11 1
3 13 1
3 14 2
3 47 5
3 48 5
3 34 1
3 20 5
3 21 4
3 15 5
4 36 4
4 5 5
4 6 4
4 40 5
4 9 2
4 13 3
4 46 4
4 15 5
4 16 5
4 17 3
4 18 4
4 19 5
4 29 2
4 30 2
4 31 1
5 34 3
5 6 2
5 40 2
5 9 1
5 42 4
5 11 3
5 12 5
5 13 1
5 14 4
5 15 1
5 16 1
5 17 4
5 18 5
5 20 5
5 8 1
5 28 5
5 29 5
6 34 1
6 8 1
6 9 1
6 43 5
6 12 3
6 45 3
6 14 5
6 48 1
6 17 1
6 18 4
6 24 4
6 25 1
6 26 5
6 27 4
7 33 2
7 45 2
7 25 4
7 48 2
7 8 3
7 11 4
7 13 5
7 46 4
7 47 4
7 16 5
7 17 3
7 18 3
7 40 1
7 23 4
7 39 4
7 28 5
8 37 2
8 9 5
8 10 1
8 11 2
8 12 3
8 13 1
8 14 4
8 17 1
8 18 1
8 19 1
8 20 1
8 22 1
8 24 1
8 28 3
9 16 2
9 39 2
9 10 1
9 15 3
9 48 2
9 49 2
9 19 2
9 21 5
9 25 1
9 27 2
9 42 2
10 19 1
10 33 2
10 27 3
10 43 4
10 13 2
10 14 4
10 45 4
10 11 4
10 17 2
10 18 5
10 41 5
10 25 5
10 47 3
11 35 5
11 12 3
11 14 5
11 15 5
11 17 4
11 18 2
11 19 4
11 21 5
11 28 3
11 31 3
12 32 4
12 36 4
12 38 1
12 31 3
12 42 2
12 13 2
12 45 2
12 14 3
12 15 4
12 18 1
12 19 3
12 27 5
13 33 1
13 34 5
13 38 5
13 47 1
13 40 4
13 19 4
13 17 5
13 15 1
13 30 4
13 31 4
14 37 5
14 49 1
14 40 1
14 15 5
14 16 1
14 18 4
14 19 5
14 21 1
14 22 4
14 23 4
15 33 3
15 38 4
15 42 5
15 44 2
15 49 2
15 18 3
15 26 4
15 31 1
16 35 2
16 37 2
16 39 2
16 47 1
16 43 5
16 21 1
16 36 4
16 29 1
16 30 4
17 34 1
17 38 2
17 45 3
17 18 4
17 20 5
17 22 1
17 24 4
17 28 1
18 35 1
18 40 1
18 42 1
18 22 2
18 39 5
19 43 1
19 44 2
19 49 1
19 23 2
19 36 5
19 27 3
19 28 2
19 29 4
19 31 1
20 33 3
20 37 5
20 43 1
20 35 3
20 21 2
20 31 1
21 35 4
21 41 1
21 49 2
21 29 2
22 32 3
22 43 3
22 48 3
22 24 2
22 30 1
23 34 3
23 44 3
23 47 3
23 49 4
23 25 5
23 29 3
23 30 4
24 34 4
24 37 2
24 45 4
24 46 1
24 26 2
24 31 4
25 34 3
25 44 4
25 48 5
25 26 1
26 37 5
26 44 5
26 46 1
26 27 5
27 36 4
27 37 4
27 42 3
28 44 4
28 45 4
29 34 5
29 36 2
29 38 5
29 45 5
30 38 4
30 39 4
30 41 5
30 43 2
31 46 1
31 48 3
32 37 4
32 38 3
32 33 4
32 41 4
32 39 1
32 46 4
32 47 5
33 35 4
33 41 3
33 47 1
33 49 1
34 49 4
35 40 1
35 41 3
36 39 4
36 42 1
36 44 2
36 48 3
37 41 4
38 45 5
38 46 2
39 48 1
39 45 2
39 49 5
40 44 4
40 47 4
41 43 3
41 46 3
41 49 4
42 43 3
42 46 2
43 44 5
44 100004 50
44 48 2
45 100000 50
45 100002 50
45 100003 50
45 100004 50
46 100003 50
46 100001 50
46 100000 50
47 48 2
48 100002 50
48 100003 50
49 100004 50
49 100002 50
49 100001 50
-2 1 50
-2 2 50
-2 4 50
-5 1 50
-5 2 50
-4 2 50
-4 4 50
-3 0 50
-3 3 50
-3 5 50
-1 1 50
-1 4 50
-1 5 50
