0 1 7
0 2 4
0 3 4
0 4 4
0 5 10
0 6 7
0 7 8
0 8 10
0 9 4
0 11 3
0 12 2
0 13 8
0 14 1
0 15 7
0 17 6
0 18 5
0 19 9
0 22 10
0 23 7
0 34 6
0 35 3
0 38 3
0 45 1
0 46 2
1 2 2
1 3 10
1 4 10
1 5 10
1 6 1
1 7 7
1 8 8
1 9 5
1 10 7
1 11 2
1 12 1
1 13 4
1 14 5
1 15 6
1 16 8
1 17 9
1 18 1
1 19 10
1 24 2
1 30 9
1 33 7
1 35 4
1 49 9
2 4 8
2 5 4
2 6 8
2 7 8
2 8 10
2 9 8
2 10 5
2 11 6
2 12 4
2 13 2
2 14 8
2 15 3
2 16 5
2 17 1
2 18 4
2 19 9
2 26 6
2 34 9
2 37 4
2 41 10
2 47 3
2 49 9
3 4 4
3 5 8
3 7 8
3 9 5
3 10 2
3 11 8
3 12 2
3 13 7
3 14 5
3 16 5
3 18 9
3 20 6
3 21 10
3 24 7
3 28 3
3 29 10
3 38 3
3 40 2
3 42 10
3 46 8
3 48 3
3 49 10
4 5 5
4 6 2
4 7 6
4 8 5
4 9 9
4 10 9
4 11 8
4 13 4
4 14 7
4 15 10
4 17 10
4 18 8
4 19 10
4 21 9
4 28 10
4 36 1
4 37 7
4 39 7
4 41 2
4 43 7
5 6 3
5 7 10
5 8 8
5 9 10
5 10 8
5 11 9
5 12 7
5 13 10
5 14 10
5 15 10
5 16 2
5 17 3
5 18 7
5 19 3
5 31 9
5 32 7
5 33 10
5 37 5
5 39 6
6 7 1
6 8 6
6 9 3
6 10 7
6 12 2
6 13 1
6 14 6
6 15 7
6 16 8
6 17 8
6 18 7
6 19 4
6 22 6
6 29 5
6 32 5
6 34 4
6 35 4
6 36 8
6 41 4
7 8 8
7 9 8
7 10 8
7 11 6
7 12 1
7 14 5
7 15 8
7 16 1
7 17 6
7 18 1
7 19 7
7 22 1
7 26 1
7 39 10
7 41 1
7 44 2
7 46 4
8 10 9
8 11 3
8 12 10
8 13 2
8 14 4
8 16 5
8 17 4
8 18 5
8 19 8
8 20 8
8 27 6
8 28 7
8 34 8
8 39 3
8 44 1
8 46 5
8 49 10
9 11 10
9 12 5
9 13 9
9 14 6
9 15 1
9 16 6
9 17 5
9 19 10
9 20 2
9 23 10
9 27 9
9 28 7
9 31 4
9 35 10
9 48 2
9 49 5
10 11 4
10 12 9
10 13 9
10 14 8
10 15 7
10 16 7
10 17 4
10 18 10
10 19 5
10 20 10
10 22 3
10 25 8
10 33 6
10 35 9
10 37 4
10 38 8
11 12 7
11 13 1
11 14 10
11 15 1
11 16 9
11 18 7
11 19 10
11 22 9
11 24 3
11 27 8
11 34 3
11 38 3
11 40 9
11 41 9
12 13 7
12 14 3
12 15 3
12 16 2
12 17 2
12 18 7
12 19 8
12 22 2
12 24 6
12 25 4
12 28 2
12 46 1
12 48 6
13 14 9
13 15 10
13 16 9
13 17 9
13 18 2
13 20 9
13 21 1
13 23 5
13 31 3
13 37 8
13 38 1
13 39 7
14 15 6
14 16 5
14 17 4
14 18 5
14 19 6
14 24 6
14 28 1
14 37 3
14 44 10
14 48 8
15 16 8
15 17 5
15 18 2
15 19 2
15 25 9
15 29 7
15 30 1
15 32 2
15 40 1
15 43 4
15 49 3
16 17 4
16 18 3
16 19 6
16 23 8
16 27 1
16 28 6
16 36 9
16 45 6
16 47 10
16 49 5
17 18 6
17 19 7
17 27 1
17 30 2
17 37 10
17 39 2
17 41 10
17 42 2
17 45 1
18 19 1
18 20 9
18 21 3
18 27 5
18 33 5
18 43 8
18 47 9
19 21 7
19 23 2
19 33 7
19 36 4
19 38 1
19 44 5
19 46 5
20 42 8
20 21 3
21 39 4
21 30 4
22 47 10
22 26 9
23 40 4
23 42 10
23 30 5
24 34 6
24 41 2
24 43 2
25 36 10
25 37 8
25 43 4
25 48 9
25 27 4
26 36 4
26 43 4
26 44 6
26 47 5
26 30 4
27 48 7
28 39 8
29 33 8
29 34 3
29 45 1
29 46 8
29 49 2
30 44 1
30 45 10
31 32 8
31 36 10
31 38 9
31 40 2
31 43 9
32 33 7
32 34 4
32 43 8
32 44 3
33 42 6
34 44 8
35 40 3
35 42 8
35 45 9
36 38 2
37 43 2
38 40 2
39 40 1
40 41 9
40 48 1
41 43 7
42 44 2
42 45 5
43 46 6
44 100002 100
44 100003 100
44 100004 100
45 100001 100
45 100004 100
45 47 2
46 100000 100
46 100002 100
46 47 3
46 100003 100
46 100001 100
47 48 6
48 100000 100
48 100003 100
49 100000 100
49 100004 100
49 100001 100
-2 0 100
-2 4 100
-5 0 100
-5 3 100
-5 4 100
-4 0 100
-4 4 100
-3 3 100
-3 5 100
-1 0 100
-1 2 100
-1 3 100
