0 32 4
0 33 8
0 6 7
0 39 8
0 9 8
0 7 1
0 17 1
0 19 5
0 25 5
0 26 10
0 31 3
1 32 2
1 33 4
1 34 7
1 35 5
1 36 10
1 7 7
1 15 8
1 17 9
1 21 5
1 4 2
1 29 5
2 3 7
2 5 2
2 16 8
2 18 5
2 20 2
2 21 7
2 23 10
2 25 4
2 27 6
2 29 4
2 37 10
3 33 4
3 34 10
3 39 8
3 8 6
3 2 1
3 17 2
3 20 5
3 23 3
3 27 5
3 28 10
3 31 4
4 34 8
4 35 1
4 36 2
4 6 7
4 33 6
4 12 6
4 14 7
4 22 5
4 25 9
4 31 5
5 35 6
5 6 3
5 9 2
5 10 3
5 13 10
5 14 1
5 15 4
5 21 3
5 25 7
5 26 1
6 7 9
6 18 5
6 20 5
6 21 7
6 22 7
6 24 6
6 28 1
6 37 5
7 36 9
7 38 2
7 10 6
7 17 9
7 21 6
7 23 8
7 27 6
7 37 3
8 19 4
8 3 7
8 38 6
8 9 8
8 10 6
8 15 4
8 17 9
8 18 2
8 35 7
8 29 7
8 30 9
9 36 1
9 5 9
9 8 1
9 12 8
9 13 7
9 16 4
9 18 1
9 21 4
9 26 6
9 27 7
10 32 8
10 34 8
10 35 3
10 11 5
10 13 1
10 21 5
10 26 5
10 29 4
11 32 9
11 34 3
11 38 7
11 20 5
11 22 7
11 23 10
11 24 5
11 25 7
11 27 4
11 30 9
12 35 10
12 4 2
12 37 10
12 9 5
12 15 10
12 17 9
12 25 10
12 27 5
12 36 6
12 29 2
12 31 4
13 32 6
13 34 2
13 5 3
13 39 4
13 9 1
13 10 2
13 17 6
13 18 2
13 22 10
13 37 8
13 31 6
14 32 5
14 37 4
14 15 1
14 19 6
14 21 10
14 22 5
14 24 5
14 36 3
14 28 3
14 5 2
15 34 3
15 36 5
15 5 4
15 8 8
15 12 5
15 14 9
15 16 4
15 24 2
15 25 2
15 28 8
16 36 9
16 38 9
16 9 4
16 15 5
16 18 7
16 22 4
16 25 10
16 27 7
16 28 6
16 30 5
17 1 3
17 3 8
17 7 5
17 8 10
17 12 9
17 13 6
17 19 2
17 22 1
17 27 5
17 31 1
18 37 2
18 6 3
18 8 9
18 9 2
18 13 2
18 16 3
18 20 10
18 21 2
18 24 8
18 26 7
19 32 5
19 39 1
19 20 6
19 22 4
19 24 2
19 25 5
19 30 2
20 32 3
20 33 5
20 36 10
20 37 4
20 6 4
20 11 5
20 18 7
20 19 2
20 21 5
20 23 7
20 24 7
20 26 1
20 29 8
21 1 1
21 2 5
21 5 2
21 6 9
21 7 5
21 9 8
21 10 9
21 14 3
21 18 4
21 20 10
21 22 2
21 23 3
21 27 3
21 28 3
21 31 6
22 33 2
22 4 10
22 6 4
22 38 1
22 39 10
22 11 7
22 13 5
22 14 8
22 16 7
22 17 2
22 19 1
22 21 1
22 36 2
22 26 2
22 30 6
23 33 7
23 2 8
23 3 4
23 38 3
23 39 9
23 11 4
23 35 6
23 20 5
23 21 9
23 7 4
23 26 8
23 28 8
23 29 4
23 30 6
23 31 5
24 32 8
24 36 4
24 38 4
24 11 10
24 14 7
24 15 2
24 18 2
24 19 8
24 20 10
24 37 9
24 28 9
24 29 5
24 30 10
24 31 1
25 32 3
25 2 1
25 35 2
25 4 4
25 5 3
25 38 3
25 39 4
25 11 10
25 12 2
25 15 8
25 16 9
25 19 4
25 26 3
25 27 1
26 32 2
26 35 6
26 5 3
26 39 5
26 9 8
26 10 7
26 18 6
26 20 10
26 22 6
26 23 6
26 25 5
26 28 9
26 29 4
26 30 2
27 32 6
27 34 6
27 37 10
27 38 2
27 7 3
27 9 1
27 11 3
27 12 2
27 2 9
27 16 1
27 17 3
27 21 8
27 25 1
27 29 3
28 33 8
28 34 1
28 3 2
28 6 3
28 38 6
28 39 2
28 14 7
28 15 1
28 16 9
28 21 3
28 23 6
28 24 9
28 26 9
28 30 9
28 37 9
29 32 3
29 2 7
29 36 4
29 33 10
29 8 3
29 10 4
29 12 4
29 34 10
29 20 3
29 23 3
29 24 7
29 26 1
29 27 1
29 30 9
30 32 7
30 33 3
30 35 9
30 38 2
30 39 9
30 8 10
30 11 3
30 16 9
30 19 4
30 22 9
30 23 2
30 24 6
30 26 6
30 28 2
30 29 2
31 33 5
31 34 7
31 3 5
31 36 2
31 37 10
31 38 1
31 39 5
31 12 7
31 13 4
31 17 6
31 21 7
31 23 7
31 24 9
31 4 3
32 34 10
33 37 9
33 38 4
33 39 3
33 35 2
34 38 1
34 39 3
34 100000 100
34 36 8
35 100002 100
35 38 9
35 39 4
35 100001 100
35 36 1
35 37 5
36 100003 100
36 100001 100
37 100004 100
37 39 10
38 100000 100
38 100004 100
38 100001 100
38 100003 100
39 100003 100
-2 1 100
-2 2 100
-2 5 100
-5 1 100
-5 2 100
-5 5 100
-4 3 100
-4 4 100
-3 2 100
-3 3 100
-1 1 100
-1 3 100
-1 5 100
