0 34 10
0 3 5
0 4 9
0 37 1
0 6 8
0 7 2
0 8 2
0 10 3
0 2 3
0 12 1
0 13 4
0 46 7
0 45 2
0 16 3
0 17 2
0 18 10
0 19 9
0 14 10
0 25 9
0 30 8
0 5 9
1 2 10
1 3 1
1 5 5
1 6 1
1 7 6
1 8 10
1 9 7
1 10 6
1 11 2
1 13 4
1 15 2
1 48 7
1 17 8
1 18 1
1 19 2
1 20 6
1 21 4
1 23 4
1 26 3
1 28 2
1 30 10
2 32 2
2 3 4
2 4 3
2 6 3
2 38 9
2 7 8
2 8 6
2 9 6
2 11 5
2 12 6
2 46 3
2 15 5
2 48 3
2 18 7
2 19 9
2 20 8
2 14 5
2 25 7
2 0 2
2 5 2
3 11 1
3 36 9
3 5 4
3 6 1
3 7 3
3 8 10
3 9 6
3 10 6
3 43 2
3 13 10
3 14 3
3 15 6
3 16 9
3 18 5
3 19 6
3 20 7
3 4 2
3 26 9
4 16 1
4 2 9
4 3 9
4 36 6
4 5 6
4 38 8
4 7 6
4 8 8
4 9 4
4 10 8
4 11 10
4 12 8
4 46 8
4 15 7
4 48 10
4 18 5
4 19 6
4 14 2
4 26 7
4 30 3
5 3 1
5 4 9
5 6 1
5 7 4
5 8 9
5 9 8
5 42 4
5 43 5
5 44 1
5 13 7
5 10 8
5 15 1
5 16 4
5 18 6
5 19 10
5 20 6
5 27 3
5 29 6
6 32 2
6 1 9
6 2 3
6 3 2
6 5 5
6 0 8
6 8 7
6 9 7
6 42 6
6 12 7
6 15 10
6 47 5
6 48 9
6 17 2
6 18 1
6 14 6
6 24 5
6 27 2
6 29 2
6 30 10
6 16 2
7 32 10
7 33 7
7 2 6
7 3 4
7 4 1
7 5 3
7 0 5
7 1 8
7 40 8
7 9 9
7 10 8
7 44 5
7 45 2
7 12 5
7 47 8
7 16 3
7 17 7
7 19 8
7 20 5
7 25 5
7 15 10
8 19 5
8 1 3
8 2 10
8 35 8
8 4 8
8 5 5
8 6 6
8 17 5
8 9 5
8 10 8
8 44 8
8 13 3
8 14 4
8 15 9
8 16 10
8 49 10
8 3 10
8 21 2
8 41 7
8 24 10
8 0 1
9 4 2
9 5 9
9 6 9
9 39 9
9 8 9
9 12 3
9 7 5
9 13 9
9 45 7
9 15 2
9 16 1
9 49 1
9 19 3
9 20 7
9 17 4
9 23 10
9 27 4
9 29 5
10 11 9
10 17 9
10 37 8
10 3 7
10 39 5
10 8 2
10 7 4
10 13 4
10 14 5
10 16 4
10 49 2
10 18 8
10 19 8
10 4 4
10 24 1
10 25 4
10 27 10
10 30 5
10 5 4
11 32 3
11 16 3
11 2 4
11 3 10
11 4 6
11 33 4
11 1 1
11 10 6
11 42 4
11 12 10
11 34 1
11 14 5
11 15 3
11 48 1
11 17 8
11 18 7
11 19 7
11 21 5
11 22 7
11 27 3
11 29 3
12 32 6
12 33 2
12 34 6
12 4 1
12 6 9
12 17 5
12 9 3
12 42 9
12 11 7
12 2 7
12 14 6
12 16 10
12 49 2
12 18 6
12 19 9
12 20 1
12 22 2
12 7 8
12 28 4
12 29 9
12 0 5
13 33 1
13 3 2
13 5 10
13 38 1
13 1 7
13 8 7
13 9 10
13 10 4
13 43 9
13 16 10
13 46 7
13 15 6
13 48 3
13 17 2
13 14 8
13 21 6
13 23 9
13 25 8
13 19 2
13 31 9
14 36 4
14 37 5
14 38 8
14 40 2
14 10 7
14 11 4
14 12 2
14 13 2
14 15 5
14 16 1
14 17 6
14 18 4
14 19 4
14 20 9
14 8 6
14 4 5
14 6 9
14 30 1
15 3 10
15 4 4
15 5 10
15 6 3
15 7 8
15 8 10
15 9 8
15 11 5
15 13 2
15 14 5
15 34 5
15 16 5
15 40 3
15 19 2
15 17 5
15 22 10
15 45 5
15 25 7
15 28 10
16 36 1
16 37 5
16 6 4
16 39 1
16 8 10
16 9 3
16 10 3
16 11 9
16 12 7
16 13 3
16 14 3
16 15 7
16 17 6
16 18 3
16 19 6
16 41 2
16 7 7
16 4 5
16 5 8
17 37 1
17 6 10
17 48 5
17 8 9
17 41 3
17 42 10
17 11 7
17 12 9
17 45 7
17 14 6
17 13 9
17 16 5
17 18 9
17 19 10
17 21 10
17 9 8
17 7 7
17 15 10
17 10 2
18 34 8
18 35 5
18 5 4
18 38 4
18 10 4
18 43 9
18 12 10
18 2 5
18 14 9
18 11 4
18 17 5
18 19 8
18 23 5
18 3 5
18 6 3
18 27 5
18 16 4
18 31 4
19 35 10
19 5 8
19 7 6
19 8 6
19 41 6
19 10 3
19 11 1
19 12 4
19 13 2
19 14 5
19 15 8
19 16 3
19 17 2
19 18 9
19 3 5
19 9 7
19 23 5
20 1 8
20 2 7
20 3 1
20 5 4
20 7 9
20 9 7
20 12 7
20 14 7
21 8 1
21 11 3
21 13 1
21 47 1
21 17 5
21 22 10
21 27 9
22 32 3
22 35 2
22 39 4
22 11 9
22 12 9
22 15 4
22 21 7
22 28 8
23 36 5
23 9 7
23 13 9
23 47 9
23 18 7
23 19 5
23 29 10
24 35 8
24 6 5
24 39 2
24 8 4
24 10 2
24 43 4
24 28 3
24 42 2
25 2 8
25 35 3
25 7 6
25 10 8
25 39 7
25 13 10
25 15 4
26 4 10
26 43 7
26 45 1
26 46 2
26 27 8
26 28 10
27 5 2
27 6 8
27 9 2
27 10 4
27 11 7
27 18 6
27 21 5
27 26 10
28 44 8
28 12 1
28 15 6
28 22 10
28 24 4
28 26 7
28 31 2
29 5 7
29 6 4
29 39 5
29 40 9
29 9 4
29 11 1
29 12 4
29 23 8
30 4 5
30 6 6
30 32 5
30 10 1
30 14 5
30 49 1
31 33 4
31 36 3
31 42 2
31 44 7
31 13 5
31 49 7
31 18 7
31 28 1
32 41 2
33 35 4
33 40 5
33 11 10
33 12 10
33 13 5
33 49 10
33 31 8
34 38 10
34 46 2
34 47 2
35 44 5
36 41 9
36 47 5
37 38 8
37 47 8
37 49 2
38 47 9
39 10 10
39 46 2
39 16 9
39 22 6
39 24 1
39 25 7
39 29 3
40 43 4
40 45 9
40 14 10
40 15 1
40 48 7
40 29 7
41 42 1
41 44 3
42 46 1
43 46 5
43 24 1
43 26 1
44 100000 100
44 45 2
44 100003 100
45 100002 100
46 47 4
47 100000 100
47 100001 100
47 100003 100
47 100002 100
47 100004 100
48 100000 100
48 1 6
48 2 2
48 4 9
48 6 10
48 100001 100
48 40 2
48 11 2
48 13 10
48 17 6
-2 0 100
-2 3 100
-5 1 100
-5 2 100
-5 5 100
-4 3 100
-4 5 100
-3 0 100
-3 1 100
-1 1 100
-1 3 100
-1 4 100
